0	0	0	0
1	-0.5	0	-2.90097
1	-0.5	1	-2.62349
1	-0.5	2	-2.22252
1	-0.5	3	-1.77748
1	-0.5	4	-1.37651
1	-0.5	5	-1.09903
1	0.5	0	-2.90097
1	0.5	1	-2.62349
1	0.5	2	-2.22252
1	0.5	3	-1.77748
1	0.5	4	-1.37651
1	0.5	5	-1.09903
2	-1	0	-5.52446
2	-1	1	-5.12349
2	-1	2	-4.84601
2	-1	3	-4.67845
2	-1	4	-4.40097
2	-1	5	-4.27748
2	-1	6	-4
2	-1	7	-4
2	-1	8	-4
2	-1	9	-3.72252
2	-1	10	-3.59903
2	-1	11	-3.32155
2	-1	12	-3.15399
2	-1	13	-2.87651
2	-1	14	-2.47554
2	0	0	-5.57632
2	0	1	-5.52446
2	0	2	-5.19942
2	0	3	-5.12349
2	0	4	-4.94741
2	0	5	-4.84601
2	0	6	-4.7573
2	0	7	-4.67845
2	0	8	-4.50509
2	0	9	-4.40097
2	0	10	-4.33476
2	0	11	-4.27748
2	0	12	-4.12608
2	0	13	-4.0834
2	0	14	-4.02668
2	0	15	-4
2	0	16	-4
2	0	17	-4
2	0	18	-3.77669
2	0	19	-3.72252
2	0	20	-3.70513
2	0	21	-3.59903
2	0	22	-3.39963
2	0	23	-3.32155
2	0	24	-3.26276
2	0	25	-3.15399
2	0	26	-2.95748
2	0	27	-2.87651
2	0	28	-2.53507
2	0	29	-2.47554
2	0	30	6.84417e-16
2	0	31	0.0332695
2	0	32	0.122204
2	0	33	0.24035
2	0	34	0.356374
2	0	35	0.441026
2	1	0	-5.52446
2	1	1	-5.12349
2	1	2	-4.84601
2	1	3	-4.67845
2	1	4	-4.40097
2	1	5	-4.27748
2	1	6	-4
2	1	7	-4
2	1	8	-4
2	1	9	-3.72252
2	1	10	-3.59903
2	1	11	-3.32155
2	1	12	-3.15399
2	1	13	-2.87651
2	1	14	-2.47554
3	-1.5	0	-7.74698
3	-1.5	1	-7.30194
3	-1.5	2	-6.90097
3	-1.5	3	-6.90097
3	-1.5	4	-6.62349
3	-1.5	5	-6.62349
3	-1.5	6	-6.5
3	-1.5	7	-6.22252
3	-1.5	8	-6.22252
3	-1.5	9	-6.05496
3	-1.5	10	-5.94504
3	-1.5	11	-5.77748
3	-1.5	12	-5.77748
3	-1.5	13	-5.5
3	-1.5	14	-5.37651
3	-1.5	15	-5.37651
3	-1.5	16	-5.09903
3	-1.5	17	-5.09903
3	-1.5	18	-4.69806
3	-1.5	19	-4.25302
3	-0.5	0	-7.91403
3	-0.5	1	-7.80675
3	-0.5	2	-7.74698
3	-0.5	3	-7.47512
3	-0.5	4	-7.36248
3	-0.5	5	-7.30194
3	-0.5	6	-7.10871
3	-0.5	7	-7.04413
3	-0.5	8	-6.97327
3	-0.5	9	-6.95008
3	-0.5	10	-6.90097
3	-0.5	11	-6.90097
3	-0.5	12	-6.86813
3	-0.5	13	-6.72114
3	-0.5	14	-6.70905
3	-0.5	15	-6.67821
3	-0.5	16	-6.65767
3	-0.5	17	-6.62349
3	-0.5	18	-6.62349
3	-0.5	19	-6.5611
3	-0.5	20	-6.5
3	-0.5	21	-6.43818
3	-0.5	22	-6.35612
3	-0.5	23	-6.29713
3	-0.5	24	-6.26901
3	-0.5	25	-6.2392
3	-0.5	26	-6.22252
3	-0.5	27	-6.22252
3	-0.5	28	-6.11712
3	-0.5	29	-6.11683
3	-0.5	30	-6.05496
3	-0.5	31	-6.00537
3	-0.5	32	-5.99898
3	-0.5	33	-5.94504
3	-0.5	34	-5.91737
3	-0.5	35	-5.85282
3	-0.5	36	-5.82477
3	-0.5	37	-5.77748
3	-0.5	38	-5.77748
3	-0.5	39	-5.67817
3	-0.5	40	-5.63145
3	-0.5	41	-5.5611
3	-0.5	42	-5.5
3	-0.5	43	-5.48598
3	-0.5	44	-5.4633
3	-0.5	45	-5.41212
3	-0.5	46	-5.37651
3	-0.5	47	-5.37651
3	-0.5	48	-5.31157
3	-0.5	49	-5.24731
3	-0.5	50	-5.17187
3	-0.5	51	-5.14872
3	-0.5	52	-5.09903
3	-0.5	53	-5.09903
3	-0.5	54	-4.88121
3	-0.5	55	-4.75972
3	-0.5	56	-4.69806
3	-0.5	57	-4.44216
3	-0.5	58	-4.31545
3	-0.5	59	-4.25302
3	-0.5	60	-2.90097
3	-0.5	61	-2.85629
3	-0.5	62	-2.74289
3	-0.5	63	-2.62349
3	-0.5	64	-2.6061
3	-0.5	65	-2.58432
3	-0.5	66	-2.49462
3	-0.5	67	-2.48361
3	-0.5	68	-2.36145
3	-0.5	69	-2.26298
3	-0.5	70	-2.22252
3	-0.5	71	-2.18795
3	-0.5	72	-2.09903
3	-0.5	73	-1.99098
3	-0.5	74	-1.904
3	-0.5	75	-1.77748
3	-0.5	76	-1.74303
3	-0.5	77	-1.65546
3	-0.5	78	-1.5508
3	-0.5	79	-1.46743
3	-0.5	80	-1.37651
3	-0.5	81	-1.33754
3	-0.5	82	-1.23911
3	-0.5	83	-1.12296
3	-0.5	84	-1.09903
3	-0.5	85	-1.05444
3	-0.5	86	-1.0321
3	-0.5	87	-0.941958
3	-0.5	88	-0.807743
3	-0.5	89	-0.700317
3	0.5	0	-7.91403
3	0.5	1	-7.80675
3	0.5	2	-7.74698
3	0.5	3	-7.47512
3	0.5	4	-7.36248
3	0.5	5	-7.30194
3	0.5	6	-7.10871
3	0.5	7	-7.04413
3	0.5	8	-6.97327
3	0.5	9	-6.95008
3	0.5	10	-6.90097
3	0.5	11	-6.90097
3	0.5	12	-6.86813
3	0.5	13	-6.72114
3	0.5	14	-6.70905
3	0.5	15	-6.67821
3	0.5	16	-6.65767
3	0.5	17	-6.62349
3	0.5	18	-6.62349
3	0.5	19	-6.5611
3	0.5	20	-6.5
3	0.5	21	-6.43818
3	0.5	22	-6.35612
3	0.5	23	-6.29713
3	0.5	24	-6.26901
3	0.5	25	-6.2392
3	0.5	26	-6.22252
3	0.5	27	-6.22252
3	0.5	28	-6.11712
3	0.5	29	-6.11683
3	0.5	30	-6.05496
3	0.5	31	-6.00537
3	0.5	32	-5.99898
3	0.5	33	-5.94504
3	0.5	34	-5.91737
3	0.5	35	-5.85282
3	0.5	36	-5.82477
3	0.5	37	-5.77748
3	0.5	38	-5.77748
3	0.5	39	-5.67817
3	0.5	40	-5.63145
3	0.5	41	-5.5611
3	0.5	42	-5.5
3	0.5	43	-5.48598
3	0.5	44	-5.4633
3	0.5	45	-5.41212
3	0.5	46	-5.37651
3	0.5	47	-5.37651
3	0.5	48	-5.31157
3	0.5	49	-5.24731
3	0.5	50	-5.17187
3	0.5	51	-5.14872
3	0.5	52	-5.09903
3	0.5	53	-5.09903
3	0.5	54	-4.88121
3	0.5	55	-4.75972
3	0.5	56	-4.69806
3	0.5	57	-4.44216
3	0.5	58	-4.31545
3	0.5	59	-4.25302
3	0.5	60	-2.90097
3	0.5	61	-2.85629
3	0.5	62	-2.74289
3	0.5	63	-2.62349
3	0.5	64	-2.6061
3	0.5	65	-2.58432
3	0.5	66	-2.49462
3	0.5	67	-2.48361
3	0.5	68	-2.36145
3	0.5	69	-2.26298
3	0.5	70	-2.22252
3	0.5	71	-2.18795
3	0.5	72	-2.09903
3	0.5	73	-1.99098
3	0.5	74	-1.904
3	0.5	75	-1.77748
3	0.5	76	-1.74303
3	0.5	77	-1.65546
3	0.5	78	-1.5508
3	0.5	79	-1.46743
3	0.5	80	-1.37651
3	0.5	81	-1.33754
3	0.5	82	-1.23911
3	0.5	83	-1.12296
3	0.5	84	-1.09903
3	0.5	85	-1.05444
3	0.5	86	-1.0321
3	0.5	87	-0.941958
3	0.5	88	-0.807743
3	0.5	89	-0.700317
3	1.5	0	-7.74698
3	1.5	1	-7.30194
3	1.5	2	-6.90097
3	1.5	3	-6.90097
3	1.5	4	-6.62349
3	1.5	5	-6.62349
3	1.5	6	-6.5
3	1.5	7	-6.22252
3	1.5	8	-6.22252
3	1.5	9	-6.05496
3	1.5	10	-5.94504
3	1.5	11	-5.77748
3	1.5	12	-5.77748
3	1.5	13	-5.5
3	1.5	14	-5.37651
3	1.5	15	-5.37651
3	1.5	16	-5.09903
3	1.5	17	-5.09903
3	1.5	18	-4.69806
3	1.5	19	-4.25302
4	-2	0	-9.52446
4	-2	1	-9.12349
4	-2	2	-8.84601
4	-2	3	-8.67845
4	-2	4	-8.40097
4	-2	5	-8.27748
4	-2	6	-8
4	-2	7	-8
4	-2	8	-8
4	-2	9	-7.72252
4	-2	10	-7.59903
4	-2	11	-7.32155
4	-2	12	-7.15399
4	-2	13	-6.87651
4	-2	14	-6.47554
4	-1	0	-9.82319
4	-1	1	-9.70489
4	-1	2	-9.57964
4	-1	3	-9.52446
4	-1	4	-9.38945
4	-1	5	-9.28286
4	-1	6	-9.1719
4	-1	7	-9.12349
4	-1	8	-9.06066
4	-1	9	-8.97629
4	-1	10	-8.95202
4	-1	11	-8.8858
4	-1	12	-8.84601
4	-1	13	-8.84071
4	-1	14	-8.72713
4	-1	15	-8.67845
4	-1	16	-8.62338
4	-1	17	-8.59033
4	-1	18	-8.53426
4	-1	19	-8.46278
4	-1	20	-8.44103
4	-1	21	-8.40097
4	-1	22	-8.35535
4	-1	23	-8.33312
4	-1	24	-8.27748
4	-1	25	-8.26222
4	-1	26	-8.21023
4	-1	27	-8.18919
4	-1	28	-8.15693
4	-1	29	-8.11146
4	-1	30	-8.0638
4	-1	31	-8.04712
4	-1	32	-8.03314
4	-1	33	-8.02787
4	-1	34	-8
4	-1	35	-8
4	-1	36	-8
4	-1	37	-7.90501
4	-1	38	-7.82827
4	-1	39	-7.7779
4	-1	40	-7.73454
4	-1	41	-7.72252
4	-1	42	-7.6393
4	-1	43	-7.59903
4	-1	44	-7.59422
4	-1	45	-7.48304
4	-1	46	-7.39093
4	-1	47	-7.37016
4	-1	48	-7.32155
4	-1	49	-7.29248
4	-1	50	-7.19453
4	-1	51	-7.15675
4	-1	52	-7.15399
4	-1	53	-7.04088
4	-1	54	-6.92539
4	-1	55	-6.87651
4	-1	56	-6.79493
4	-1	57	-6.66288
4	-1	58	-6.53138
4	-1	59	-6.47554
4	-1	60	-5.52446
4	-1	61	-5.46862
4	-1	62	-5.33712
4	-1	63	-5.20507
4	-1	64	-5.12349
4	-1	65	-5.07461
4	-1	66	-4.95912
4	-1	67	-4.84601
4	-1	68	-4.84325
4	-1	69	-4.80547
4	-1	70	-4.70752
4	-1	71	-4.67845
4	-1	72	-4.62984
4	-1	73	-4.60907
4	-1	74	-4.51696
4	-1	75	-4.40578
4	-1	76	-4.40097
4	-1	77	-4.3607
4	-1	78	-4.27748
4	-1	79	-4.26546
4	-1	80	-4.2221
4	-1	81	-4.17173
4	-1	82	-4.09499
4	-1	83	-4
4	-1	84	-4
4	-1	85	-4
4	-1	86	-3.97213
4	-1	87	-3.96686
4	-1	88	-3.95288
4	-1	89	-3.9362
4	-1	90	-3.88854
4	-1	91	-3.84307
4	-1	92	-3.81081
4	-1	93	-3.78977
4	-1	94	-3.73778
4	-1	95	-3.72252
4	-1	96	-3.66688
4	-1	97	-3.64465
4	-1	98	-3.59903
4	-1	99	-3.55897
4	-1	100	-3.53722
4	-1	101	-3.46574
4	-1	102	-3.40967
4	-1	103	-3.37662
4	-1	104	-3.32155
4	-1	105	-3.27287
4	-1	106	-3.15929
4	-1	107	-3.15399
4	-1	108	-3.1142
4	-1	109	-3.04798
4	-1	110	-3.02371
4	-1	111	-2.93934
4	-1	112	-2.87651
4	-1	113	-2.8281
4	-1	114	-2.71714
4	-1	115	-2.61055
4	-1	116	-2.47554
4	-1	117	-2.42036
4	-1	118	-2.29511
4	-1	119	-2.17681
4	0	0	-9.93244
4	0	1	-9.82319
4	0	2	-9.70489
4	0	3	-9.64298
4	0	4	-9.57964
4	0	5	-9.52446
4	0	6	-9.48874
4	0	7	-9.38945
4	0	8	-9.28286
4	0	9	-9.22769
4	0	10	-9.1719
4	0	11	-9.13876
4	0	12	-9.12349
4	0	13	-9.06066
4	0	14	-9.05835
4	0	15	-8.97629
4	0	16	-8.95202
4	0	17	-8.93096
4	0	18	-8.8858
4	0	19	-8.84601
4	0	20	-8.84071
4	0	21	-8.78388
4	0	22	-8.72713
4	0	23	-8.71199
4	0	24	-8.70887
4	0	25	-8.67845
4	0	26	-8.62338
4	0	27	-8.59033
4	0	28	-8.53426
4	0	29	-8.48976
4	0	30	-8.48716
4	0	31	-8.46278
4	0	32	-8.44103
4	0	33	-8.40097
4	0	34	-8.39821
4	0	35	-8.36374
4	0	36	-8.35535
4	0	37	-8.33312
4	0	38	-8.27748
4	0	39	-8.26436
4	0	40	-8.26222
4	0	41	-8.21023
4	0	42	-8.18919
4	0	43	-8.15693
4	0	44	-8.14272
4	0	45	-8.13853
4	0	46	-8.11146
4	0	47	-8.10158
4	0	48	-8.07175
4	0	49	-8.0638
4	0	50	-8.04712
4	0	51	-8.03314
4	0	52	-8.02787
4	0	53	-8
4	0	54	-8
4	0	55	-8
4	0	56	-7.91975
4	0	57	-7.90501
4	0	58	-7.84202
4	0	59	-7.82827
4	0	60	-7.7779
4	0	61	-7.73454
4	0	62	-7.72252
4	0	63	-7.69925
4	0	64	-7.68623
4	0	65	-7.6393
4	0	66	-7.59903
4	0	67	-7.59422
4	0	68	-7.48957
4	0	69	-7.48304
4	0	70	-7.42674
4	0	71	-7.39093
4	0	72	-7.37016
4	0	73	-7.32155
4	0	74	-7.29248
4	0	75	-7.26871
4	0	76	-7.24243
4	0	77	-7.19453
4	0	78	-7.15675
4	0	79	-7.15399
4	0	80	-7.04088
4	0	81	-6.98293
4	0	82	-6.92539
4	0	83	-6.92199
4	0	84	-6.87651
4	0	85	-6.79493
4	0	86	-6.66288
4	0	87	-6.59725
4	0	88	-6.53138
4	0	89	-6.47554
4	0	90	-5.57632
4	0	91	-5.52446
4	0	92	-5.51841
4	0	93	-5.46862
4	0	94	-5.38262
4	0	95	-5.33712
4	0	96	-5.24634
4	0	97	-5.20507
4	0	98	-5.19942
4	0	99	-5.14891
4	0	100	-5.12349
4	0	101	-5.07461
4	0	102	-5.02964
4	0	103	-4.95912
4	0	104	-4.94741
4	0	105	-4.90995
4	0	106	-4.90442
4	0	107	-4.84601
4	0	108	-4.84325
4	0	109	-4.80547
4	0	110	-4.8008
4	0	111	-4.7573
4	0	112	-4.70881
4	0	113	-4.70752
4	0	114	-4.6969
4	0	115	-4.67845
4	0	116	-4.62984
4	0	117	-4.60907
4	0	118	-4.59594
4	0	119	-4.51696
4	0	120	-4.50509
4	0	121	-4.48416
4	0	122	-4.46409
4	0	123	-4.40578
4	0	124	-4.40097
4	0	125	-4.36693
4	0	126	-4.3607
4	0	127	-4.33476
4	0	128	-4.28046
4	0	129	-4.27748
4	0	130	-4.27085
4	0	131	-4.26546
4	0	132	-4.2221
4	0	133	-4.17173
4	0	134	-4.15604
4	0	135	-4.12608
4	0	136	-4.09499
4	0	137	-4.0926
4	0	138	-4.0834
4	0	139	-4.03646
4	0	140	-4.03587
4	0	141	-4.02668
4	0	142	-4.01284
4	0	143	-4
4	0	144	-4
4	0	145	-4
4	0	146	-3.97213
4	0	147	-3.96686
4	0	148	-3.96309
4	0	149	-3.95288
4	0	150	-3.9362
4	0	151	-3.93308
4	0	152	-3.92734
4	0	153	-3.88854
4	0	154	-3.84307
4	0	155	-3.82286
4	0	156	-3.81748
4	0	157	-3.81081
4	0	158	-3.78977
4	0	159	-3.77669
4	0	160	-3.73778
4	0	161	-3.72252
4	0	162	-3.72035
4	0	163	-3.70513
4	0	164	-3.67383
4	0	165	-3.66688
4	0	166	-3.66562
4	0	167	-3.64465
4	0	168	-3.59903
4	0	169	-3.58951
4	0	170	-3.57354
4	0	171	-3.55897
4	0	172	-3.53722
4	0	173	-3.48542
4	0	174	-3.46574
4	0	175	-3.46149
4	0	176	-3.40967
4	0	177	-3.39963
4	0	178	-3.37662
4	0	179	-3.35066
4	0	180	-3.32155
4	0	181	-3.27287
4	0	182	-3.26276
4	0	183	-3.23635
4	0	184	-3.2252
4	0	185	-3.15929
4	0	186	-3.15399
4	0	187	-3.13956
4	0	188	-3.12485
4	0	189	-3.1142
4	0	190	-3.05912
4	0	191	-3.04798
4	0	192	-3.02371
4	0	193	-2.95748
4	0	194	-2.93934
4	0	195	-2.91051
4	0	196	-2.87651
4	0	197	-2.8281
4	0	198	-2.8026
4	0	199	-2.71714
4	0	200	-2.69894
4	0	201	-2.61055
4	0	202	-2.53507
4	0	203	-2.48231
4	0	204	-2.47554
4	0	205	-2.42036
4	0	206	-2.36281
4	0	207	-2.29511
4	0	208	-2.2508
4	0	209	-2.17681
4	0	210	1.36085e-15
4	0	211	0.0332695
4	0	212	0.071073
4	0	213	0.122204
4	0	214	0.146025
4	0	215	0.213256
4	0	216	0.24035
4	0	217	0.291268
4	0	218	0.356374
4	0	219	0.413906
4	0	220	0.441026
4	0	221	0.503724
4	0	222	0.538834
4	0	223	0.633292
4	0	224	0.768292
4	1	0	-9.82319
4	1	1	-9.70489
4	1	2	-9.57964
4	1	3	-9.52446
4	1	4	-9.38945
4	1	5	-9.28286
4	1	6	-9.1719
4	1	7	-9.12349
4	1	8	-9.06066
4	1	9	-8.97629
4	1	10	-8.95202
4	1	11	-8.8858
4	1	12	-8.84601
4	1	13	-8.84071
4	1	14	-8.72713
4	1	15	-8.67845
4	1	16	-8.62338
4	1	17	-8.59033
4	1	18	-8.53426
4	1	19	-8.46278
4	1	20	-8.44103
4	1	21	-8.40097
4	1	22	-8.35535
4	1	23	-8.33312
4	1	24	-8.27748
4	1	25	-8.26222
4	1	26	-8.21023
4	1	27	-8.18919
4	1	28	-8.15693
4	1	29	-8.11146
4	1	30	-8.0638
4	1	31	-8.04712
4	1	32	-8.03314
4	1	33	-8.02787
4	1	34	-8
4	1	35	-8
4	1	36	-8
4	1	37	-7.90501
4	1	38	-7.82827
4	1	39	-7.7779
4	1	40	-7.73454
4	1	41	-7.72252
4	1	42	-7.6393
4	1	43	-7.59903
4	1	44	-7.59422
4	1	45	-7.48304
4	1	46	-7.39093
4	1	47	-7.37016
4	1	48	-7.32155
4	1	49	-7.29248
4	1	50	-7.19453
4	1	51	-7.15675
4	1	52	-7.15399
4	1	53	-7.04088
4	1	54	-6.92539
4	1	55	-6.87651
4	1	56	-6.79493
4	1	57	-6.66288
4	1	58	-6.53138
4	1	59	-6.47554
4	1	60	-5.52446
4	1	61	-5.46862
4	1	62	-5.33712
4	1	63	-5.20507
4	1	64	-5.12349
4	1	65	-5.07461
4	1	66	-4.95912
4	1	67	-4.84601
4	1	68	-4.84325
4	1	69	-4.80547
4	1	70	-4.70752
4	1	71	-4.67845
4	1	72	-4.62984
4	1	73	-4.60907
4	1	74	-4.51696
4	1	75	-4.40578
4	1	76	-4.40097
4	1	77	-4.3607
4	1	78	-4.27748
4	1	79	-4.26546
4	1	80	-4.2221
4	1	81	-4.17173
4	1	82	-4.09499
4	1	83	-4
4	1	84	-4
4	1	85	-4
4	1	86	-3.97213
4	1	87	-3.96686
4	1	88	-3.95288
4	1	89	-3.9362
4	1	90	-3.88854
4	1	91	-3.84307
4	1	92	-3.81081
4	1	93	-3.78977
4	1	94	-3.73778
4	1	95	-3.72252
4	1	96	-3.66688
4	1	97	-3.64465
4	1	98	-3.59903
4	1	99	-3.55897
4	1	100	-3.53722
4	1	101	-3.46574
4	1	102	-3.40967
4	1	103	-3.37662
4	1	104	-3.32155
4	1	105	-3.27287
4	1	106	-3.15929
4	1	107	-3.15399
4	1	108	-3.1142
4	1	109	-3.04798
4	1	110	-3.02371
4	1	111	-2.93934
4	1	112	-2.87651
4	1	113	-2.8281
4	1	114	-2.71714
4	1	115	-2.61055
4	1	116	-2.47554
4	1	117	-2.42036
4	1	118	-2.29511
4	1	119	-2.17681
4	2	0	-9.52446
4	2	1	-9.12349
4	2	2	-8.84601
4	2	3	-8.67845
4	2	4	-8.40097
4	2	5	-8.27748
4	2	6	-8
4	2	7	-8
4	2	8	-8
4	2	9	-7.72252
4	2	10	-7.59903
4	2	11	-7.32155
4	2	12	-7.15399
4	2	13	-6.87651
4	2	14	-6.47554
5	-2.5	0	-10.901
5	-2.5	1	-10.6235
5	-2.5	2	-10.2225
5	-2.5	3	-9.77748
5	-2.5	4	-9.37651
5	-2.5	5	-9.09903
5	-1.5	0	-11.2997
5	-1.5	1	-11.1923
5	-1.5	2	-11.058
5	-1.5	3	-10.9679
5	-1.5	4	-10.9456
5	-1.5	5	-10.901
5	-1.5	6	-10.877
5	-1.5	7	-10.7609
5	-1.5	8	-10.6625
5	-1.5	9	-10.6235
5	-1.5	10	-10.5326
5	-1.5	11	-10.4492
5	-1.5	12	-10.3445
5	-1.5	13	-10.257
5	-1.5	14	-10.2225
5	-1.5	15	-10.096
5	-1.5	16	-10.009
5	-1.5	17	-9.90097
5	-1.5	18	-9.81205
5	-1.5	19	-9.77748
5	-1.5	20	-9.73702
5	-1.5	21	-9.63855
5	-1.5	22	-9.51639
5	-1.5	23	-9.50538
5	-1.5	24	-9.41568
5	-1.5	25	-9.3939
5	-1.5	26	-9.37651
5	-1.5	27	-9.25711
5	-1.5	28	-9.14371
5	-1.5	29	-9.09903
5	-1.5	30	-7.74698
5	-1.5	31	-7.68455
5	-1.5	32	-7.55784
5	-1.5	33	-7.30194
5	-1.5	34	-7.24028
5	-1.5	35	-7.11879
5	-1.5	36	-6.90097
5	-1.5	37	-6.90097
5	-1.5	38	-6.85128
5	-1.5	39	-6.82813
5	-1.5	40	-6.75269
5	-1.5	41	-6.68843
5	-1.5	42	-6.62349
5	-1.5	43	-6.62349
5	-1.5	44	-6.58788
5	-1.5	45	-6.5367
5	-1.5	46	-6.51402
5	-1.5	47	-6.5
5	-1.5	48	-6.4389
5	-1.5	49	-6.36855
5	-1.5	50	-6.32183
5	-1.5	51	-6.22252
5	-1.5	52	-6.22252
5	-1.5	53	-6.17523
5	-1.5	54	-6.14718
5	-1.5	55	-6.08263
5	-1.5	56	-6.05496
5	-1.5	57	-6.00102
5	-1.5	58	-5.99463
5	-1.5	59	-5.94504
5	-1.5	60	-5.88317
5	-1.5	61	-5.88288
5	-1.5	62	-5.77748
5	-1.5	63	-5.77748
5	-1.5	64	-5.7608
5	-1.5	65	-5.73099
5	-1.5	66	-5.70287
5	-1.5	67	-5.64388
5	-1.5	68	-5.56182
5	-1.5	69	-5.5
5	-1.5	70	-5.4389
5	-1.5	71	-5.37651
5	-1.5	72	-5.37651
5	-1.5	73	-5.34233
5	-1.5	74	-5.32179
5	-1.5	75	-5.29095
5	-1.5	76	-5.27886
5	-1.5	77	-5.13187
5	-1.5	78	-5.09903
5	-1.5	79	-5.09903
5	-1.5	80	-5.04992
5	-1.5	81	-5.02673
5	-1.5	82	-4.95587
5	-1.5	83	-4.89129
5	-1.5	84	-4.69806
5	-1.5	85	-4.63752
5	-1.5	86	-4.52488
5	-1.5	87	-4.25302
5	-1.5	88	-4.19325
5	-1.5	89	-4.08597
5	-0.5	0	-11.5401
5	-0.5	1	-11.3877
5	-0.5	2	-11.2997
5	-0.5	3	-11.2709
5	-0.5	4	-11.1923
5	-0.5	5	-11.1729
5	-0.5	6	-11.0839
5	-0.5	7	-11.058
5	-0.5	8	-11.0431
5	-0.5	9	-10.9969
5	-0.5	10	-10.9679
5	-0.5	11	-10.9456
5	-0.5	12	-10.9448
5	-0.5	13	-10.901
5	-0.5	14	-10.877
5	-0.5	15	-10.7824
5	-0.5	16	-10.7609
5	-0.5	17	-10.7226
5	-0.5	18	-10.707
5	-0.5	19	-10.6625
5	-0.5	20	-10.6235
5	-0.5	21	-10.6015
5	-0.5	22	-10.5326
5	-0.5	23	-10.5104
5	-0.5	24	-10.4492
5	-0.5	25	-10.3638
5	-0.5	26	-10.3445
5	-0.5	27	-10.2995
5	-0.5	28	-10.2965
5	-0.5	29	-10.257
5	-0.5	30	-10.2225
5	-0.5	31	-10.1693
5	-0.5	32	-10.096
5	-0.5	33	-10.0733
5	-0.5	34	-10.009
5	-0.5	35	-9.96703
5	-0.5	36	-9.92064
5	-0.5	37	-9.90097
5	-0.5	38	-9.852
5	-0.5	39	-9.82016
5	-0.5	40	-9.81205
5	-0.5	41	-9.77748
5	-0.5	42	-9.75722
5	-0.5	43	-9.73702
5	-0.5	44	-9.71149
5	-0.5	45	-9.63855
5	-0.5	46	-9.59693
5	-0.5	47	-9.53889
5	-0.5	48	-9.51639
5	-0.5	49	-9.50538
5	-0.5	50	-9.47476
5	-0.5	51	-9.46101
5	-0.5	52	-9.41568
5	-0.5	53	-9.3939
5	-0.5	54	-9.37651
5	-0.5	55	-9.28355
5	-0.5	56	-9.25711
5	-0.5	57	-9.19536
5	-0.5	58	-9.14371
5	-0.5	59	-9.09903
5	-0.5	60	-7.91403
5	-0.5	61	-7.84403
5	-0.5	62	-7.80675
5	-0.5	63	-7.74698
5	-0.5	64	-7.74168
5	-0.5	65	-7.7034
5	-0.5	66	-7.68455
5	-0.5	67	-7.61007
5	-0.5	68	-7.55784
5	-0.5	69	-7.47512
5	-0.5	70	-7.41002
5	-0.5	71	-7.36248
5	-0.5	72	-7.30194
5	-0.5	73	-7.2997
5	-0.5	74	-7.28147
5	-0.5	75	-7.24028
5	-0.5	76	-7.17591
5	-0.5	77	-7.11879
5	-0.5	78	-7.10871
5	-0.5	79	-7.0563
5	-0.5	80	-7.04413
5	-0.5	81	-6.97327
5	-0.5	82	-6.97058
5	-0.5	83	-6.9511
5	-0.5	84	-6.95008
5	-0.5	85	-6.92282
5	-0.5	86	-6.90097
5	-0.5	87	-6.90097
5	-0.5	88	-6.87687
5	-0.5	89	-6.86813
5	-0.5	90	-6.85128
5	-0.5	91	-6.83037
5	-0.5	92	-6.82813
5	-0.5	93	-6.82765
5	-0.5	94	-6.82228
5	-0.5	95	-6.75269
5	-0.5	96	-6.74336
5	-0.5	97	-6.73683
5	-0.5	98	-6.72114
5	-0.5	99	-6.70905
5	-0.5	100	-6.68843
5	-0.5	101	-6.67821
5	-0.5	102	-6.67192
5	-0.5	103	-6.65767
5	-0.5	104	-6.63166
5	-0.5	105	-6.62349
5	-0.5	106	-6.62349
5	-0.5	107	-6.61711
5	-0.5	108	-6.59473
5	-0.5	109	-6.58788
5	-0.5	110	-6.56974
5	-0.5	111	-6.5611
5	-0.5	112	-6.5367
5	-0.5	113	-6.51402
5	-0.5	114	-6.5
5	-0.5	115	-6.5
5	-0.5	116	-6.5
5	-0.5	117	-6.46008
5	-0.5	118	-6.4389
5	-0.5	119	-6.43818
5	-0.5	120	-6.4
5	-0.5	121	-6.38876
5	-0.5	122	-6.38294
5	-0.5	123	-6.36855
5	-0.5	124	-6.35612
5	-0.5	125	-6.32183
5	-0.5	126	-6.29713
5	-0.5	127	-6.29227
5	-0.5	128	-6.2788
5	-0.5	129	-6.26901
5	-0.5	130	-6.24908
5	-0.5	131	-6.2392
5	-0.5	132	-6.22252
5	-0.5	133	-6.22252
5	-0.5	134	-6.1929
5	-0.5	135	-6.18301
5	-0.5	136	-6.17523
5	-0.5	137	-6.15511
5	-0.5	138	-6.14718
5	-0.5	139	-6.12966
5	-0.5	140	-6.11712
5	-0.5	141	-6.11683
5	-0.5	142	-6.08263
5	-0.5	143	-6.07808
5	-0.5	144	-6.05802
5	-0.5	145	-6.05496
5	-0.5	146	-6.05112
5	-0.5	147	-6.0455
5	-0.5	148	-6.00537
5	-0.5	149	-6.00102
5	-0.5	150	-5.99898
5	-0.5	151	-5.99463
5	-0.5	152	-5.9545
5	-0.5	153	-5.94888
5	-0.5	154	-5.94504
5	-0.5	155	-5.94198
5	-0.5	156	-5.92192
5	-0.5	157	-5.91737
5	-0.5	158	-5.88317
5	-0.5	159	-5.88288
5	-0.5	160	-5.87034
5	-0.5	161	-5.85282
5	-0.5	162	-5.84489
5	-0.5	163	-5.82477
5	-0.5	164	-5.81699
5	-0.5	165	-5.8071
5	-0.5	166	-5.77748
5	-0.5	167	-5.77748
5	-0.5	168	-5.7608
5	-0.5	169	-5.75092
5	-0.5	170	-5.73099
5	-0.5	171	-5.7212
5	-0.5	172	-5.70773
5	-0.5	173	-5.70287
5	-0.5	174	-5.67817
5	-0.5	175	-5.64388
5	-0.5	176	-5.63145
5	-0.5	177	-5.61706
5	-0.5	178	-5.61124
5	-0.5	179	-5.6
5	-0.5	180	-5.56182
5	-0.5	181	-5.5611
5	-0.5	182	-5.53992
5	-0.5	183	-5.5
5	-0.5	184	-5.5
5	-0.5	185	-5.5
5	-0.5	186	-5.48598
5	-0.5	187	-5.4633
5	-0.5	188	-5.4389
5	-0.5	189	-5.43026
5	-0.5	190	-5.41212
5	-0.5	191	-5.40527
5	-0.5	192	-5.38289
5	-0.5	193	-5.37651
5	-0.5	194	-5.37651
5	-0.5	195	-5.36834
5	-0.5	196	-5.34233
5	-0.5	197	-5.32808
5	-0.5	198	-5.32179
5	-0.5	199	-5.31157
5	-0.5	200	-5.29095
5	-0.5	201	-5.27886
5	-0.5	202	-5.26317
5	-0.5	203	-5.25664
5	-0.5	204	-5.24731
5	-0.5	205	-5.17772
5	-0.5	206	-5.17235
5	-0.5	207	-5.17187
5	-0.5	208	-5.16963
5	-0.5	209	-5.14872
5	-0.5	210	-5.13187
5	-0.5	211	-5.12313
5	-0.5	212	-5.09903
5	-0.5	213	-5.09903
5	-0.5	214	-5.07718
5	-0.5	215	-5.04992
5	-0.5	216	-5.0489
5	-0.5	217	-5.02942
5	-0.5	218	-5.02673
5	-0.5	219	-4.95587
5	-0.5	220	-4.9437
5	-0.5	221	-4.89129
5	-0.5	222	-4.88121
5	-0.5	223	-4.82409
5	-0.5	224	-4.75972
5	-0.5	225	-4.71853
5	-0.5	226	-4.7003
5	-0.5	227	-4.69806
5	-0.5	228	-4.63752
5	-0.5	229	-4.58998
5	-0.5	230	-4.52488
5	-0.5	231	-4.44216
5	-0.5	232	-4.38993
5	-0.5	233	-4.31545
5	-0.5	234	-4.2966
5	-0.5	235	-4.25832
5	-0.5	236	-4.25302
5	-0.5	237	-4.19325
5	-0.5	238	-4.15597
5	-0.5	239	-4.08597
5	-0.5	240	-2.90097
5	-0.5	241	-2.85629
5	-0.5	242	-2.80464
5	-0.5	243	-2.74289
5	-0.5	244	-2.71645
5	-0.5	245	-2.62349
5	-0.5	246	-2.6061
5	-0.5	247	-2.58432
5	-0.5	248	-2.53899
5	-0.5	249	-2.52524
5	-0.5	250	-2.49462
5	-0.5	251	-2.48361
5	-0.5	252	-2.46111
5	-0.5	253	-2.40307
5	-0.5	254	-2.36145
5	-0.5	255	-2.28851
5	-0.5	256	-2.26298
5	-0.5	257	-2.24278
5	-0.5	258	-2.22252
5	-0.5	259	-2.18795
5	-0.5	260	-2.17984
5	-0.5	261	-2.148
5	-0.5	262	-2.09903
5	-0.5	263	-2.07936
5	-0.5	264	-2.03297
5	-0.5	265	-1.99098
5	-0.5	266	-1.9267
5	-0.5	267	-1.904
5	-0.5	268	-1.83073
5	-0.5	269	-1.77748
5	-0.5	270	-1.74303
5	-0.5	271	-1.70349
5	-0.5	272	-1.70045
5	-0.5	273	-1.65546
5	-0.5	274	-1.63623
5	-0.5	275	-1.5508
5	-0.5	276	-1.48956
5	-0.5	277	-1.46743
5	-0.5	278	-1.39851
5	-0.5	279	-1.37651
5	-0.5	280	-1.33754
5	-0.5	281	-1.29296
5	-0.5	282	-1.2774
5	-0.5	283	-1.23911
5	-0.5	284	-1.21758
5	-0.5	285	-1.12296
5	-0.5	286	-1.09903
5	-0.5	287	-1.05524
5	-0.5	288	-1.05444
5	-0.5	289	-1.0321
5	-0.5	290	-1.00312
5	-0.5	291	-0.956857
5	-0.5	292	-0.941958
5	-0.5	293	-0.916053
5	-0.5	294	-0.827107
5	-0.5	295	-0.807743
5	-0.5	296	-0.729051
5	-0.5	297	-0.700317
5	-0.5	298	-0.612306
5	-0.5	299	-0.459895
5	0.5	0	-11.5401
5	0.5	1	-11.3877
5	0.5	2	-11.2997
5	0.5	3	-11.2709
5	0.5	4	-11.1923
5	0.5	5	-11.1729
5	0.5	6	-11.0839
5	0.5	7	-11.058
5	0.5	8	-11.0431
5	0.5	9	-10.9969
5	0.5	10	-10.9679
5	0.5	11	-10.9456
5	0.5	12	-10.9448
5	0.5	13	-10.901
5	0.5	14	-10.877
5	0.5	15	-10.7824
5	0.5	16	-10.7609
5	0.5	17	-10.7226
5	0.5	18	-10.707
5	0.5	19	-10.6625
5	0.5	20	-10.6235
5	0.5	21	-10.6015
5	0.5	22	-10.5326
5	0.5	23	-10.5104
5	0.5	24	-10.4492
5	0.5	25	-10.3638
5	0.5	26	-10.3445
5	0.5	27	-10.2995
5	0.5	28	-10.2965
5	0.5	29	-10.257
5	0.5	30	-10.2225
5	0.5	31	-10.1693
5	0.5	32	-10.096
5	0.5	33	-10.0733
5	0.5	34	-10.009
5	0.5	35	-9.96703
5	0.5	36	-9.92064
5	0.5	37	-9.90097
5	0.5	38	-9.852
5	0.5	39	-9.82016
5	0.5	40	-9.81205
5	0.5	41	-9.77748
5	0.5	42	-9.75722
5	0.5	43	-9.73702
5	0.5	44	-9.71149
5	0.5	45	-9.63855
5	0.5	46	-9.59693
5	0.5	47	-9.53889
5	0.5	48	-9.51639
5	0.5	49	-9.50538
5	0.5	50	-9.47476
5	0.5	51	-9.46101
5	0.5	52	-9.41568
5	0.5	53	-9.3939
5	0.5	54	-9.37651
5	0.5	55	-9.28355
5	0.5	56	-9.25711
5	0.5	57	-9.19536
5	0.5	58	-9.14371
5	0.5	59	-9.09903
5	0.5	60	-7.91403
5	0.5	61	-7.84403
5	0.5	62	-7.80675
5	0.5	63	-7.74698
5	0.5	64	-7.74168
5	0.5	65	-7.7034
5	0.5	66	-7.68455
5	0.5	67	-7.61007
5	0.5	68	-7.55784
5	0.5	69	-7.47512
5	0.5	70	-7.41002
5	0.5	71	-7.36248
5	0.5	72	-7.30194
5	0.5	73	-7.2997
5	0.5	74	-7.28147
5	0.5	75	-7.24028
5	0.5	76	-7.17591
5	0.5	77	-7.11879
5	0.5	78	-7.10871
5	0.5	79	-7.0563
5	0.5	80	-7.04413
5	0.5	81	-6.97327
5	0.5	82	-6.97058
5	0.5	83	-6.9511
5	0.5	84	-6.95008
5	0.5	85	-6.92282
5	0.5	86	-6.90097
5	0.5	87	-6.90097
5	0.5	88	-6.87687
5	0.5	89	-6.86813
5	0.5	90	-6.85128
5	0.5	91	-6.83037
5	0.5	92	-6.82813
5	0.5	93	-6.82765
5	0.5	94	-6.82228
5	0.5	95	-6.75269
5	0.5	96	-6.74336
5	0.5	97	-6.73683
5	0.5	98	-6.72114
5	0.5	99	-6.70905
5	0.5	100	-6.68843
5	0.5	101	-6.67821
5	0.5	102	-6.67192
5	0.5	103	-6.65767
5	0.5	104	-6.63166
5	0.5	105	-6.62349
5	0.5	106	-6.62349
5	0.5	107	-6.61711
5	0.5	108	-6.59473
5	0.5	109	-6.58788
5	0.5	110	-6.56974
5	0.5	111	-6.5611
5	0.5	112	-6.5367
5	0.5	113	-6.51402
5	0.5	114	-6.5
5	0.5	115	-6.5
5	0.5	116	-6.5
5	0.5	117	-6.46008
5	0.5	118	-6.4389
5	0.5	119	-6.43818
5	0.5	120	-6.4
5	0.5	121	-6.38876
5	0.5	122	-6.38294
5	0.5	123	-6.36855
5	0.5	124	-6.35612
5	0.5	125	-6.32183
5	0.5	126	-6.29713
5	0.5	127	-6.29227
5	0.5	128	-6.2788
5	0.5	129	-6.26901
5	0.5	130	-6.24908
5	0.5	131	-6.2392
5	0.5	132	-6.22252
5	0.5	133	-6.22252
5	0.5	134	-6.1929
5	0.5	135	-6.18301
5	0.5	136	-6.17523
5	0.5	137	-6.15511
5	0.5	138	-6.14718
5	0.5	139	-6.12966
5	0.5	140	-6.11712
5	0.5	141	-6.11683
5	0.5	142	-6.08263
5	0.5	143	-6.07808
5	0.5	144	-6.05802
5	0.5	145	-6.05496
5	0.5	146	-6.05112
5	0.5	147	-6.0455
5	0.5	148	-6.00537
5	0.5	149	-6.00102
5	0.5	150	-5.99898
5	0.5	151	-5.99463
5	0.5	152	-5.9545
5	0.5	153	-5.94888
5	0.5	154	-5.94504
5	0.5	155	-5.94198
5	0.5	156	-5.92192
5	0.5	157	-5.91737
5	0.5	158	-5.88317
5	0.5	159	-5.88288
5	0.5	160	-5.87034
5	0.5	161	-5.85282
5	0.5	162	-5.84489
5	0.5	163	-5.82477
5	0.5	164	-5.81699
5	0.5	165	-5.8071
5	0.5	166	-5.77748
5	0.5	167	-5.77748
5	0.5	168	-5.7608
5	0.5	169	-5.75092
5	0.5	170	-5.73099
5	0.5	171	-5.7212
5	0.5	172	-5.70773
5	0.5	173	-5.70287
5	0.5	174	-5.67817
5	0.5	175	-5.64388
5	0.5	176	-5.63145
5	0.5	177	-5.61706
5	0.5	178	-5.61124
5	0.5	179	-5.6
5	0.5	180	-5.56182
5	0.5	181	-5.5611
5	0.5	182	-5.53992
5	0.5	183	-5.5
5	0.5	184	-5.5
5	0.5	185	-5.5
5	0.5	186	-5.48598
5	0.5	187	-5.4633
5	0.5	188	-5.4389
5	0.5	189	-5.43026
5	0.5	190	-5.41212
5	0.5	191	-5.40527
5	0.5	192	-5.38289
5	0.5	193	-5.37651
5	0.5	194	-5.37651
5	0.5	195	-5.36834
5	0.5	196	-5.34233
5	0.5	197	-5.32808
5	0.5	198	-5.32179
5	0.5	199	-5.31157
5	0.5	200	-5.29095
5	0.5	201	-5.27886
5	0.5	202	-5.26317
5	0.5	203	-5.25664
5	0.5	204	-5.24731
5	0.5	205	-5.17772
5	0.5	206	-5.17235
5	0.5	207	-5.17187
5	0.5	208	-5.16963
5	0.5	209	-5.14872
5	0.5	210	-5.13187
5	0.5	211	-5.12313
5	0.5	212	-5.09903
5	0.5	213	-5.09903
5	0.5	214	-5.07718
5	0.5	215	-5.04992
5	0.5	216	-5.0489
5	0.5	217	-5.02942
5	0.5	218	-5.02673
5	0.5	219	-4.95587
5	0.5	220	-4.9437
5	0.5	221	-4.89129
5	0.5	222	-4.88121
5	0.5	223	-4.82409
5	0.5	224	-4.75972
5	0.5	225	-4.71853
5	0.5	226	-4.7003
5	0.5	227	-4.69806
5	0.5	228	-4.63752
5	0.5	229	-4.58998
5	0.5	230	-4.52488
5	0.5	231	-4.44216
5	0.5	232	-4.38993
5	0.5	233	-4.31545
5	0.5	234	-4.2966
5	0.5	235	-4.25832
5	0.5	236	-4.25302
5	0.5	237	-4.19325
5	0.5	238	-4.15597
5	0.5	239	-4.08597
5	0.5	240	-2.90097
5	0.5	241	-2.85629
5	0.5	242	-2.80464
5	0.5	243	-2.74289
5	0.5	244	-2.71645
5	0.5	245	-2.62349
5	0.5	246	-2.6061
5	0.5	247	-2.58432
5	0.5	248	-2.53899
5	0.5	249	-2.52524
5	0.5	250	-2.49462
5	0.5	251	-2.48361
5	0.5	252	-2.46111
5	0.5	253	-2.40307
5	0.5	254	-2.36145
5	0.5	255	-2.28851
5	0.5	256	-2.26298
5	0.5	257	-2.24278
5	0.5	258	-2.22252
5	0.5	259	-2.18795
5	0.5	260	-2.17984
5	0.5	261	-2.148
5	0.5	262	-2.09903
5	0.5	263	-2.07936
5	0.5	264	-2.03297
5	0.5	265	-1.99098
5	0.5	266	-1.9267
5	0.5	267	-1.904
5	0.5	268	-1.83073
5	0.5	269	-1.77748
5	0.5	270	-1.74303
5	0.5	271	-1.70349
5	0.5	272	-1.70045
5	0.5	273	-1.65546
5	0.5	274	-1.63623
5	0.5	275	-1.5508
5	0.5	276	-1.48956
5	0.5	277	-1.46743
5	0.5	278	-1.39851
5	0.5	279	-1.37651
5	0.5	280	-1.33754
5	0.5	281	-1.29296
5	0.5	282	-1.2774
5	0.5	283	-1.23911
5	0.5	284	-1.21758
5	0.5	285	-1.12296
5	0.5	286	-1.09903
5	0.5	287	-1.05524
5	0.5	288	-1.05444
5	0.5	289	-1.0321
5	0.5	290	-1.00312
5	0.5	291	-0.956857
5	0.5	292	-0.941958
5	0.5	293	-0.916053
5	0.5	294	-0.827107
5	0.5	295	-0.807743
5	0.5	296	-0.729051
5	0.5	297	-0.700317
5	0.5	298	-0.612306
5	0.5	299	-0.459895
5	1.5	0	-11.2997
5	1.5	1	-11.1923
5	1.5	2	-11.058
5	1.5	3	-10.9679
5	1.5	4	-10.9456
5	1.5	5	-10.901
5	1.5	6	-10.877
5	1.5	7	-10.7609
5	1.5	8	-10.6625
5	1.5	9	-10.6235
5	1.5	10	-10.5326
5	1.5	11	-10.4492
5	1.5	12	-10.3445
5	1.5	13	-10.257
5	1.5	14	-10.2225
5	1.5	15	-10.096
5	1.5	16	-10.009
5	1.5	17	-9.90097
5	1.5	18	-9.81205
5	1.5	19	-9.77748
5	1.5	20	-9.73702
5	1.5	21	-9.63855
5	1.5	22	-9.51639
5	1.5	23	-9.50538
5	1.5	24	-9.41568
5	1.5	25	-9.3939
5	1.5	26	-9.37651
5	1.5	27	-9.25711
5	1.5	28	-9.14371
5	1.5	29	-9.09903
5	1.5	30	-7.74698
5	1.5	31	-7.68455
5	1.5	32	-7.55784
5	1.5	33	-7.30194
5	1.5	34	-7.24028
5	1.5	35	-7.11879
5	1.5	36	-6.90097
5	1.5	37	-6.90097
5	1.5	38	-6.85128
5	1.5	39	-6.82813
5	1.5	40	-6.75269
5	1.5	41	-6.68843
5	1.5	42	-6.62349
5	1.5	43	-6.62349
5	1.5	44	-6.58788
5	1.5	45	-6.5367
5	1.5	46	-6.51402
5	1.5	47	-6.5
5	1.5	48	-6.4389
5	1.5	49	-6.36855
5	1.5	50	-6.32183
5	1.5	51	-6.22252
5	1.5	52	-6.22252
5	1.5	53	-6.17523
5	1.5	54	-6.14718
5	1.5	55	-6.08263
5	1.5	56	-6.05496
5	1.5	57	-6.00102
5	1.5	58	-5.99463
5	1.5	59	-5.94504
5	1.5	60	-5.88317
5	1.5	61	-5.88288
5	1.5	62	-5.77748
5	1.5	63	-5.77748
5	1.5	64	-5.7608
5	1.5	65	-5.73099
5	1.5	66	-5.70287
5	1.5	67	-5.64388
5	1.5	68	-5.56182
5	1.5	69	-5.5
5	1.5	70	-5.4389
5	1.5	71	-5.37651
5	1.5	72	-5.37651
5	1.5	73	-5.34233
5	1.5	74	-5.32179
5	1.5	75	-5.29095
5	1.5	76	-5.27886
5	1.5	77	-5.13187
5	1.5	78	-5.09903
5	1.5	79	-5.09903
5	1.5	80	-5.04992
5	1.5	81	-5.02673
5	1.5	82	-4.95587
5	1.5	83	-4.89129
5	1.5	84	-4.69806
5	1.5	85	-4.63752
5	1.5	86	-4.52488
5	1.5	87	-4.25302
5	1.5	88	-4.19325
5	1.5	89	-4.08597
5	2.5	0	-10.901
5	2.5	1	-10.6235
5	2.5	2	-10.2225
5	2.5	3	-9.77748
5	2.5	4	-9.37651
5	2.5	5	-9.09903
6	-3	0	-12
6	-2	0	-12.441
6	-2	1	-12.3564
6	-2	2	-12.2403
6	-2	3	-12.1222
6	-2	4	-12.0333
6	-2	5	-12
6	-2	6	-9.52446
6	-2	7	-9.46493
6	-2	8	-9.12349
6	-2	9	-9.04252
6	-2	10	-8.84601
6	-2	11	-8.73724
6	-2	12	-8.67845
6	-2	13	-8.60037
6	-2	14	-8.40097
6	-2	15	-8.29487
6	-2	16	-8.27748
6	-2	17	-8.22331
6	-2	18	-8
6	-2	19	-8
6	-2	20	-8
6	-2	21	-7.97332
6	-2	22	-7.9166
6	-2	23	-7.87392
6	-2	24	-7.72252
6	-2	25	-7.66524
6	-2	26	-7.59903
6	-2	27	-7.49491
6	-2	28	-7.32155
6	-2	29	-7.2427
6	-2	30	-7.15399
6	-2	31	-7.05259
6	-2	32	-6.87651
6	-2	33	-6.80058
6	-2	34	-6.47554
6	-2	35	-6.42368
6	-1	0	-12.7683
6	-1	1	-12.6333
6	-1	2	-12.5388
6	-1	3	-12.5037
6	-1	4	-12.441
6	-1	5	-12.4139
6	-1	6	-12.3564
6	-1	7	-12.2913
6	-1	8	-12.2403
6	-1	9	-12.2133
6	-1	10	-12.146
6	-1	11	-12.1222
6	-1	12	-12.0711
6	-1	13	-12.0333
6	-1	14	-12
6	-1	15	-9.82319
6	-1	16	-9.7492
6	-1	17	-9.70489
6	-1	18	-9.63719
6	-1	19	-9.57964
6	-1	20	-9.52446
6	-1	21	-9.51769
6	-1	22	-9.46493
6	-1	23	-9.38945
6	-1	24	-9.30106
6	-1	25	-9.28286
6	-1	26	-9.1974
6	-1	27	-9.1719
6	-1	28	-9.12349
6	-1	29	-9.08949
6	-1	30	-9.06066
6	-1	31	-9.04252
6	-1	32	-8.97629
6	-1	33	-8.95202
6	-1	34	-8.94088
6	-1	35	-8.8858
6	-1	36	-8.87515
6	-1	37	-8.86044
6	-1	38	-8.84601
6	-1	39	-8.84071
6	-1	40	-8.7748
6	-1	41	-8.76365
6	-1	42	-8.73724
6	-1	43	-8.72713
6	-1	44	-8.67845
6	-1	45	-8.64934
6	-1	46	-8.62338
6	-1	47	-8.60037
6	-1	48	-8.59033
6	-1	49	-8.53851
6	-1	50	-8.53426
6	-1	51	-8.51458
6	-1	52	-8.46278
6	-1	53	-8.44103
6	-1	54	-8.42646
6	-1	55	-8.41049
6	-1	56	-8.40097
6	-1	57	-8.35535
6	-1	58	-8.33438
6	-1	59	-8.33312
6	-1	60	-8.32617
6	-1	61	-8.29487
6	-1	62	-8.27965
6	-1	63	-8.27748
6	-1	64	-8.26222
6	-1	65	-8.22331
6	-1	66	-8.21023
6	-1	67	-8.18919
6	-1	68	-8.18252
6	-1	69	-8.17714
6	-1	70	-8.15693
6	-1	71	-8.11146
6	-1	72	-8.07266
6	-1	73	-8.06692
6	-1	74	-8.0638
6	-1	75	-8.04712
6	-1	76	-8.03691
6	-1	77	-8.03314
6	-1	78	-8.02787
6	-1	79	-8
6	-1	80	-8
6	-1	81	-8
6	-1	82	-7.98716
6	-1	83	-7.97332
6	-1	84	-7.96413
6	-1	85	-7.96354
6	-1	86	-7.9166
6	-1	87	-7.9074
6	-1	88	-7.90501
6	-1	89	-7.87392
6	-1	90	-7.84396
6	-1	91	-7.82827
6	-1	92	-7.7779
6	-1	93	-7.73454
6	-1	94	-7.72915
6	-1	95	-7.72252
6	-1	96	-7.71954
6	-1	97	-7.66524
6	-1	98	-7.6393
6	-1	99	-7.63307
6	-1	100	-7.59903
6	-1	101	-7.59422
6	-1	102	-7.53591
6	-1	103	-7.51584
6	-1	104	-7.49491
6	-1	105	-7.48304
6	-1	106	-7.40406
6	-1	107	-7.39093
6	-1	108	-7.37016
6	-1	109	-7.32155
6	-1	110	-7.3031
6	-1	111	-7.29248
6	-1	112	-7.29119
6	-1	113	-7.2427
6	-1	114	-7.1992
6	-1	115	-7.19453
6	-1	116	-7.15675
6	-1	117	-7.15399
6	-1	118	-7.09558
6	-1	119	-7.09005
6	-1	120	-7.05259
6	-1	121	-7.04088
6	-1	122	-6.97036
6	-1	123	-6.92539
6	-1	124	-6.87651
6	-1	125	-6.85109
6	-1	126	-6.80058
6	-1	127	-6.79493
6	-1	128	-6.75366
6	-1	129	-6.66288
6	-1	130	-6.61738
6	-1	131	-6.53138
6	-1	132	-6.48159
6	-1	133	-6.47554
6	-1	134	-6.42368
6	-1	135	-5.52446
6	-1	136	-5.46862
6	-1	137	-5.40275
6	-1	138	-5.33712
6	-1	139	-5.20507
6	-1	140	-5.12349
6	-1	141	-5.07801
6	-1	142	-5.07461
6	-1	143	-5.01707
6	-1	144	-4.95912
6	-1	145	-4.84601
6	-1	146	-4.84325
6	-1	147	-4.80547
6	-1	148	-4.75757
6	-1	149	-4.73129
6	-1	150	-4.70752
6	-1	151	-4.67845
6	-1	152	-4.62984
6	-1	153	-4.60907
6	-1	154	-4.57326
6	-1	155	-4.51696
6	-1	156	-4.51043
6	-1	157	-4.40578
6	-1	158	-4.40097
6	-1	159	-4.3607
6	-1	160	-4.31377
6	-1	161	-4.30075
6	-1	162	-4.27748
6	-1	163	-4.26546
6	-1	164	-4.2221
6	-1	165	-4.17173
6	-1	166	-4.15798
6	-1	167	-4.09499
6	-1	168	-4.08025
6	-1	169	-4
6	-1	170	-4
6	-1	171	-4
6	-1	172	-3.97213
6	-1	173	-3.96686
6	-1	174	-3.95288
6	-1	175	-3.9362
6	-1	176	-3.92825
6	-1	177	-3.89842
6	-1	178	-3.88854
6	-1	179	-3.86147
6	-1	180	-3.85728
6	-1	181	-3.84307
6	-1	182	-3.81081
6	-1	183	-3.78977
6	-1	184	-3.73778
6	-1	185	-3.73564
6	-1	186	-3.72252
6	-1	187	-3.66688
6	-1	188	-3.64465
6	-1	189	-3.63626
6	-1	190	-3.60179
6	-1	191	-3.59903
6	-1	192	-3.55897
6	-1	193	-3.53722
6	-1	194	-3.51284
6	-1	195	-3.51024
6	-1	196	-3.46574
6	-1	197	-3.40967
6	-1	198	-3.37662
6	-1	199	-3.32155
6	-1	200	-3.29113
6	-1	201	-3.28801
6	-1	202	-3.27287
6	-1	203	-3.21612
6	-1	204	-3.15929
6	-1	205	-3.15399
6	-1	206	-3.1142
6	-1	207	-3.06904
6	-1	208	-3.04798
6	-1	209	-3.02371
6	-1	210	-2.94165
6	-1	211	-2.93934
6	-1	212	-2.87651
6	-1	213	-2.86124
6	-1	214	-2.8281
6	-1	215	-2.77231
6	-1	216	-2.71714
6	-1	217	-2.61055
6	-1	218	-2.51126
6	-1	219	-2.47554
6	-1	220	-2.42036
6	-1	221	-2.35702
6	-1	222	-2.29511
6	-1	223	-2.17681
6	-1	224	-2.06756
6	0	0	-12.884
6	0	1	-12.7683
6	0	2	-12.6333
6	0	3	-12.5799
6	0	4	-12.5388
6	0	5	-12.5037
6	0	6	-12.4786
6	0	7	-12.441
6	0	8	-12.4139
6	0	9	-12.3564
6	0	10	-12.3286
6	0	11	-12.2913
6	0	12	-12.2403
6	0	13	-12.2133
6	0	14	-12.146
6	0	15	-12.1222
6	0	16	-12.1154
6	0	17	-12.0711
6	0	18	-12.0333
6	0	19	-12
6	0	20	-9.93244
6	0	21	-9.85248
6	0	22	-9.82319
6	0	23	-9.7492
6	0	24	-9.70489
6	0	25	-9.64298
6	0	26	-9.63719
6	0	27	-9.57964
6	0	28	-9.57804
6	0	29	-9.52446
6	0	30	-9.51769
6	0	31	-9.48874
6	0	32	-9.46493
6	0	33	-9.39797
6	0	34	-9.38945
6	0	35	-9.30106
6	0	36	-9.28286
6	0	37	-9.22769
6	0	38	-9.1974
6	0	39	-9.1719
6	0	40	-9.14365
6	0	41	-9.13876
6	0	42	-9.12349
6	0	43	-9.08949
6	0	44	-9.06066
6	0	45	-9.05835
6	0	46	-9.04252
6	0	47	-9.01551
6	0	48	-8.98188
6	0	49	-8.97629
6	0	50	-8.95202
6	0	51	-8.94088
6	0	52	-8.93096
6	0	53	-8.8858
6	0	54	-8.87515
6	0	55	-8.86044
6	0	56	-8.84601
6	0	57	-8.84071
6	0	58	-8.81751
6	0	59	-8.78388
6	0	60	-8.7748
6	0	61	-8.76365
6	0	62	-8.73724
6	0	63	-8.72713
6	0	64	-8.71199
6	0	65	-8.70887
6	0	66	-8.70638
6	0	67	-8.67845
6	0	68	-8.66014
6	0	69	-8.64934
6	0	70	-8.62338
6	0	71	-8.60037
6	0	72	-8.59936
6	0	73	-8.59033
6	0	74	-8.53851
6	0	75	-8.53426
6	0	76	-8.51458
6	0	77	-8.48976
6	0	78	-8.48716
6	0	79	-8.46278
6	0	80	-8.45891
6	0	81	-8.44103
6	0	82	-8.42646
6	0	83	-8.41049
6	0	84	-8.40097
6	0	85	-8.39821
6	0	86	-8.37989
6	0	87	-8.36374
6	0	88	-8.35535
6	0	89	-8.3454
6	0	90	-8.33438
6	0	91	-8.33312
6	0	92	-8.32617
6	0	93	-8.29487
6	0	94	-8.27965
6	0	95	-8.2775
6	0	96	-8.27748
6	0	97	-8.26436
6	0	98	-8.26222
6	0	99	-8.22331
6	0	100	-8.21023
6	0	101	-8.18919
6	0	102	-8.18252
6	0	103	-8.17714
6	0	104	-8.15693
6	0	105	-8.14489
6	0	106	-8.14272
6	0	107	-8.13853
6	0	108	-8.11146
6	0	109	-8.11124
6	0	110	-8.10158
6	0	111	-8.07617
6	0	112	-8.07266
6	0	113	-8.07175
6	0	114	-8.06692
6	0	115	-8.0638
6	0	116	-8.04712
6	0	117	-8.03691
6	0	118	-8.03314
6	0	119	-8.02787
6	0	120	-8.01773
6	0	121	-8
6	0	122	-8
6	0	123	-8
6	0	124	-7.98716
6	0	125	-7.97332
6	0	126	-7.96413
6	0	127	-7.96354
6	0	128	-7.9466
6	0	129	-7.91975
6	0	130	-7.9166
6	0	131	-7.9074
6	0	132	-7.90501
6	0	133	-7.87392
6	0	134	-7.84396
6	0	135	-7.84202
6	0	136	-7.82827
6	0	137	-7.823
6	0	138	-7.78234
6	0	139	-7.7779
6	0	140	-7.73454
6	0	141	-7.72915
6	0	142	-7.72252
6	0	143	-7.71954
6	0	144	-7.69925
6	0	145	-7.68623
6	0	146	-7.66524
6	0	147	-7.6393
6	0	148	-7.63307
6	0	149	-7.62164
6	0	150	-7.59903
6	0	151	-7.59422
6	0	152	-7.58381
6	0	153	-7.53591
6	0	154	-7.51584
6	0	155	-7.49491
6	0	156	-7.48957
6	0	157	-7.48304
6	0	158	-7.42674
6	0	159	-7.4069
6	0	160	-7.40406
6	0	161	-7.39093
6	0	162	-7.37016
6	0	163	-7.34777
6	0	164	-7.32155
6	0	165	-7.3031
6	0	166	-7.29248
6	0	167	-7.29119
6	0	168	-7.26871
6	0	169	-7.2427
6	0	170	-7.24243
6	0	171	-7.20557
6	0	172	-7.1992
6	0	173	-7.19453
6	0	174	-7.15675
6	0	175	-7.15399
6	0	176	-7.14634
6	0	177	-7.09558
6	0	178	-7.09005
6	0	179	-7.05259
6	0	180	-7.04088
6	0	181	-6.98293
6	0	182	-6.97036
6	0	183	-6.92539
6	0	184	-6.92199
6	0	185	-6.91058
6	0	186	-6.88388
6	0	187	-6.87651
6	0	188	-6.85109
6	0	189	-6.80058
6	0	190	-6.79493
6	0	191	-6.75366
6	0	192	-6.66288
6	0	193	-6.61738
6	0	194	-6.59725
6	0	195	-6.54984
6	0	196	-6.53138
6	0	197	-6.48159
6	0	198	-6.47554
6	0	199	-6.42368
6	0	200	-5.57632
6	0	201	-5.52446
6	0	202	-5.51841
6	0	203	-5.46862
6	0	204	-5.45016
6	0	205	-5.40275
6	0	206	-5.38262
6	0	207	-5.33712
6	0	208	-5.24634
6	0	209	-5.20507
6	0	210	-5.19942
6	0	211	-5.14891
6	0	212	-5.12349
6	0	213	-5.11612
6	0	214	-5.08942
6	0	215	-5.07801
6	0	216	-5.07461
6	0	217	-5.02964
6	0	218	-5.01707
6	0	219	-4.95912
6	0	220	-4.94741
6	0	221	-4.90995
6	0	222	-4.90442
6	0	223	-4.85366
6	0	224	-4.84601
6	0	225	-4.84325
6	0	226	-4.80547
6	0	227	-4.8008
6	0	228	-4.79443
6	0	229	-4.75757
6	0	230	-4.7573
6	0	231	-4.73129
6	0	232	-4.70881
6	0	233	-4.70752
6	0	234	-4.6969
6	0	235	-4.67845
6	0	236	-4.65223
6	0	237	-4.62984
6	0	238	-4.60907
6	0	239	-4.59594
6	0	240	-4.5931
6	0	241	-4.57326
6	0	242	-4.51696
6	0	243	-4.51043
6	0	244	-4.50509
6	0	245	-4.48416
6	0	246	-4.46409
6	0	247	-4.41619
6	0	248	-4.40578
6	0	249	-4.40097
6	0	250	-4.37836
6	0	251	-4.36693
6	0	252	-4.3607
6	0	253	-4.33476
6	0	254	-4.31377
6	0	255	-4.30075
6	0	256	-4.28046
6	0	257	-4.27748
6	0	258	-4.27085
6	0	259	-4.26546
6	0	260	-4.2221
6	0	261	-4.21766
6	0	262	-4.177
6	0	263	-4.17173
6	0	264	-4.15798
6	0	265	-4.15604
6	0	266	-4.12608
6	0	267	-4.09499
6	0	268	-4.0926
6	0	269	-4.0834
6	0	270	-4.08025
6	0	271	-4.0534
6	0	272	-4.03646
6	0	273	-4.03587
6	0	274	-4.02668
6	0	275	-4.01284
6	0	276	-4
6	0	277	-4
6	0	278	-4
6	0	279	-3.98227
6	0	280	-3.97213
6	0	281	-3.96686
6	0	282	-3.96309
6	0	283	-3.95288
6	0	284	-3.9362
6	0	285	-3.93308
6	0	286	-3.92825
6	0	287	-3.92734
6	0	288	-3.92383
6	0	289	-3.89842
6	0	290	-3.88876
6	0	291	-3.88854
6	0	292	-3.86147
6	0	293	-3.85728
6	0	294	-3.85511
6	0	295	-3.84307
6	0	296	-3.82286
6	0	297	-3.81748
6	0	298	-3.81081
6	0	299	-3.78977
6	0	300	-3.77669
6	0	301	-3.73778
6	0	302	-3.73564
6	0	303	-3.72252
6	0	304	-3.7225
6	0	305	-3.72035
6	0	306	-3.70513
6	0	307	-3.67383
6	0	308	-3.66688
6	0	309	-3.66562
6	0	310	-3.6546
6	0	311	-3.64465
6	0	312	-3.63626
6	0	313	-3.62011
6	0	314	-3.60179
6	0	315	-3.59903
6	0	316	-3.58951
6	0	317	-3.57354
6	0	318	-3.55897
6	0	319	-3.54109
6	0	320	-3.53722
6	0	321	-3.51284
6	0	322	-3.51024
6	0	323	-3.48542
6	0	324	-3.46574
6	0	325	-3.46149
6	0	326	-3.40967
6	0	327	-3.40064
6	0	328	-3.39963
6	0	329	-3.37662
6	0	330	-3.35066
6	0	331	-3.33986
6	0	332	-3.32155
6	0	333	-3.29362
6	0	334	-3.29113
6	0	335	-3.28801
6	0	336	-3.27287
6	0	337	-3.26276
6	0	338	-3.23635
6	0	339	-3.2252
6	0	340	-3.21612
6	0	341	-3.18249
6	0	342	-3.15929
6	0	343	-3.15399
6	0	344	-3.13956
6	0	345	-3.12485
6	0	346	-3.1142
6	0	347	-3.06904
6	0	348	-3.05912
6	0	349	-3.04798
6	0	350	-3.02371
6	0	351	-3.01812
6	0	352	-2.98449
6	0	353	-2.95748
6	0	354	-2.94165
6	0	355	-2.93934
6	0	356	-2.91051
6	0	357	-2.87651
6	0	358	-2.86124
6	0	359	-2.85635
6	0	360	-2.8281
6	0	361	-2.8026
6	0	362	-2.77231
6	0	363	-2.71714
6	0	364	-2.69894
6	0	365	-2.61055
6	0	366	-2.60203
6	0	367	-2.53507
6	0	368	-2.51126
6	0	369	-2.48231
6	0	370	-2.47554
6	0	371	-2.42196
6	0	372	-2.42036
6	0	373	-2.36281
6	0	374	-2.35702
6	0	375	-2.29511
6	0	376	-2.2508
6	0	377	-2.17681
6	0	378	-2.14752
6	0	379	-2.06756
6	0	380	-7.65216e-16
6	0	381	0.0332695
6	0	382	0.071073
6	0	383	0.115363
6	0	384	0.122204
6	0	385	0.146025
6	0	386	0.213256
6	0	387	0.24035
6	0	388	0.291268
6	0	389	0.328593
6	0	390	0.356374
6	0	391	0.413906
6	0	392	0.441026
6	0	393	0.478578
6	0	394	0.503724
6	0	395	0.538834
6	0	396	0.579864
6	0	397	0.633292
6	0	398	0.768292
6	0	399	0.884049
6	1	0	-12.7683
6	1	1	-12.6333
6	1	2	-12.5388
6	1	3	-12.5037
6	1	4	-12.441
6	1	5	-12.4139
6	1	6	-12.3564
6	1	7	-12.2913
6	1	8	-12.2403
6	1	9	-12.2133
6	1	10	-12.146
6	1	11	-12.1222
6	1	12	-12.0711
6	1	13	-12.0333
6	1	14	-12
6	1	15	-9.82319
6	1	16	-9.7492
6	1	17	-9.70489
6	1	18	-9.63719
6	1	19	-9.57964
6	1	20	-9.52446
6	1	21	-9.51769
6	1	22	-9.46493
6	1	23	-9.38945
6	1	24	-9.30106
6	1	25	-9.28286
6	1	26	-9.1974
6	1	27	-9.1719
6	1	28	-9.12349
6	1	29	-9.08949
6	1	30	-9.06066
6	1	31	-9.04252
6	1	32	-8.97629
6	1	33	-8.95202
6	1	34	-8.94088
6	1	35	-8.8858
6	1	36	-8.87515
6	1	37	-8.86044
6	1	38	-8.84601
6	1	39	-8.84071
6	1	40	-8.7748
6	1	41	-8.76365
6	1	42	-8.73724
6	1	43	-8.72713
6	1	44	-8.67845
6	1	45	-8.64934
6	1	46	-8.62338
6	1	47	-8.60037
6	1	48	-8.59033
6	1	49	-8.53851
6	1	50	-8.53426
6	1	51	-8.51458
6	1	52	-8.46278
6	1	53	-8.44103
6	1	54	-8.42646
6	1	55	-8.41049
6	1	56	-8.40097
6	1	57	-8.35535
6	1	58	-8.33438
6	1	59	-8.33312
6	1	60	-8.32617
6	1	61	-8.29487
6	1	62	-8.27965
6	1	63	-8.27748
6	1	64	-8.26222
6	1	65	-8.22331
6	1	66	-8.21023
6	1	67	-8.18919
6	1	68	-8.18252
6	1	69	-8.17714
6	1	70	-8.15693
6	1	71	-8.11146
6	1	72	-8.07266
6	1	73	-8.06692
6	1	74	-8.0638
6	1	75	-8.04712
6	1	76	-8.03691
6	1	77	-8.03314
6	1	78	-8.02787
6	1	79	-8
6	1	80	-8
6	1	81	-8
6	1	82	-7.98716
6	1	83	-7.97332
6	1	84	-7.96413
6	1	85	-7.96354
6	1	86	-7.9166
6	1	87	-7.9074
6	1	88	-7.90501
6	1	89	-7.87392
6	1	90	-7.84396
6	1	91	-7.82827
6	1	92	-7.7779
6	1	93	-7.73454
6	1	94	-7.72915
6	1	95	-7.72252
6	1	96	-7.71954
6	1	97	-7.66524
6	1	98	-7.6393
6	1	99	-7.63307
6	1	100	-7.59903
6	1	101	-7.59422
6	1	102	-7.53591
6	1	103	-7.51584
6	1	104	-7.49491
6	1	105	-7.48304
6	1	106	-7.40406
6	1	107	-7.39093
6	1	108	-7.37016
6	1	109	-7.32155
6	1	110	-7.3031
6	1	111	-7.29248
6	1	112	-7.29119
6	1	113	-7.2427
6	1	114	-7.1992
6	1	115	-7.19453
6	1	116	-7.15675
6	1	117	-7.15399
6	1	118	-7.09558
6	1	119	-7.09005
6	1	120	-7.05259
6	1	121	-7.04088
6	1	122	-6.97036
6	1	123	-6.92539
6	1	124	-6.87651
6	1	125	-6.85109
6	1	126	-6.80058
6	1	127	-6.79493
6	1	128	-6.75366
6	1	129	-6.66288
6	1	130	-6.61738
6	1	131	-6.53138
6	1	132	-6.48159
6	1	133	-6.47554
6	1	134	-6.42368
6	1	135	-5.52446
6	1	136	-5.46862
6	1	137	-5.40275
6	1	138	-5.33712
6	1	139	-5.20507
6	1	140	-5.12349
6	1	141	-5.07801
6	1	142	-5.07461
6	1	143	-5.01707
6	1	144	-4.95912
6	1	145	-4.84601
6	1	146	-4.84325
6	1	147	-4.80547
6	1	148	-4.75757
6	1	149	-4.73129
6	1	150	-4.70752
6	1	151	-4.67845
6	1	152	-4.62984
6	1	153	-4.60907
6	1	154	-4.57326
6	1	155	-4.51696
6	1	156	-4.51043
6	1	157	-4.40578
6	1	158	-4.40097
6	1	159	-4.3607
6	1	160	-4.31377
6	1	161	-4.30075
6	1	162	-4.27748
6	1	163	-4.26546
6	1	164	-4.2221
6	1	165	-4.17173
6	1	166	-4.15798
6	1	167	-4.09499
6	1	168	-4.08025
6	1	169	-4
6	1	170	-4
6	1	171	-4
6	1	172	-3.97213
6	1	173	-3.96686
6	1	174	-3.95288
6	1	175	-3.9362
6	1	176	-3.92825
6	1	177	-3.89842
6	1	178	-3.88854
6	1	179	-3.86147
6	1	180	-3.85728
6	1	181	-3.84307
6	1	182	-3.81081
6	1	183	-3.78977
6	1	184	-3.73778
6	1	185	-3.73564
6	1	186	-3.72252
6	1	187	-3.66688
6	1	188	-3.64465
6	1	189	-3.63626
6	1	190	-3.60179
6	1	191	-3.59903
6	1	192	-3.55897
6	1	193	-3.53722
6	1	194	-3.51284
6	1	195	-3.51024
6	1	196	-3.46574
6	1	197	-3.40967
6	1	198	-3.37662
6	1	199	-3.32155
6	1	200	-3.29113
6	1	201	-3.28801
6	1	202	-3.27287
6	1	203	-3.21612
6	1	204	-3.15929
6	1	205	-3.15399
6	1	206	-3.1142
6	1	207	-3.06904
6	1	208	-3.04798
6	1	209	-3.02371
6	1	210	-2.94165
6	1	211	-2.93934
6	1	212	-2.87651
6	1	213	-2.86124
6	1	214	-2.8281
6	1	215	-2.77231
6	1	216	-2.71714
6	1	217	-2.61055
6	1	218	-2.51126
6	1	219	-2.47554
6	1	220	-2.42036
6	1	221	-2.35702
6	1	222	-2.29511
6	1	223	-2.17681
6	1	224	-2.06756
6	2	0	-12.441
6	2	1	-12.3564
6	2	2	-12.2403
6	2	3	-12.1222
6	2	4	-12.0333
6	2	5	-12
6	2	6	-9.52446
6	2	7	-9.46493
6	2	8	-9.12349
6	2	9	-9.04252
6	2	10	-8.84601
6	2	11	-8.73724
6	2	12	-8.67845
6	2	13	-8.60037
6	2	14	-8.40097
6	2	15	-8.29487
6	2	16	-8.27748
6	2	17	-8.22331
6	2	18	-8
6	2	19	-8
6	2	20	-8
6	2	21	-7.97332
6	2	22	-7.9166
6	2	23	-7.87392
6	2	24	-7.72252
6	2	25	-7.66524
6	2	26	-7.59903
6	2	27	-7.49491
6	2	28	-7.32155
6	2	29	-7.2427
6	2	30	-7.15399
6	2	31	-7.05259
6	2	32	-6.87651
6	2	33	-6.80058
6	2	34	-6.47554
6	2	35	-6.42368
6	3	0	-12
7	-2.5	0	-10.901
7	-2.5	1	-10.6235
7	-2.5	2	-10.2225
7	-2.5	3	-9.77748
7	-2.5	4	-9.37651
7	-2.5	5	-9.09903
7	-1.5	0	-11.2997
7	-1.5	1	-11.1923
7	-1.5	2	-11.058
7	-1.5	3	-10.9679
7	-1.5	4	-10.9456
7	-1.5	5	-10.901
7	-1.5	6	-10.877
7	-1.5	7	-10.7609
7	-1.5	8	-10.6625
7	-1.5	9	-10.6235
7	-1.5	10	-10.5326
7	-1.5	11	-10.4492
7	-1.5	12	-10.3445
7	-1.5	13	-10.257
7	-1.5	14	-10.2225
7	-1.5	15	-10.096
7	-1.5	16	-10.009
7	-1.5	17	-9.90097
7	-1.5	18	-9.81205
7	-1.5	19	-9.77748
7	-1.5	20	-9.73702
7	-1.5	21	-9.63855
7	-1.5	22	-9.51639
7	-1.5	23	-9.50538
7	-1.5	24	-9.41568
7	-1.5	25	-9.3939
7	-1.5	26	-9.37651
7	-1.5	27	-9.25711
7	-1.5	28	-9.14371
7	-1.5	29	-9.09903
7	-1.5	30	-7.74698
7	-1.5	31	-7.68455
7	-1.5	32	-7.55784
7	-1.5	33	-7.30194
7	-1.5	34	-7.24028
7	-1.5	35	-7.11879
7	-1.5	36	-6.90097
7	-1.5	37	-6.90097
7	-1.5	38	-6.85128
7	-1.5	39	-6.82813
7	-1.5	40	-6.75269
7	-1.5	41	-6.68843
7	-1.5	42	-6.62349
7	-1.5	43	-6.62349
7	-1.5	44	-6.58788
7	-1.5	45	-6.5367
7	-1.5	46	-6.51402
7	-1.5	47	-6.5
7	-1.5	48	-6.4389
7	-1.5	49	-6.36855
7	-1.5	50	-6.32183
7	-1.5	51	-6.22252
7	-1.5	52	-6.22252
7	-1.5	53	-6.17523
7	-1.5	54	-6.14718
7	-1.5	55	-6.08263
7	-1.5	56	-6.05496
7	-1.5	57	-6.00102
7	-1.5	58	-5.99463
7	-1.5	59	-5.94504
7	-1.5	60	-5.88317
7	-1.5	61	-5.88288
7	-1.5	62	-5.77748
7	-1.5	63	-5.77748
7	-1.5	64	-5.7608
7	-1.5	65	-5.73099
7	-1.5	66	-5.70287
7	-1.5	67	-5.64388
7	-1.5	68	-5.56182
7	-1.5	69	-5.5
7	-1.5	70	-5.4389
7	-1.5	71	-5.37651
7	-1.5	72	-5.37651
7	-1.5	73	-5.34233
7	-1.5	74	-5.32179
7	-1.5	75	-5.29095
7	-1.5	76	-5.27886
7	-1.5	77	-5.13187
7	-1.5	78	-5.09903
7	-1.5	79	-5.09903
7	-1.5	80	-5.04992
7	-1.5	81	-5.02673
7	-1.5	82	-4.95587
7	-1.5	83	-4.89129
7	-1.5	84	-4.69806
7	-1.5	85	-4.63752
7	-1.5	86	-4.52488
7	-1.5	87	-4.25302
7	-1.5	88	-4.19325
7	-1.5	89	-4.08597
7	-0.5	0	-11.5401
7	-0.5	1	-11.3877
7	-0.5	2	-11.2997
7	-0.5	3	-11.2709
7	-0.5	4	-11.1923
7	-0.5	5	-11.1729
7	-0.5	6	-11.0839
7	-0.5	7	-11.058
7	-0.5	8	-11.0431
7	-0.5	9	-10.9969
7	-0.5	10	-10.9679
7	-0.5	11	-10.9456
7	-0.5	12	-10.9448
7	-0.5	13	-10.901
7	-0.5	14	-10.877
7	-0.5	15	-10.7824
7	-0.5	16	-10.7609
7	-0.5	17	-10.7226
7	-0.5	18	-10.707
7	-0.5	19	-10.6625
7	-0.5	20	-10.6235
7	-0.5	21	-10.6015
7	-0.5	22	-10.5326
7	-0.5	23	-10.5104
7	-0.5	24	-10.4492
7	-0.5	25	-10.3638
7	-0.5	26	-10.3445
7	-0.5	27	-10.2995
7	-0.5	28	-10.2965
7	-0.5	29	-10.257
7	-0.5	30	-10.2225
7	-0.5	31	-10.1693
7	-0.5	32	-10.096
7	-0.5	33	-10.0733
7	-0.5	34	-10.009
7	-0.5	35	-9.96703
7	-0.5	36	-9.92064
7	-0.5	37	-9.90097
7	-0.5	38	-9.852
7	-0.5	39	-9.82016
7	-0.5	40	-9.81205
7	-0.5	41	-9.77748
7	-0.5	42	-9.75722
7	-0.5	43	-9.73702
7	-0.5	44	-9.71149
7	-0.5	45	-9.63855
7	-0.5	46	-9.59693
7	-0.5	47	-9.53889
7	-0.5	48	-9.51639
7	-0.5	49	-9.50538
7	-0.5	50	-9.47476
7	-0.5	51	-9.46101
7	-0.5	52	-9.41568
7	-0.5	53	-9.3939
7	-0.5	54	-9.37651
7	-0.5	55	-9.28355
7	-0.5	56	-9.25711
7	-0.5	57	-9.19536
7	-0.5	58	-9.14371
7	-0.5	59	-9.09903
7	-0.5	60	-7.91403
7	-0.5	61	-7.84403
7	-0.5	62	-7.80675
7	-0.5	63	-7.74698
7	-0.5	64	-7.74168
7	-0.5	65	-7.7034
7	-0.5	66	-7.68455
7	-0.5	67	-7.61007
7	-0.5	68	-7.55784
7	-0.5	69	-7.47512
7	-0.5	70	-7.41002
7	-0.5	71	-7.36248
7	-0.5	72	-7.30194
7	-0.5	73	-7.2997
7	-0.5	74	-7.28147
7	-0.5	75	-7.24028
7	-0.5	76	-7.17591
7	-0.5	77	-7.11879
7	-0.5	78	-7.10871
7	-0.5	79	-7.0563
7	-0.5	80	-7.04413
7	-0.5	81	-6.97327
7	-0.5	82	-6.97058
7	-0.5	83	-6.9511
7	-0.5	84	-6.95008
7	-0.5	85	-6.92282
7	-0.5	86	-6.90097
7	-0.5	87	-6.90097
7	-0.5	88	-6.87687
7	-0.5	89	-6.86813
7	-0.5	90	-6.85128
7	-0.5	91	-6.83037
7	-0.5	92	-6.82813
7	-0.5	93	-6.82765
7	-0.5	94	-6.82228
7	-0.5	95	-6.75269
7	-0.5	96	-6.74336
7	-0.5	97	-6.73683
7	-0.5	98	-6.72114
7	-0.5	99	-6.70905
7	-0.5	100	-6.68843
7	-0.5	101	-6.67821
7	-0.5	102	-6.67192
7	-0.5	103	-6.65767
7	-0.5	104	-6.63166
7	-0.5	105	-6.62349
7	-0.5	106	-6.62349
7	-0.5	107	-6.61711
7	-0.5	108	-6.59473
7	-0.5	109	-6.58788
7	-0.5	110	-6.56974
7	-0.5	111	-6.5611
7	-0.5	112	-6.5367
7	-0.5	113	-6.51402
7	-0.5	114	-6.5
7	-0.5	115	-6.5
7	-0.5	116	-6.5
7	-0.5	117	-6.46008
7	-0.5	118	-6.4389
7	-0.5	119	-6.43818
7	-0.5	120	-6.4
7	-0.5	121	-6.38876
7	-0.5	122	-6.38294
7	-0.5	123	-6.36855
7	-0.5	124	-6.35612
7	-0.5	125	-6.32183
7	-0.5	126	-6.29713
7	-0.5	127	-6.29227
7	-0.5	128	-6.2788
7	-0.5	129	-6.26901
7	-0.5	130	-6.24908
7	-0.5	131	-6.2392
7	-0.5	132	-6.22252
7	-0.5	133	-6.22252
7	-0.5	134	-6.1929
7	-0.5	135	-6.18301
7	-0.5	136	-6.17523
7	-0.5	137	-6.15511
7	-0.5	138	-6.14718
7	-0.5	139	-6.12966
7	-0.5	140	-6.11712
7	-0.5	141	-6.11683
7	-0.5	142	-6.08263
7	-0.5	143	-6.07808
7	-0.5	144	-6.05802
7	-0.5	145	-6.05496
7	-0.5	146	-6.05112
7	-0.5	147	-6.0455
7	-0.5	148	-6.00537
7	-0.5	149	-6.00102
7	-0.5	150	-5.99898
7	-0.5	151	-5.99463
7	-0.5	152	-5.9545
7	-0.5	153	-5.94888
7	-0.5	154	-5.94504
7	-0.5	155	-5.94198
7	-0.5	156	-5.92192
7	-0.5	157	-5.91737
7	-0.5	158	-5.88317
7	-0.5	159	-5.88288
7	-0.5	160	-5.87034
7	-0.5	161	-5.85282
7	-0.5	162	-5.84489
7	-0.5	163	-5.82477
7	-0.5	164	-5.81699
7	-0.5	165	-5.8071
7	-0.5	166	-5.77748
7	-0.5	167	-5.77748
7	-0.5	168	-5.7608
7	-0.5	169	-5.75092
7	-0.5	170	-5.73099
7	-0.5	171	-5.7212
7	-0.5	172	-5.70773
7	-0.5	173	-5.70287
7	-0.5	174	-5.67817
7	-0.5	175	-5.64388
7	-0.5	176	-5.63145
7	-0.5	177	-5.61706
7	-0.5	178	-5.61124
7	-0.5	179	-5.6
7	-0.5	180	-5.56182
7	-0.5	181	-5.5611
7	-0.5	182	-5.53992
7	-0.5	183	-5.5
7	-0.5	184	-5.5
7	-0.5	185	-5.5
7	-0.5	186	-5.48598
7	-0.5	187	-5.4633
7	-0.5	188	-5.4389
7	-0.5	189	-5.43026
7	-0.5	190	-5.41212
7	-0.5	191	-5.40527
7	-0.5	192	-5.38289
7	-0.5	193	-5.37651
7	-0.5	194	-5.37651
7	-0.5	195	-5.36834
7	-0.5	196	-5.34233
7	-0.5	197	-5.32808
7	-0.5	198	-5.32179
7	-0.5	199	-5.31157
7	-0.5	200	-5.29095
7	-0.5	201	-5.27886
7	-0.5	202	-5.26317
7	-0.5	203	-5.25664
7	-0.5	204	-5.24731
7	-0.5	205	-5.17772
7	-0.5	206	-5.17235
7	-0.5	207	-5.17187
7	-0.5	208	-5.16963
7	-0.5	209	-5.14872
7	-0.5	210	-5.13187
7	-0.5	211	-5.12313
7	-0.5	212	-5.09903
7	-0.5	213	-5.09903
7	-0.5	214	-5.07718
7	-0.5	215	-5.04992
7	-0.5	216	-5.0489
7	-0.5	217	-5.02942
7	-0.5	218	-5.02673
7	-0.5	219	-4.95587
7	-0.5	220	-4.9437
7	-0.5	221	-4.89129
7	-0.5	222	-4.88121
7	-0.5	223	-4.82409
7	-0.5	224	-4.75972
7	-0.5	225	-4.71853
7	-0.5	226	-4.7003
7	-0.5	227	-4.69806
7	-0.5	228	-4.63752
7	-0.5	229	-4.58998
7	-0.5	230	-4.52488
7	-0.5	231	-4.44216
7	-0.5	232	-4.38993
7	-0.5	233	-4.31545
7	-0.5	234	-4.2966
7	-0.5	235	-4.25832
7	-0.5	236	-4.25302
7	-0.5	237	-4.19325
7	-0.5	238	-4.15597
7	-0.5	239	-4.08597
7	-0.5	240	-2.90097
7	-0.5	241	-2.85629
7	-0.5	242	-2.80464
7	-0.5	243	-2.74289
7	-0.5	244	-2.71645
7	-0.5	245	-2.62349
7	-0.5	246	-2.6061
7	-0.5	247	-2.58432
7	-0.5	248	-2.53899
7	-0.5	249	-2.52524
7	-0.5	250	-2.49462
7	-0.5	251	-2.48361
7	-0.5	252	-2.46111
7	-0.5	253	-2.40307
7	-0.5	254	-2.36145
7	-0.5	255	-2.28851
7	-0.5	256	-2.26298
7	-0.5	257	-2.24278
7	-0.5	258	-2.22252
7	-0.5	259	-2.18795
7	-0.5	260	-2.17984
7	-0.5	261	-2.148
7	-0.5	262	-2.09903
7	-0.5	263	-2.07936
7	-0.5	264	-2.03297
7	-0.5	265	-1.99098
7	-0.5	266	-1.9267
7	-0.5	267	-1.904
7	-0.5	268	-1.83073
7	-0.5	269	-1.77748
7	-0.5	270	-1.74303
7	-0.5	271	-1.70349
7	-0.5	272	-1.70045
7	-0.5	273	-1.65546
7	-0.5	274	-1.63623
7	-0.5	275	-1.5508
7	-0.5	276	-1.48956
7	-0.5	277	-1.46743
7	-0.5	278	-1.39851
7	-0.5	279	-1.37651
7	-0.5	280	-1.33754
7	-0.5	281	-1.29296
7	-0.5	282	-1.2774
7	-0.5	283	-1.23911
7	-0.5	284	-1.21758
7	-0.5	285	-1.12296
7	-0.5	286	-1.09903
7	-0.5	287	-1.05524
7	-0.5	288	-1.05444
7	-0.5	289	-1.0321
7	-0.5	290	-1.00312
7	-0.5	291	-0.956857
7	-0.5	292	-0.941958
7	-0.5	293	-0.916053
7	-0.5	294	-0.827107
7	-0.5	295	-0.807743
7	-0.5	296	-0.729051
7	-0.5	297	-0.700317
7	-0.5	298	-0.612306
7	-0.5	299	-0.459895
7	0.5	0	-11.5401
7	0.5	1	-11.3877
7	0.5	2	-11.2997
7	0.5	3	-11.2709
7	0.5	4	-11.1923
7	0.5	5	-11.1729
7	0.5	6	-11.0839
7	0.5	7	-11.058
7	0.5	8	-11.0431
7	0.5	9	-10.9969
7	0.5	10	-10.9679
7	0.5	11	-10.9456
7	0.5	12	-10.9448
7	0.5	13	-10.901
7	0.5	14	-10.877
7	0.5	15	-10.7824
7	0.5	16	-10.7609
7	0.5	17	-10.7226
7	0.5	18	-10.707
7	0.5	19	-10.6625
7	0.5	20	-10.6235
7	0.5	21	-10.6015
7	0.5	22	-10.5326
7	0.5	23	-10.5104
7	0.5	24	-10.4492
7	0.5	25	-10.3638
7	0.5	26	-10.3445
7	0.5	27	-10.2995
7	0.5	28	-10.2965
7	0.5	29	-10.257
7	0.5	30	-10.2225
7	0.5	31	-10.1693
7	0.5	32	-10.096
7	0.5	33	-10.0733
7	0.5	34	-10.009
7	0.5	35	-9.96703
7	0.5	36	-9.92064
7	0.5	37	-9.90097
7	0.5	38	-9.852
7	0.5	39	-9.82016
7	0.5	40	-9.81205
7	0.5	41	-9.77748
7	0.5	42	-9.75722
7	0.5	43	-9.73702
7	0.5	44	-9.71149
7	0.5	45	-9.63855
7	0.5	46	-9.59693
7	0.5	47	-9.53889
7	0.5	48	-9.51639
7	0.5	49	-9.50538
7	0.5	50	-9.47476
7	0.5	51	-9.46101
7	0.5	52	-9.41568
7	0.5	53	-9.3939
7	0.5	54	-9.37651
7	0.5	55	-9.28355
7	0.5	56	-9.25711
7	0.5	57	-9.19536
7	0.5	58	-9.14371
7	0.5	59	-9.09903
7	0.5	60	-7.91403
7	0.5	61	-7.84403
7	0.5	62	-7.80675
7	0.5	63	-7.74698
7	0.5	64	-7.74168
7	0.5	65	-7.7034
7	0.5	66	-7.68455
7	0.5	67	-7.61007
7	0.5	68	-7.55784
7	0.5	69	-7.47512
7	0.5	70	-7.41002
7	0.5	71	-7.36248
7	0.5	72	-7.30194
7	0.5	73	-7.2997
7	0.5	74	-7.28147
7	0.5	75	-7.24028
7	0.5	76	-7.17591
7	0.5	77	-7.11879
7	0.5	78	-7.10871
7	0.5	79	-7.0563
7	0.5	80	-7.04413
7	0.5	81	-6.97327
7	0.5	82	-6.97058
7	0.5	83	-6.9511
7	0.5	84	-6.95008
7	0.5	85	-6.92282
7	0.5	86	-6.90097
7	0.5	87	-6.90097
7	0.5	88	-6.87687
7	0.5	89	-6.86813
7	0.5	90	-6.85128
7	0.5	91	-6.83037
7	0.5	92	-6.82813
7	0.5	93	-6.82765
7	0.5	94	-6.82228
7	0.5	95	-6.75269
7	0.5	96	-6.74336
7	0.5	97	-6.73683
7	0.5	98	-6.72114
7	0.5	99	-6.70905
7	0.5	100	-6.68843
7	0.5	101	-6.67821
7	0.5	102	-6.67192
7	0.5	103	-6.65767
7	0.5	104	-6.63166
7	0.5	105	-6.62349
7	0.5	106	-6.62349
7	0.5	107	-6.61711
7	0.5	108	-6.59473
7	0.5	109	-6.58788
7	0.5	110	-6.56974
7	0.5	111	-6.5611
7	0.5	112	-6.5367
7	0.5	113	-6.51402
7	0.5	114	-6.5
7	0.5	115	-6.5
7	0.5	116	-6.5
7	0.5	117	-6.46008
7	0.5	118	-6.4389
7	0.5	119	-6.43818
7	0.5	120	-6.4
7	0.5	121	-6.38876
7	0.5	122	-6.38294
7	0.5	123	-6.36855
7	0.5	124	-6.35612
7	0.5	125	-6.32183
7	0.5	126	-6.29713
7	0.5	127	-6.29227
7	0.5	128	-6.2788
7	0.5	129	-6.26901
7	0.5	130	-6.24908
7	0.5	131	-6.2392
7	0.5	132	-6.22252
7	0.5	133	-6.22252
7	0.5	134	-6.1929
7	0.5	135	-6.18301
7	0.5	136	-6.17523
7	0.5	137	-6.15511
7	0.5	138	-6.14718
7	0.5	139	-6.12966
7	0.5	140	-6.11712
7	0.5	141	-6.11683
7	0.5	142	-6.08263
7	0.5	143	-6.07808
7	0.5	144	-6.05802
7	0.5	145	-6.05496
7	0.5	146	-6.05112
7	0.5	147	-6.0455
7	0.5	148	-6.00537
7	0.5	149	-6.00102
7	0.5	150	-5.99898
7	0.5	151	-5.99463
7	0.5	152	-5.9545
7	0.5	153	-5.94888
7	0.5	154	-5.94504
7	0.5	155	-5.94198
7	0.5	156	-5.92192
7	0.5	157	-5.91737
7	0.5	158	-5.88317
7	0.5	159	-5.88288
7	0.5	160	-5.87034
7	0.5	161	-5.85282
7	0.5	162	-5.84489
7	0.5	163	-5.82477
7	0.5	164	-5.81699
7	0.5	165	-5.8071
7	0.5	166	-5.77748
7	0.5	167	-5.77748
7	0.5	168	-5.7608
7	0.5	169	-5.75092
7	0.5	170	-5.73099
7	0.5	171	-5.7212
7	0.5	172	-5.70773
7	0.5	173	-5.70287
7	0.5	174	-5.67817
7	0.5	175	-5.64388
7	0.5	176	-5.63145
7	0.5	177	-5.61706
7	0.5	178	-5.61124
7	0.5	179	-5.6
7	0.5	180	-5.56182
7	0.5	181	-5.5611
7	0.5	182	-5.53992
7	0.5	183	-5.5
7	0.5	184	-5.5
7	0.5	185	-5.5
7	0.5	186	-5.48598
7	0.5	187	-5.4633
7	0.5	188	-5.4389
7	0.5	189	-5.43026
7	0.5	190	-5.41212
7	0.5	191	-5.40527
7	0.5	192	-5.38289
7	0.5	193	-5.37651
7	0.5	194	-5.37651
7	0.5	195	-5.36834
7	0.5	196	-5.34233
7	0.5	197	-5.32808
7	0.5	198	-5.32179
7	0.5	199	-5.31157
7	0.5	200	-5.29095
7	0.5	201	-5.27886
7	0.5	202	-5.26317
7	0.5	203	-5.25664
7	0.5	204	-5.24731
7	0.5	205	-5.17772
7	0.5	206	-5.17235
7	0.5	207	-5.17187
7	0.5	208	-5.16963
7	0.5	209	-5.14872
7	0.5	210	-5.13187
7	0.5	211	-5.12313
7	0.5	212	-5.09903
7	0.5	213	-5.09903
7	0.5	214	-5.07718
7	0.5	215	-5.04992
7	0.5	216	-5.0489
7	0.5	217	-5.02942
7	0.5	218	-5.02673
7	0.5	219	-4.95587
7	0.5	220	-4.9437
7	0.5	221	-4.89129
7	0.5	222	-4.88121
7	0.5	223	-4.82409
7	0.5	224	-4.75972
7	0.5	225	-4.71853
7	0.5	226	-4.7003
7	0.5	227	-4.69806
7	0.5	228	-4.63752
7	0.5	229	-4.58998
7	0.5	230	-4.52488
7	0.5	231	-4.44216
7	0.5	232	-4.38993
7	0.5	233	-4.31545
7	0.5	234	-4.2966
7	0.5	235	-4.25832
7	0.5	236	-4.25302
7	0.5	237	-4.19325
7	0.5	238	-4.15597
7	0.5	239	-4.08597
7	0.5	240	-2.90097
7	0.5	241	-2.85629
7	0.5	242	-2.80464
7	0.5	243	-2.74289
7	0.5	244	-2.71645
7	0.5	245	-2.62349
7	0.5	246	-2.6061
7	0.5	247	-2.58432
7	0.5	248	-2.53899
7	0.5	249	-2.52524
7	0.5	250	-2.49462
7	0.5	251	-2.48361
7	0.5	252	-2.46111
7	0.5	253	-2.40307
7	0.5	254	-2.36145
7	0.5	255	-2.28851
7	0.5	256	-2.26298
7	0.5	257	-2.24278
7	0.5	258	-2.22252
7	0.5	259	-2.18795
7	0.5	260	-2.17984
7	0.5	261	-2.148
7	0.5	262	-2.09903
7	0.5	263	-2.07936
7	0.5	264	-2.03297
7	0.5	265	-1.99098
7	0.5	266	-1.9267
7	0.5	267	-1.904
7	0.5	268	-1.83073
7	0.5	269	-1.77748
7	0.5	270	-1.74303
7	0.5	271	-1.70349
7	0.5	272	-1.70045
7	0.5	273	-1.65546
7	0.5	274	-1.63623
7	0.5	275	-1.5508
7	0.5	276	-1.48956
7	0.5	277	-1.46743
7	0.5	278	-1.39851
7	0.5	279	-1.37651
7	0.5	280	-1.33754
7	0.5	281	-1.29296
7	0.5	282	-1.2774
7	0.5	283	-1.23911
7	0.5	284	-1.21758
7	0.5	285	-1.12296
7	0.5	286	-1.09903
7	0.5	287	-1.05524
7	0.5	288	-1.05444
7	0.5	289	-1.0321
7	0.5	290	-1.00312
7	0.5	291	-0.956857
7	0.5	292	-0.941958
7	0.5	293	-0.916053
7	0.5	294	-0.827107
7	0.5	295	-0.807743
7	0.5	296	-0.729051
7	0.5	297	-0.700317
7	0.5	298	-0.612306
7	0.5	299	-0.459895
7	1.5	0	-11.2997
7	1.5	1	-11.1923
7	1.5	2	-11.058
7	1.5	3	-10.9679
7	1.5	4	-10.9456
7	1.5	5	-10.901
7	1.5	6	-10.877
7	1.5	7	-10.7609
7	1.5	8	-10.6625
7	1.5	9	-10.6235
7	1.5	10	-10.5326
7	1.5	11	-10.4492
7	1.5	12	-10.3445
7	1.5	13	-10.257
7	1.5	14	-10.2225
7	1.5	15	-10.096
7	1.5	16	-10.009
7	1.5	17	-9.90097
7	1.5	18	-9.81205
7	1.5	19	-9.77748
7	1.5	20	-9.73702
7	1.5	21	-9.63855
7	1.5	22	-9.51639
7	1.5	23	-9.50538
7	1.5	24	-9.41568
7	1.5	25	-9.3939
7	1.5	26	-9.37651
7	1.5	27	-9.25711
7	1.5	28	-9.14371
7	1.5	29	-9.09903
7	1.5	30	-7.74698
7	1.5	31	-7.68455
7	1.5	32	-7.55784
7	1.5	33	-7.30194
7	1.5	34	-7.24028
7	1.5	35	-7.11879
7	1.5	36	-6.90097
7	1.5	37	-6.90097
7	1.5	38	-6.85128
7	1.5	39	-6.82813
7	1.5	40	-6.75269
7	1.5	41	-6.68843
7	1.5	42	-6.62349
7	1.5	43	-6.62349
7	1.5	44	-6.58788
7	1.5	45	-6.5367
7	1.5	46	-6.51402
7	1.5	47	-6.5
7	1.5	48	-6.4389
7	1.5	49	-6.36855
7	1.5	50	-6.32183
7	1.5	51	-6.22252
7	1.5	52	-6.22252
7	1.5	53	-6.17523
7	1.5	54	-6.14718
7	1.5	55	-6.08263
7	1.5	56	-6.05496
7	1.5	57	-6.00102
7	1.5	58	-5.99463
7	1.5	59	-5.94504
7	1.5	60	-5.88317
7	1.5	61	-5.88288
7	1.5	62	-5.77748
7	1.5	63	-5.77748
7	1.5	64	-5.7608
7	1.5	65	-5.73099
7	1.5	66	-5.70287
7	1.5	67	-5.64388
7	1.5	68	-5.56182
7	1.5	69	-5.5
7	1.5	70	-5.4389
7	1.5	71	-5.37651
7	1.5	72	-5.37651
7	1.5	73	-5.34233
7	1.5	74	-5.32179
7	1.5	75	-5.29095
7	1.5	76	-5.27886
7	1.5	77	-5.13187
7	1.5	78	-5.09903
7	1.5	79	-5.09903
7	1.5	80	-5.04992
7	1.5	81	-5.02673
7	1.5	82	-4.95587
7	1.5	83	-4.89129
7	1.5	84	-4.69806
7	1.5	85	-4.63752
7	1.5	86	-4.52488
7	1.5	87	-4.25302
7	1.5	88	-4.19325
7	1.5	89	-4.08597
7	2.5	0	-10.901
7	2.5	1	-10.6235
7	2.5	2	-10.2225
7	2.5	3	-9.77748
7	2.5	4	-9.37651
7	2.5	5	-9.09903
8	-2	0	-9.52446
8	-2	1	-9.12349
8	-2	2	-8.84601
8	-2	3	-8.67845
8	-2	4	-8.40097
8	-2	5	-8.27748
8	-2	6	-8
8	-2	7	-8
8	-2	8	-8
8	-2	9	-7.72252
8	-2	10	-7.59903
8	-2	11	-7.32155
8	-2	12	-7.15399
8	-2	13	-6.87651
8	-2	14	-6.47554
8	-1	0	-9.82319
8	-1	1	-9.70489
8	-1	2	-9.57964
8	-1	3	-9.52446
8	-1	4	-9.38945
8	-1	5	-9.28286
8	-1	6	-9.1719
8	-1	7	-9.12349
8	-1	8	-9.06066
8	-1	9	-8.97629
8	-1	10	-8.95202
8	-1	11	-8.8858
8	-1	12	-8.84601
8	-1	13	-8.84071
8	-1	14	-8.72713
8	-1	15	-8.67845
8	-1	16	-8.62338
8	-1	17	-8.59033
8	-1	18	-8.53426
8	-1	19	-8.46278
8	-1	20	-8.44103
8	-1	21	-8.40097
8	-1	22	-8.35535
8	-1	23	-8.33312
8	-1	24	-8.27748
8	-1	25	-8.26222
8	-1	26	-8.21023
8	-1	27	-8.18919
8	-1	28	-8.15693
8	-1	29	-8.11146
8	-1	30	-8.0638
8	-1	31	-8.04712
8	-1	32	-8.03314
8	-1	33	-8.02787
8	-1	34	-8
8	-1	35	-8
8	-1	36	-8
8	-1	37	-7.90501
8	-1	38	-7.82827
8	-1	39	-7.7779
8	-1	40	-7.73454
8	-1	41	-7.72252
8	-1	42	-7.6393
8	-1	43	-7.59903
8	-1	44	-7.59422
8	-1	45	-7.48304
8	-1	46	-7.39093
8	-1	47	-7.37016
8	-1	48	-7.32155
8	-1	49	-7.29248
8	-1	50	-7.19453
8	-1	51	-7.15675
8	-1	52	-7.15399
8	-1	53	-7.04088
8	-1	54	-6.92539
8	-1	55	-6.87651
8	-1	56	-6.79493
8	-1	57	-6.66288
8	-1	58	-6.53138
8	-1	59	-6.47554
8	-1	60	-5.52446
8	-1	61	-5.46862
8	-1	62	-5.33712
8	-1	63	-5.20507
8	-1	64	-5.12349
8	-1	65	-5.07461
8	-1	66	-4.95912
8	-1	67	-4.84601
8	-1	68	-4.84325
8	-1	69	-4.80547
8	-1	70	-4.70752
8	-1	71	-4.67845
8	-1	72	-4.62984
8	-1	73	-4.60907
8	-1	74	-4.51696
8	-1	75	-4.40578
8	-1	76	-4.40097
8	-1	77	-4.3607
8	-1	78	-4.27748
8	-1	79	-4.26546
8	-1	80	-4.2221
8	-1	81	-4.17173
8	-1	82	-4.09499
8	-1	83	-4
8	-1	84	-4
8	-1	85	-4
8	-1	86	-3.97213
8	-1	87	-3.96686
8	-1	88	-3.95288
8	-1	89	-3.9362
8	-1	90	-3.88854
8	-1	91	-3.84307
8	-1	92	-3.81081
8	-1	93	-3.78977
8	-1	94	-3.73778
8	-1	95	-3.72252
8	-1	96	-3.66688
8	-1	97	-3.64465
8	-1	98	-3.59903
8	-1	99	-3.55897
8	-1	100	-3.53722
8	-1	101	-3.46574
8	-1	102	-3.40967
8	-1	103	-3.37662
8	-1	104	-3.32155
8	-1	105	-3.27287
8	-1	106	-3.15929
8	-1	107	-3.15399
8	-1	108	-3.1142
8	-1	109	-3.04798
8	-1	110	-3.02371
8	-1	111	-2.93934
8	-1	112	-2.87651
8	-1	113	-2.8281
8	-1	114	-2.71714
8	-1	115	-2.61055
8	-1	116	-2.47554
8	-1	117	-2.42036
8	-1	118	-2.29511
8	-1	119	-2.17681
8	0	0	-9.93244
8	0	1	-9.82319
8	0	2	-9.70489
8	0	3	-9.64298
8	0	4	-9.57964
8	0	5	-9.52446
8	0	6	-9.48874
8	0	7	-9.38945
8	0	8	-9.28286
8	0	9	-9.22769
8	0	10	-9.1719
8	0	11	-9.13876
8	0	12	-9.12349
8	0	13	-9.06066
8	0	14	-9.05835
8	0	15	-8.97629
8	0	16	-8.95202
8	0	17	-8.93096
8	0	18	-8.8858
8	0	19	-8.84601
8	0	20	-8.84071
8	0	21	-8.78388
8	0	22	-8.72713
8	0	23	-8.71199
8	0	24	-8.70887
8	0	25	-8.67845
8	0	26	-8.62338
8	0	27	-8.59033
8	0	28	-8.53426
8	0	29	-8.48976
8	0	30	-8.48716
8	0	31	-8.46278
8	0	32	-8.44103
8	0	33	-8.40097
8	0	34	-8.39821
8	0	35	-8.36374
8	0	36	-8.35535
8	0	37	-8.33312
8	0	38	-8.27748
8	0	39	-8.26436
8	0	40	-8.26222
8	0	41	-8.21023
8	0	42	-8.18919
8	0	43	-8.15693
8	0	44	-8.14272
8	0	45	-8.13853
8	0	46	-8.11146
8	0	47	-8.10158
8	0	48	-8.07175
8	0	49	-8.0638
8	0	50	-8.04712
8	0	51	-8.03314
8	0	52	-8.02787
8	0	53	-8
8	0	54	-8
8	0	55	-8
8	0	56	-7.91975
8	0	57	-7.90501
8	0	58	-7.84202
8	0	59	-7.82827
8	0	60	-7.7779
8	0	61	-7.73454
8	0	62	-7.72252
8	0	63	-7.69925
8	0	64	-7.68623
8	0	65	-7.6393
8	0	66	-7.59903
8	0	67	-7.59422
8	0	68	-7.48957
8	0	69	-7.48304
8	0	70	-7.42674
8	0	71	-7.39093
8	0	72	-7.37016
8	0	73	-7.32155
8	0	74	-7.29248
8	0	75	-7.26871
8	0	76	-7.24243
8	0	77	-7.19453
8	0	78	-7.15675
8	0	79	-7.15399
8	0	80	-7.04088
8	0	81	-6.98293
8	0	82	-6.92539
8	0	83	-6.92199
8	0	84	-6.87651
8	0	85	-6.79493
8	0	86	-6.66288
8	0	87	-6.59725
8	0	88	-6.53138
8	0	89	-6.47554
8	0	90	-5.57632
8	0	91	-5.52446
8	0	92	-5.51841
8	0	93	-5.46862
8	0	94	-5.38262
8	0	95	-5.33712
8	0	96	-5.24634
8	0	97	-5.20507
8	0	98	-5.19942
8	0	99	-5.14891
8	0	100	-5.12349
8	0	101	-5.07461
8	0	102	-5.02964
8	0	103	-4.95912
8	0	104	-4.94741
8	0	105	-4.90995
8	0	106	-4.90442
8	0	107	-4.84601
8	0	108	-4.84325
8	0	109	-4.80547
8	0	110	-4.8008
8	0	111	-4.7573
8	0	112	-4.70881
8	0	113	-4.70752
8	0	114	-4.6969
8	0	115	-4.67845
8	0	116	-4.62984
8	0	117	-4.60907
8	0	118	-4.59594
8	0	119	-4.51696
8	0	120	-4.50509
8	0	121	-4.48416
8	0	122	-4.46409
8	0	123	-4.40578
8	0	124	-4.40097
8	0	125	-4.36693
8	0	126	-4.3607
8	0	127	-4.33476
8	0	128	-4.28046
8	0	129	-4.27748
8	0	130	-4.27085
8	0	131	-4.26546
8	0	132	-4.2221
8	0	133	-4.17173
8	0	134	-4.15604
8	0	135	-4.12608
8	0	136	-4.09499
8	0	137	-4.0926
8	0	138	-4.0834
8	0	139	-4.03646
8	0	140	-4.03587
8	0	141	-4.02668
8	0	142	-4.01284
8	0	143	-4
8	0	144	-4
8	0	145	-4
8	0	146	-3.97213
8	0	147	-3.96686
8	0	148	-3.96309
8	0	149	-3.95288
8	0	150	-3.9362
8	0	151	-3.93308
8	0	152	-3.92734
8	0	153	-3.88854
8	0	154	-3.84307
8	0	155	-3.82286
8	0	156	-3.81748
8	0	157	-3.81081
8	0	158	-3.78977
8	0	159	-3.77669
8	0	160	-3.73778
8	0	161	-3.72252
8	0	162	-3.72035
8	0	163	-3.70513
8	0	164	-3.67383
8	0	165	-3.66688
8	0	166	-3.66562
8	0	167	-3.64465
8	0	168	-3.59903
8	0	169	-3.58951
8	0	170	-3.57354
8	0	171	-3.55897
8	0	172	-3.53722
8	0	173	-3.48542
8	0	174	-3.46574
8	0	175	-3.46149
8	0	176	-3.40967
8	0	177	-3.39963
8	0	178	-3.37662
8	0	179	-3.35066
8	0	180	-3.32155
8	0	181	-3.27287
8	0	182	-3.26276
8	0	183	-3.23635
8	0	184	-3.2252
8	0	185	-3.15929
8	0	186	-3.15399
8	0	187	-3.13956
8	0	188	-3.12485
8	0	189	-3.1142
8	0	190	-3.05912
8	0	191	-3.04798
8	0	192	-3.02371
8	0	193	-2.95748
8	0	194	-2.93934
8	0	195	-2.91051
8	0	196	-2.87651
8	0	197	-2.8281
8	0	198	-2.8026
8	0	199	-2.71714
8	0	200	-2.69894
8	0	201	-2.61055
8	0	202	-2.53507
8	0	203	-2.48231
8	0	204	-2.47554
8	0	205	-2.42036
8	0	206	-2.36281
8	0	207	-2.29511
8	0	208	-2.2508
8	0	209	-2.17681
8	0	210	-1.21521e-15
8	0	211	0.0332695
8	0	212	0.071073
8	0	213	0.122204
8	0	214	0.146025
8	0	215	0.213256
8	0	216	0.24035
8	0	217	0.291268
8	0	218	0.356374
8	0	219	0.413906
8	0	220	0.441026
8	0	221	0.503724
8	0	222	0.538834
8	0	223	0.633292
8	0	224	0.768292
8	1	0	-9.82319
8	1	1	-9.70489
8	1	2	-9.57964
8	1	3	-9.52446
8	1	4	-9.38945
8	1	5	-9.28286
8	1	6	-9.1719
8	1	7	-9.12349
8	1	8	-9.06066
8	1	9	-8.97629
8	1	10	-8.95202
8	1	11	-8.8858
8	1	12	-8.84601
8	1	13	-8.84071
8	1	14	-8.72713
8	1	15	-8.67845
8	1	16	-8.62338
8	1	17	-8.59033
8	1	18	-8.53426
8	1	19	-8.46278
8	1	20	-8.44103
8	1	21	-8.40097
8	1	22	-8.35535
8	1	23	-8.33312
8	1	24	-8.27748
8	1	25	-8.26222
8	1	26	-8.21023
8	1	27	-8.18919
8	1	28	-8.15693
8	1	29	-8.11146
8	1	30	-8.0638
8	1	31	-8.04712
8	1	32	-8.03314
8	1	33	-8.02787
8	1	34	-8
8	1	35	-8
8	1	36	-8
8	1	37	-7.90501
8	1	38	-7.82827
8	1	39	-7.7779
8	1	40	-7.73454
8	1	41	-7.72252
8	1	42	-7.6393
8	1	43	-7.59903
8	1	44	-7.59422
8	1	45	-7.48304
8	1	46	-7.39093
8	1	47	-7.37016
8	1	48	-7.32155
8	1	49	-7.29248
8	1	50	-7.19453
8	1	51	-7.15675
8	1	52	-7.15399
8	1	53	-7.04088
8	1	54	-6.92539
8	1	55	-6.87651
8	1	56	-6.79493
8	1	57	-6.66288
8	1	58	-6.53138
8	1	59	-6.47554
8	1	60	-5.52446
8	1	61	-5.46862
8	1	62	-5.33712
8	1	63	-5.20507
8	1	64	-5.12349
8	1	65	-5.07461
8	1	66	-4.95912
8	1	67	-4.84601
8	1	68	-4.84325
8	1	69	-4.80547
8	1	70	-4.70752
8	1	71	-4.67845
8	1	72	-4.62984
8	1	73	-4.60907
8	1	74	-4.51696
8	1	75	-4.40578
8	1	76	-4.40097
8	1	77	-4.3607
8	1	78	-4.27748
8	1	79	-4.26546
8	1	80	-4.2221
8	1	81	-4.17173
8	1	82	-4.09499
8	1	83	-4
8	1	84	-4
8	1	85	-4
8	1	86	-3.97213
8	1	87	-3.96686
8	1	88	-3.95288
8	1	89	-3.9362
8	1	90	-3.88854
8	1	91	-3.84307
8	1	92	-3.81081
8	1	93	-3.78977
8	1	94	-3.73778
8	1	95	-3.72252
8	1	96	-3.66688
8	1	97	-3.64465
8	1	98	-3.59903
8	1	99	-3.55897
8	1	100	-3.53722
8	1	101	-3.46574
8	1	102	-3.40967
8	1	103	-3.37662
8	1	104	-3.32155
8	1	105	-3.27287
8	1	106	-3.15929
8	1	107	-3.15399
8	1	108	-3.1142
8	1	109	-3.04798
8	1	110	-3.02371
8	1	111	-2.93934
8	1	112	-2.87651
8	1	113	-2.8281
8	1	114	-2.71714
8	1	115	-2.61055
8	1	116	-2.47554
8	1	117	-2.42036
8	1	118	-2.29511
8	1	119	-2.17681
8	2	0	-9.52446
8	2	1	-9.12349
8	2	2	-8.84601
8	2	3	-8.67845
8	2	4	-8.40097
8	2	5	-8.27748
8	2	6	-8
8	2	7	-8
8	2	8	-8
8	2	9	-7.72252
8	2	10	-7.59903
8	2	11	-7.32155
8	2	12	-7.15399
8	2	13	-6.87651
8	2	14	-6.47554
9	-1.5	0	-7.74698
9	-1.5	1	-7.30194
9	-1.5	2	-6.90097
9	-1.5	3	-6.90097
9	-1.5	4	-6.62349
9	-1.5	5	-6.62349
9	-1.5	6	-6.5
9	-1.5	7	-6.22252
9	-1.5	8	-6.22252
9	-1.5	9	-6.05496
9	-1.5	10	-5.94504
9	-1.5	11	-5.77748
9	-1.5	12	-5.77748
9	-1.5	13	-5.5
9	-1.5	14	-5.37651
9	-1.5	15	-5.37651
9	-1.5	16	-5.09903
9	-1.5	17	-5.09903
9	-1.5	18	-4.69806
9	-1.5	19	-4.25302
9	-0.5	0	-7.91403
9	-0.5	1	-7.80675
9	-0.5	2	-7.74698
9	-0.5	3	-7.47512
9	-0.5	4	-7.36248
9	-0.5	5	-7.30194
9	-0.5	6	-7.10871
9	-0.5	7	-7.04413
9	-0.5	8	-6.97327
9	-0.5	9	-6.95008
9	-0.5	10	-6.90097
9	-0.5	11	-6.90097
9	-0.5	12	-6.86813
9	-0.5	13	-6.72114
9	-0.5	14	-6.70905
9	-0.5	15	-6.67821
9	-0.5	16	-6.65767
9	-0.5	17	-6.62349
9	-0.5	18	-6.62349
9	-0.5	19	-6.5611
9	-0.5	20	-6.5
9	-0.5	21	-6.43818
9	-0.5	22	-6.35612
9	-0.5	23	-6.29713
9	-0.5	24	-6.26901
9	-0.5	25	-6.2392
9	-0.5	26	-6.22252
9	-0.5	27	-6.22252
9	-0.5	28	-6.11712
9	-0.5	29	-6.11683
9	-0.5	30	-6.05496
9	-0.5	31	-6.00537
9	-0.5	32	-5.99898
9	-0.5	33	-5.94504
9	-0.5	34	-5.91737
9	-0.5	35	-5.85282
9	-0.5	36	-5.82477
9	-0.5	37	-5.77748
9	-0.5	38	-5.77748
9	-0.5	39	-5.67817
9	-0.5	40	-5.63145
9	-0.5	41	-5.5611
9	-0.5	42	-5.5
9	-0.5	43	-5.48598
9	-0.5	44	-5.4633
9	-0.5	45	-5.41212
9	-0.5	46	-5.37651
9	-0.5	47	-5.37651
9	-0.5	48	-5.31157
9	-0.5	49	-5.24731
9	-0.5	50	-5.17187
9	-0.5	51	-5.14872
9	-0.5	52	-5.09903
9	-0.5	53	-5.09903
9	-0.5	54	-4.88121
9	-0.5	55	-4.75972
9	-0.5	56	-4.69806
9	-0.5	57	-4.44216
9	-0.5	58	-4.31545
9	-0.5	59	-4.25302
9	-0.5	60	-2.90097
9	-0.5	61	-2.85629
9	-0.5	62	-2.74289
9	-0.5	63	-2.62349
9	-0.5	64	-2.6061
9	-0.5	65	-2.58432
9	-0.5	66	-2.49462
9	-0.5	67	-2.48361
9	-0.5	68	-2.36145
9	-0.5	69	-2.26298
9	-0.5	70	-2.22252
9	-0.5	71	-2.18795
9	-0.5	72	-2.09903
9	-0.5	73	-1.99098
9	-0.5	74	-1.904
9	-0.5	75	-1.77748
9	-0.5	76	-1.74303
9	-0.5	77	-1.65546
9	-0.5	78	-1.5508
9	-0.5	79	-1.46743
9	-0.5	80	-1.37651
9	-0.5	81	-1.33754
9	-0.5	82	-1.23911
9	-0.5	83	-1.12296
9	-0.5	84	-1.09903
9	-0.5	85	-1.05444
9	-0.5	86	-1.0321
9	-0.5	87	-0.941958
9	-0.5	88	-0.807743
9	-0.5	89	-0.700317
9	0.5	0	-7.91403
9	0.5	1	-7.80675
9	0.5	2	-7.74698
9	0.5	3	-7.47512
9	0.5	4	-7.36248
9	0.5	5	-7.30194
9	0.5	6	-7.10871
9	0.5	7	-7.04413
9	0.5	8	-6.97327
9	0.5	9	-6.95008
9	0.5	10	-6.90097
9	0.5	11	-6.90097
9	0.5	12	-6.86813
9	0.5	13	-6.72114
9	0.5	14	-6.70905
9	0.5	15	-6.67821
9	0.5	16	-6.65767
9	0.5	17	-6.62349
9	0.5	18	-6.62349
9	0.5	19	-6.5611
9	0.5	20	-6.5
9	0.5	21	-6.43818
9	0.5	22	-6.35612
9	0.5	23	-6.29713
9	0.5	24	-6.26901
9	0.5	25	-6.2392
9	0.5	26	-6.22252
9	0.5	27	-6.22252
9	0.5	28	-6.11712
9	0.5	29	-6.11683
9	0.5	30	-6.05496
9	0.5	31	-6.00537
9	0.5	32	-5.99898
9	0.5	33	-5.94504
9	0.5	34	-5.91737
9	0.5	35	-5.85282
9	0.5	36	-5.82477
9	0.5	37	-5.77748
9	0.5	38	-5.77748
9	0.5	39	-5.67817
9	0.5	40	-5.63145
9	0.5	41	-5.5611
9	0.5	42	-5.5
9	0.5	43	-5.48598
9	0.5	44	-5.4633
9	0.5	45	-5.41212
9	0.5	46	-5.37651
9	0.5	47	-5.37651
9	0.5	48	-5.31157
9	0.5	49	-5.24731
9	0.5	50	-5.17187
9	0.5	51	-5.14872
9	0.5	52	-5.09903
9	0.5	53	-5.09903
9	0.5	54	-4.88121
9	0.5	55	-4.75972
9	0.5	56	-4.69806
9	0.5	57	-4.44216
9	0.5	58	-4.31545
9	0.5	59	-4.25302
9	0.5	60	-2.90097
9	0.5	61	-2.85629
9	0.5	62	-2.74289
9	0.5	63	-2.62349
9	0.5	64	-2.6061
9	0.5	65	-2.58432
9	0.5	66	-2.49462
9	0.5	67	-2.48361
9	0.5	68	-2.36145
9	0.5	69	-2.26298
9	0.5	70	-2.22252
9	0.5	71	-2.18795
9	0.5	72	-2.09903
9	0.5	73	-1.99098
9	0.5	74	-1.904
9	0.5	75	-1.77748
9	0.5	76	-1.74303
9	0.5	77	-1.65546
9	0.5	78	-1.5508
9	0.5	79	-1.46743
9	0.5	80	-1.37651
9	0.5	81	-1.33754
9	0.5	82	-1.23911
9	0.5	83	-1.12296
9	0.5	84	-1.09903
9	0.5	85	-1.05444
9	0.5	86	-1.0321
9	0.5	87	-0.941958
9	0.5	88	-0.807743
9	0.5	89	-0.700317
9	1.5	0	-7.74698
9	1.5	1	-7.30194
9	1.5	2	-6.90097
9	1.5	3	-6.90097
9	1.5	4	-6.62349
9	1.5	5	-6.62349
9	1.5	6	-6.5
9	1.5	7	-6.22252
9	1.5	8	-6.22252
9	1.5	9	-6.05496
9	1.5	10	-5.94504
9	1.5	11	-5.77748
9	1.5	12	-5.77748
9	1.5	13	-5.5
9	1.5	14	-5.37651
9	1.5	15	-5.37651
9	1.5	16	-5.09903
9	1.5	17	-5.09903
9	1.5	18	-4.69806
9	1.5	19	-4.25302
10	-1	0	-5.52446
10	-1	1	-5.12349
10	-1	2	-4.84601
10	-1	3	-4.67845
10	-1	4	-4.40097
10	-1	5	-4.27748
10	-1	6	-4
10	-1	7	-4
10	-1	8	-4
10	-1	9	-3.72252
10	-1	10	-3.59903
10	-1	11	-3.32155
10	-1	12	-3.15399
10	-1	13	-2.87651
10	-1	14	-2.47554
10	0	0	-5.57632
10	0	1	-5.52446
10	0	2	-5.19942
10	0	3	-5.12349
10	0	4	-4.94741
10	0	5	-4.84601
10	0	6	-4.7573
10	0	7	-4.67845
10	0	8	-4.50509
10	0	9	-4.40097
10	0	10	-4.33476
10	0	11	-4.27748
10	0	12	-4.12608
10	0	13	-4.0834
10	0	14	-4.02668
10	0	15	-4
10	0	16	-4
10	0	17	-4
10	0	18	-3.77669
10	0	19	-3.72252
10	0	20	-3.70513
10	0	21	-3.59903
10	0	22	-3.39963
10	0	23	-3.32155
10	0	24	-3.26276
10	0	25	-3.15399
10	0	26	-2.95748
10	0	27	-2.87651
10	0	28	-2.53507
10	0	29	-2.47554
10	0	30	1.86885e-15
10	0	31	0.0332695
10	0	32	0.122204
10	0	33	0.24035
10	0	34	0.356374
10	0	35	0.441026
10	1	0	-5.52446
10	1	1	-5.12349
10	1	2	-4.84601
10	1	3	-4.67845
10	1	4	-4.40097
10	1	5	-4.27748
10	1	6	-4
10	1	7	-4
10	1	8	-4
10	1	9	-3.72252
10	1	10	-3.59903
10	1	11	-3.32155
10	1	12	-3.15399
10	1	13	-2.87651
10	1	14	-2.47554
11	-0.5	0	-2.90097
11	-0.5	1	-2.62349
11	-0.5	2	-2.22252
11	-0.5	3	-1.77748
11	-0.5	4	-1.37651
11	-0.5	5	-1.09903
11	0.5	0	-2.90097
11	0.5	1	-2.62349
11	0.5	2	-2.22252
11	0.5	3	-1.77748
11	0.5	4	-1.37651
11	0.5	5	-1.09903
12	0	0	0
