0	0	0	0
1	-0.5	0	-2.125
1	-0.5	1	-0.851966
1	-0.5	2	-0.464163
1	-0.5	3	0.0403948
1	-0.5	4	0.526553
1	-0.5	5	0.874181
1	0.5	0	-2.125
1	0.5	1	-0.851966
1	0.5	2	-0.464163
1	0.5	3	0.0403948
1	0.5	4	0.526553
1	0.5	5	0.874181
2	-1	0	-2.97697
2	-1	1	-2.58916
2	-1	2	-2.08461
2	-1	3	-1.59845
2	-1	4	-1.31613
2	-1	5	-1.25082
2	-1	6	-0.811571
2	-1	7	-0.423768
2	-1	8	-0.325413
2	-1	9	0.0222157
2	-1	10	0.0623895
2	-1	11	0.410018
2	-1	12	0.566947
2	-1	13	0.914576
2	-1	14	1.40073
2	0	0	-3.03022
2	0	1	-2.97697
2	0	2	-2.71119
2	0	3	-2.58916
2	0	4	-2.21916
2	0	5	-2.08461
2	0	6	-1.70632
2	0	7	-1.68976
2	0	8	-1.59845
2	0	9	-1.31922
2	0	10	-1.31613
2	0	11	-1.28045
2	0	12	-1.25082
2	0	13	-0.931583
2	0	14	-0.814994
2	0	15	-0.811571
2	0	16	-0.438971
2	0	17	-0.423768
2	0	18	-0.32979
2	0	19	-0.325413
2	0	20	5.34074e-17
2	0	21	0.0222157
2	0	22	0.0291656
2	0	23	0.0623895
2	0	24	0.0734445
2	0	25	0.240602
2	0	26	0.410018
2	0	27	0.418474
2	0	28	0.566947
2	0	29	0.585996
2	0	30	0.914576
2	0	31	0.917658
2	0	32	1.05589
2	0	33	1.40073
2	0	34	1.40193
2	0	35	1.7485
2	1	0	-2.97697
2	1	1	-2.58916
2	1	2	-2.08461
2	1	3	-1.59845
2	1	4	-1.31613
2	1	5	-1.25082
2	1	6	-0.811571
2	1	7	-0.423768
2	1	8	-0.325413
2	1	9	0.0222157
2	1	10	0.0623895
2	1	11	0.410018
2	1	12	0.566947
2	1	13	0.914576
2	1	14	1.40073
3	-1.5	0	-3.44113
3	-1.5	1	-2.93657
3	-1.5	2	-2.54877
3	-1.5	3	-2.45041
3	-1.5	4	-2.10278
3	-1.5	5	-2.06261
3	-1.5	6	-1.71498
3	-1.5	7	-1.55805
3	-1.5	8	-1.27573
3	-1.5	9	-1.21042
3	-1.5	10	-0.789576
3	-1.5	11	-0.724266
3	-1.5	12	-0.441947
3	-1.5	13	-0.285018
3	-1.5	14	0.0626104
3	-1.5	15	0.102784
3	-1.5	16	0.450413
3	-1.5	17	0.548768
3	-1.5	18	0.936571
3	-1.5	19	1.44113
3	-0.5	0	-3.85728
3	-0.5	1	-3.584
3	-0.5	2	-3.47426
3	-0.5	3	-3.44113
3	-0.5	4	-3.12705
3	-0.5	5	-3.08342
3	-0.5	6	-2.97211
3	-0.5	7	-2.93657
3	-0.5	8	-2.73694
3	-0.5	9	-2.62301
3	-0.5	10	-2.55943
3	-0.5	11	-2.54877
3	-0.5	12	-2.48453
3	-0.5	13	-2.45041
3	-0.5	14	-2.22127
3	-0.5	15	-2.17157
3	-0.5	16	-2.16553
3	-0.5	17	-2.125
3	-0.5	18	-2.12077
3	-0.5	19	-2.11577
3	-0.5	20	-2.10278
3	-0.5	21	-2.06261
3	-0.5	22	-1.84435
3	-0.5	23	-1.78447
3	-0.5	24	-1.73968
3	-0.5	25	-1.72397
3	-0.5	26	-1.71498
3	-0.5	27	-1.66542
3	-0.5	28	-1.62291
3	-0.5	29	-1.55805
3	-0.5	30	-1.35197
3	-0.5	31	-1.29216
3	-0.5	32	-1.27993
3	-0.5	33	-1.27573
3	-0.5	34	-1.23509
3	-0.5	35	-1.21042
3	-0.5	36	-1.18018
3	-0.5	37	-1.12318
3	-0.5	38	-0.898993
3	-0.5	39	-0.851966
3	-0.5	40	-0.831716
3	-0.5	41	-0.820515
3	-0.5	42	-0.794432
3	-0.5	43	-0.789576
3	-0.5	44	-0.780437
3	-0.5	45	-0.749492
3	-0.5	46	-0.724266
3	-0.5	47	-0.627761
3	-0.5	48	-0.464163
3	-0.5	49	-0.441947
3	-0.5	50	-0.440377
3	-0.5	51	-0.429331
3	-0.5	52	-0.399012
3	-0.5	53	-0.392348
3	-0.5	54	-0.292679
3	-0.5	55	-0.285018
3	-0.5	56	-0.283134
3	-0.5	57	-0.259343
3	-0.5	58	-0.0546196
3	-0.5	59	0.0403948
3	-0.5	60	0.0610797
3	-0.5	61	0.0626104
3	-0.5	62	0.0716179
3	-0.5	63	0.0976427
3	-0.5	64	0.102784
3	-0.5	65	0.200317
3	-0.5	66	0.226438
3	-0.5	67	0.435441
3	-0.5	68	0.450413
3	-0.5	69	0.45884
3	-0.5	70	0.526553
3	-0.5	71	0.545497
3	-0.5	72	0.548768
3	-0.5	73	0.558022
3	-0.5	74	0.602049
3	-0.5	75	0.739137
3	-0.5	76	0.874181
3	-0.5	77	0.900342
3	-0.5	78	0.936571
3	-0.5	79	0.942876
3	-0.5	80	0.950004
3	-0.5	81	1.10485
3	-0.5	82	1.10994
3	-0.5	83	1.28848
3	-0.5	84	1.44113
3	-0.5	85	1.44431
3	-0.5	86	1.46082
3	-0.5	87	1.79044
3	-0.5	88	1.93064
3	-0.5	89	2.27566
3	0.5	0	-3.85728
3	0.5	1	-3.584
3	0.5	2	-3.47426
3	0.5	3	-3.44113
3	0.5	4	-3.12705
3	0.5	5	-3.08342
3	0.5	6	-2.97211
3	0.5	7	-2.93657
3	0.5	8	-2.73694
3	0.5	9	-2.62301
3	0.5	10	-2.55943
3	0.5	11	-2.54877
3	0.5	12	-2.48453
3	0.5	13	-2.45041
3	0.5	14	-2.22127
3	0.5	15	-2.17157
3	0.5	16	-2.16553
3	0.5	17	-2.125
3	0.5	18	-2.12077
3	0.5	19	-2.11577
3	0.5	20	-2.10278
3	0.5	21	-2.06261
3	0.5	22	-1.84435
3	0.5	23	-1.78447
3	0.5	24	-1.73968
3	0.5	25	-1.72397
3	0.5	26	-1.71498
3	0.5	27	-1.66542
3	0.5	28	-1.62291
3	0.5	29	-1.55805
3	0.5	30	-1.35197
3	0.5	31	-1.29216
3	0.5	32	-1.27993
3	0.5	33	-1.27573
3	0.5	34	-1.23509
3	0.5	35	-1.21042
3	0.5	36	-1.18018
3	0.5	37	-1.12318
3	0.5	38	-0.898993
3	0.5	39	-0.851966
3	0.5	40	-0.831716
3	0.5	41	-0.820515
3	0.5	42	-0.794432
3	0.5	43	-0.789576
3	0.5	44	-0.780437
3	0.5	45	-0.749492
3	0.5	46	-0.724266
3	0.5	47	-0.627761
3	0.5	48	-0.464163
3	0.5	49	-0.441947
3	0.5	50	-0.440377
3	0.5	51	-0.429331
3	0.5	52	-0.399012
3	0.5	53	-0.392348
3	0.5	54	-0.292679
3	0.5	55	-0.285018
3	0.5	56	-0.283134
3	0.5	57	-0.259343
3	0.5	58	-0.0546196
3	0.5	59	0.0403948
3	0.5	60	0.0610797
3	0.5	61	0.0626104
3	0.5	62	0.0716179
3	0.5	63	0.0976427
3	0.5	64	0.102784
3	0.5	65	0.200317
3	0.5	66	0.226438
3	0.5	67	0.435441
3	0.5	68	0.450413
3	0.5	69	0.45884
3	0.5	70	0.526553
3	0.5	71	0.545497
3	0.5	72	0.548768
3	0.5	73	0.558022
3	0.5	74	0.602049
3	0.5	75	0.739137
3	0.5	76	0.874181
3	0.5	77	0.900342
3	0.5	78	0.936571
3	0.5	79	0.942876
3	0.5	80	0.950004
3	0.5	81	1.10485
3	0.5	82	1.10994
3	0.5	83	1.28848
3	0.5	84	1.44113
3	0.5	85	1.44431
3	0.5	86	1.46082
3	0.5	87	1.79044
3	0.5	88	1.93064
3	0.5	89	2.27566
3	1.5	0	-3.44113
3	1.5	1	-2.93657
3	1.5	2	-2.54877
3	1.5	3	-2.45041
3	1.5	4	-2.10278
3	1.5	5	-2.06261
3	1.5	6	-1.71498
3	1.5	7	-1.55805
3	1.5	8	-1.27573
3	1.5	9	-1.21042
3	1.5	10	-0.789576
3	1.5	11	-0.724266
3	1.5	12	-0.441947
3	1.5	13	-0.285018
3	1.5	14	0.0626104
3	1.5	15	0.102784
3	1.5	16	0.450413
3	1.5	17	0.548768
3	1.5	18	0.936571
3	1.5	19	1.44113
4	-2	0	-3.40073
4	-2	1	-2.91458
4	-2	2	-2.56695
4	-2	3	-2.41002
4	-2	4	-2.06239
4	-2	5	-2.02222
4	-2	6	-1.67459
4	-2	7	-1.57623
4	-2	8	-1.18843
4	-2	9	-0.749181
4	-2	10	-0.683871
4	-2	11	-0.401553
4	-2	12	0.0846051
4	-2	13	0.589163
4	-2	14	0.976966
4	-1	0	-4.3176
4	-1	1	-3.98013
4	-1	2	-3.81547
4	-1	3	-3.60727
4	-1	4	-3.47676
4	-1	5	-3.42909
4	-1	6	-3.40073
4	-1	7	-3.33022
4	-1	8	-3.09403
4	-1	9	-3.07442
4	-1	10	-2.98503
4	-1	11	-2.97697
4	-1	12	-2.97124
4	-1	13	-2.94318
4	-1	14	-2.91458
4	-1	15	-2.717
4	-1	16	-2.61284
4	-1	17	-2.6038
4	-1	18	-2.58916
4	-1	19	-2.58878
4	-1	20	-2.58072
4	-1	21	-2.56695
4	-1	22	-2.47671
4	-1	23	-2.44135
4	-1	24	-2.41002
4	-1	25	-2.25342
4	-1	26	-2.24006
4	-1	27	-2.21599
4	-1	28	-2.13096
4	-1	29	-2.10223
4	-1	30	-2.09522
4	-1	31	-2.08461
4	-1	32	-2.08188
4	-1	33	-2.06239
4	-1	34	-2.02222
4	-1	35	-1.9764
4	-1	36	-1.86929
4	-1	37	-1.75198
4	-1	38	-1.74854
4	-1	39	-1.69863
4	-1	40	-1.69415
4	-1	41	-1.67459
4	-1	42	-1.64566
4	-1	43	-1.61302
4	-1	44	-1.59845
4	-1	45	-1.59761
4	-1	46	-1.58199
4	-1	47	-1.57623
4	-1	48	-1.35453
4	-1	49	-1.31613
4	-1	50	-1.2902
4	-1	51	-1.25255
4	-1	52	-1.25082
4	-1	53	-1.24327
4	-1	54	-1.24205
4	-1	55	-1.21313
4	-1	56	-1.18843
4	-1	57	-1.14473
4	-1	58	-1.13868
4	-1	59	-1.09196
4	-1	60	-0.908036
4	-1	61	-0.861323
4	-1	62	-0.855274
4	-1	63	-0.811571
4	-1	64	-0.786871
4	-1	65	-0.75795
4	-1	66	-0.756731
4	-1	67	-0.749181
4	-1	68	-0.747451
4	-1	69	-0.709801
4	-1	70	-0.683871
4	-1	71	-0.645468
4	-1	72	-0.423768
4	-1	73	-0.418014
4	-1	74	-0.402389
4	-1	75	-0.401553
4	-1	76	-0.386984
4	-1	77	-0.354335
4	-1	78	-0.325413
4	-1	79	-0.305854
4	-1	80	-0.301369
4	-1	81	-0.251459
4	-1	82	-0.248022
4	-1	83	-0.130712
4	-1	84	-0.0235981
4	-1	85	0.0222157
4	-1	86	0.0623895
4	-1	87	0.0818778
4	-1	88	0.0846051
4	-1	89	0.0952236
4	-1	90	0.102233
4	-1	91	0.130964
4	-1	92	0.215994
4	-1	93	0.240056
4	-1	94	0.253424
4	-1	95	0.410018
4	-1	96	0.441347
4	-1	97	0.476706
4	-1	98	0.566947
4	-1	99	0.580724
4	-1	100	0.588776
4	-1	101	0.589163
4	-1	102	0.603796
4	-1	103	0.612836
4	-1	104	0.716995
4	-1	105	0.914576
4	-1	106	0.943177
4	-1	107	0.971243
4	-1	108	0.976966
4	-1	109	0.985026
4	-1	110	1.07442
4	-1	111	1.09403
4	-1	112	1.33022
4	-1	113	1.40073
4	-1	114	1.42909
4	-1	115	1.47676
4	-1	116	1.60727
4	-1	117	1.81547
4	-1	118	1.98013
4	-1	119	2.3176
4	0	0	-4.45502
4	0	1	-4.3176
4	0	2	-4.02132
4	0	3	-3.98013
4	0	4	-3.94687
4	0	5	-3.81547
4	0	6	-3.60727
4	0	7	-3.60439
4	0	8	-3.52023
4	0	9	-3.47676
4	0	10	-3.42909
4	0	11	-3.41942
4	0	12	-3.40073
4	0	13	-3.33022
4	0	14	-3.23912
4	0	15	-3.09403
4	0	16	-3.08711
4	0	17	-3.07442
4	0	18	-3.03022
4	0	19	-3.00722
4	0	20	-3.00546
4	0	21	-2.98503
4	0	22	-2.97697
4	0	23	-2.97124
4	0	24	-2.94318
4	0	25	-2.91458
4	0	26	-2.71881
4	0	27	-2.717
4	0	28	-2.71119
4	0	29	-2.66546
4	0	30	-2.63931
4	0	31	-2.62479
4	0	32	-2.61284
4	0	33	-2.6038
4	0	34	-2.58916
4	0	35	-2.58878
4	0	36	-2.58136
4	0	37	-2.58072
4	0	38	-2.56695
4	0	39	-2.52127
4	0	40	-2.47671
4	0	41	-2.44135
4	0	42	-2.41002
4	0	43	-2.28384
4	0	44	-2.25342
4	0	45	-2.24006
4	0	46	-2.21916
4	0	47	-2.21599
4	0	48	-2.21506
4	0	49	-2.19255
4	0	50	-2.14558
4	0	51	-2.13096
4	0	52	-2.12565
4	0	53	-2.10223
4	0	54	-2.09522
4	0	55	-2.08461
4	0	56	-2.08188
4	0	57	-2.06239
4	0	58	-2.02222
4	0	59	-2.02167
4	0	60	-1.9764
4	0	61	-1.86929
4	0	62	-1.86563
4	0	63	-1.78241
4	0	64	-1.75382
4	0	65	-1.75198
4	0	66	-1.74854
4	0	67	-1.717
4	0	68	-1.70632
4	0	69	-1.69863
4	0	70	-1.69415
4	0	71	-1.68976
4	0	72	-1.68359
4	0	73	-1.67459
4	0	74	-1.64566
4	0	75	-1.64327
4	0	76	-1.63261
4	0	77	-1.61302
4	0	78	-1.59845
4	0	79	-1.59761
4	0	80	-1.58199
4	0	81	-1.57623
4	0	82	-1.49672
4	0	83	-1.35453
4	0	84	-1.34934
4	0	85	-1.31922
4	0	86	-1.31613
4	0	87	-1.30144
4	0	88	-1.2902
4	0	89	-1.28328
4	0	90	-1.28045
4	0	91	-1.27692
4	0	92	-1.2542
4	0	93	-1.25255
4	0	94	-1.25082
4	0	95	-1.24327
4	0	96	-1.24205
4	0	97	-1.21313
4	0	98	-1.19907
4	0	99	-1.18843
4	0	100	-1.15432
4	0	101	-1.14473
4	0	102	-1.13868
4	0	103	-1.11706
4	0	104	-1.09196
4	0	105	-0.975945
4	0	106	-0.931583
4	0	107	-0.908036
4	0	108	-0.893924
4	0	109	-0.861323
4	0	110	-0.855274
4	0	111	-0.853116
4	0	112	-0.814994
4	0	113	-0.811571
4	0	114	-0.798936
4	0	115	-0.788819
4	0	116	-0.786871
4	0	117	-0.781694
4	0	118	-0.75795
4	0	119	-0.756731
4	0	120	-0.754025
4	0	121	-0.749181
4	0	122	-0.747451
4	0	123	-0.709801
4	0	124	-0.683871
4	0	125	-0.656553
4	0	126	-0.645468
4	0	127	-0.639532
4	0	128	-0.483504
4	0	129	-0.438971
4	0	130	-0.423768
4	0	131	-0.418014
4	0	132	-0.403179
4	0	133	-0.402389
4	0	134	-0.401553
4	0	135	-0.397554
4	0	136	-0.386984
4	0	137	-0.354335
4	0	138	-0.32979
4	0	139	-0.325413
4	0	140	-0.305854
4	0	141	-0.301369
4	0	142	-0.301247
4	0	143	-0.286998
4	0	144	-0.282443
4	0	145	-0.254483
4	0	146	-0.251459
4	0	147	-0.248022
4	0	148	-0.130712
4	0	149	-0.129675
4	0	150	-0.0235981
4	0	151	-0.0193355
4	0	152	1.65988e-16
4	0	153	0.0222157
4	0	154	0.0291656
4	0	155	0.0409604
4	0	156	0.0556471
4	0	157	0.0623895
4	0	158	0.0734445
4	0	159	0.0818778
4	0	160	0.0846051
4	0	161	0.0865314
4	0	162	0.0952236
4	0	163	0.102233
4	0	164	0.107748
4	0	165	0.130964
4	0	166	0.198394
4	0	167	0.215994
4	0	168	0.238221
4	0	169	0.240056
4	0	170	0.240602
4	0	171	0.248965
4	0	172	0.253424
4	0	173	0.410018
4	0	174	0.418474
4	0	175	0.43857
4	0	176	0.441347
4	0	177	0.476706
4	0	178	0.479942
4	0	179	0.566947
4	0	180	0.575056
4	0	181	0.580724
4	0	182	0.585996
4	0	183	0.587034
4	0	184	0.588776
4	0	185	0.589163
4	0	186	0.603796
4	0	187	0.612836
4	0	188	0.61448
4	0	189	0.673643
4	0	190	0.716995
4	0	191	0.822033
4	0	192	0.914576
4	0	193	0.917658
4	0	194	0.938685
4	0	195	0.943177
4	0	196	0.969947
4	0	197	0.971243
4	0	198	0.976966
4	0	199	0.985026
4	0	200	1.05589
4	0	201	1.07442
4	0	202	1.08499
4	0	203	1.09403
4	0	204	1.10092
4	0	205	1.23991
4	0	206	1.30971
4	0	207	1.33022
4	0	208	1.40073
4	0	209	1.40193
4	0	210	1.42316
4	0	211	1.42909
4	0	212	1.47676
4	0	213	1.48219
4	0	214	1.60727
4	0	215	1.60872
4	0	216	1.7485
4	0	217	1.81547
4	0	218	1.82541
4	0	219	1.97675
4	0	220	1.98013
4	0	221	1.9843
4	0	222	2.3176
4	0	223	2.33572
4	0	224	2.80553
4	1	0	-4.3176
4	1	1	-3.98013
4	1	2	-3.81547
4	1	3	-3.60727
4	1	4	-3.47676
4	1	5	-3.42909
4	1	6	-3.40073
4	1	7	-3.33022
4	1	8	-3.09403
4	1	9	-3.07442
4	1	10	-2.98503
4	1	11	-2.97697
4	1	12	-2.97124
4	1	13	-2.94318
4	1	14	-2.91458
4	1	15	-2.717
4	1	16	-2.61284
4	1	17	-2.6038
4	1	18	-2.58916
4	1	19	-2.58878
4	1	20	-2.58072
4	1	21	-2.56695
4	1	22	-2.47671
4	1	23	-2.44135
4	1	24	-2.41002
4	1	25	-2.25342
4	1	26	-2.24006
4	1	27	-2.21599
4	1	28	-2.13096
4	1	29	-2.10223
4	1	30	-2.09522
4	1	31	-2.08461
4	1	32	-2.08188
4	1	33	-2.06239
4	1	34	-2.02222
4	1	35	-1.9764
4	1	36	-1.86929
4	1	37	-1.75198
4	1	38	-1.74854
4	1	39	-1.69863
4	1	40	-1.69415
4	1	41	-1.67459
4	1	42	-1.64566
4	1	43	-1.61302
4	1	44	-1.59845
4	1	45	-1.59761
4	1	46	-1.58199
4	1	47	-1.57623
4	1	48	-1.35453
4	1	49	-1.31613
4	1	50	-1.2902
4	1	51	-1.25255
4	1	52	-1.25082
4	1	53	-1.24327
4	1	54	-1.24205
4	1	55	-1.21313
4	1	56	-1.18843
4	1	57	-1.14473
4	1	58	-1.13868
4	1	59	-1.09196
4	1	60	-0.908036
4	1	61	-0.861323
4	1	62	-0.855274
4	1	63	-0.811571
4	1	64	-0.786871
4	1	65	-0.75795
4	1	66	-0.756731
4	1	67	-0.749181
4	1	68	-0.747451
4	1	69	-0.709801
4	1	70	-0.683871
4	1	71	-0.645468
4	1	72	-0.423768
4	1	73	-0.418014
4	1	74	-0.402389
4	1	75	-0.401553
4	1	76	-0.386984
4	1	77	-0.354335
4	1	78	-0.325413
4	1	79	-0.305854
4	1	80	-0.301369
4	1	81	-0.251459
4	1	82	-0.248022
4	1	83	-0.130712
4	1	84	-0.0235981
4	1	85	0.0222157
4	1	86	0.0623895
4	1	87	0.0818778
4	1	88	0.0846051
4	1	89	0.0952236
4	1	90	0.102233
4	1	91	0.130964
4	1	92	0.215994
4	1	93	0.240056
4	1	94	0.253424
4	1	95	0.410018
4	1	96	0.441347
4	1	97	0.476706
4	1	98	0.566947
4	1	99	0.580724
4	1	100	0.588776
4	1	101	0.589163
4	1	102	0.603796
4	1	103	0.612836
4	1	104	0.716995
4	1	105	0.914576
4	1	106	0.943177
4	1	107	0.971243
4	1	108	0.976966
4	1	109	0.985026
4	1	110	1.07442
4	1	111	1.09403
4	1	112	1.33022
4	1	113	1.40073
4	1	114	1.42909
4	1	115	1.47676
4	1	116	1.60727
4	1	117	1.81547
4	1	118	1.98013
4	1	119	2.3176
4	2	0	-3.40073
4	2	1	-2.91458
4	2	2	-2.56695
4	2	3	-2.41002
4	2	4	-2.06239
4	2	5	-2.02222
4	2	6	-1.67459
4	2	7	-1.57623
4	2	8	-1.18843
4	2	9	-0.749181
4	2	10	-0.683871
4	2	11	-0.401553
4	2	12	0.0846051
4	2	13	0.589163
4	2	14	0.976966
5	-2.5	0	-2.87418
5	-2.5	1	-2.52655
5	-2.5	2	-2.04039
5	-2.5	3	-1.53584
5	-2.5	4	-1.14803
5	-2.5	5	0.125
5	-1.5	0	-4.27566
5	-1.5	1	-3.93064
5	-1.5	2	-3.79044
5	-1.5	3	-3.46082
5	-1.5	4	-3.44431
5	-1.5	5	-3.44113
5	-1.5	6	-3.28848
5	-1.5	7	-3.10994
5	-1.5	8	-3.10485
5	-1.5	9	-2.95
5	-1.5	10	-2.94288
5	-1.5	11	-2.93657
5	-1.5	12	-2.90034
5	-1.5	13	-2.87418
5	-1.5	14	-2.73914
5	-1.5	15	-2.60205
5	-1.5	16	-2.55802
5	-1.5	17	-2.54877
5	-1.5	18	-2.5455
5	-1.5	19	-2.52655
5	-1.5	20	-2.45884
5	-1.5	21	-2.45041
5	-1.5	22	-2.43544
5	-1.5	23	-2.22644
5	-1.5	24	-2.20032
5	-1.5	25	-2.10278
5	-1.5	26	-2.09764
5	-1.5	27	-2.07162
5	-1.5	28	-2.06261
5	-1.5	29	-2.06108
5	-1.5	30	-2.04039
5	-1.5	31	-1.94538
5	-1.5	32	-1.74066
5	-1.5	33	-1.71687
5	-1.5	34	-1.71498
5	-1.5	35	-1.70732
5	-1.5	36	-1.60765
5	-1.5	37	-1.60099
5	-1.5	38	-1.57067
5	-1.5	39	-1.55962
5	-1.5	40	-1.55805
5	-1.5	41	-1.53584
5	-1.5	42	-1.37224
5	-1.5	43	-1.27573
5	-1.5	44	-1.25051
5	-1.5	45	-1.21956
5	-1.5	46	-1.21042
5	-1.5	47	-1.20557
5	-1.5	48	-1.17949
5	-1.5	49	-1.16828
5	-1.5	50	-1.14803
5	-1.5	51	-1.10101
5	-1.5	52	-0.87682
5	-1.5	53	-0.819821
5	-1.5	54	-0.789576
5	-1.5	55	-0.764906
5	-1.5	56	-0.724266
5	-1.5	57	-0.720074
5	-1.5	58	-0.707836
5	-1.5	59	-0.64803
5	-1.5	60	-0.441947
5	-1.5	61	-0.377085
5	-1.5	62	-0.334579
5	-1.5	63	-0.285018
5	-1.5	64	-0.276033
5	-1.5	65	-0.260318
5	-1.5	66	-0.21553
5	-1.5	67	-0.155653
5	-1.5	68	0.0626104
5	-1.5	69	0.102784
5	-1.5	70	0.11577
5	-1.5	71	0.120766
5	-1.5	72	0.125
5	-1.5	73	0.165526
5	-1.5	74	0.171571
5	-1.5	75	0.22127
5	-1.5	76	0.450413
5	-1.5	77	0.48453
5	-1.5	78	0.548768
5	-1.5	79	0.559425
5	-1.5	80	0.623008
5	-1.5	81	0.736941
5	-1.5	82	0.936571
5	-1.5	83	0.972109
5	-1.5	84	1.08342
5	-1.5	85	1.12705
5	-1.5	86	1.44113
5	-1.5	87	1.47426
5	-1.5	88	1.584
5	-1.5	89	1.85728
5	-0.5	0	-4.85639
5	-0.5	1	-4.47638
5	-0.5	2	-4.35435
5	-0.5	3	-4.27566
5	-0.5	4	-4.10931
5	-0.5	5	-3.96688
5	-0.5	6	-3.95304
5	-0.5	7	-3.93064
5	-0.5	8	-3.85728
5	-0.5	9	-3.84409
5	-0.5	10	-3.79044
5	-0.5	11	-3.58872
5	-0.5	12	-3.584
5	-0.5	13	-3.53456
5	-0.5	14	-3.48754
5	-0.5	15	-3.47426
5	-0.5	16	-3.46573
5	-0.5	17	-3.46082
5	-0.5	18	-3.44714
5	-0.5	19	-3.44431
5	-0.5	20	-3.44113
5	-0.5	21	-3.3538
5	-0.5	22	-3.28848
5	-0.5	23	-3.16072
5	-0.5	24	-3.12705
5	-0.5	25	-3.12562
5	-0.5	26	-3.10994
5	-0.5	27	-3.10694
5	-0.5	28	-3.10485
5	-0.5	29	-3.08342
5	-0.5	30	-3.07852
5	-0.5	31	-3.06229
5	-0.5	32	-2.97844
5	-0.5	33	-2.97211
5	-0.5	34	-2.96313
5	-0.5	35	-2.95
5	-0.5	36	-2.94288
5	-0.5	37	-2.93657
5	-0.5	38	-2.90034
5	-0.5	39	-2.87418
5	-0.5	40	-2.85348
5	-0.5	41	-2.73914
5	-0.5	42	-2.73907
5	-0.5	43	-2.73694
5	-0.5	44	-2.73465
5	-0.5	45	-2.65985
5	-0.5	46	-2.62366
5	-0.5	47	-2.62301
5	-0.5	48	-2.60524
5	-0.5	49	-2.60205
5	-0.5	50	-2.58541
5	-0.5	51	-2.57892
5	-0.5	52	-2.55943
5	-0.5	53	-2.55802
5	-0.5	54	-2.54908
5	-0.5	55	-2.54877
5	-0.5	56	-2.5455
5	-0.5	57	-2.52655
5	-0.5	58	-2.48453
5	-0.5	59	-2.47911
5	-0.5	60	-2.46399
5	-0.5	61	-2.45884
5	-0.5	62	-2.45041
5	-0.5	63	-2.43544
5	-0.5	64	-2.36989
5	-0.5	65	-2.23471
5	-0.5	66	-2.22644
5	-0.5	67	-2.22127
5	-0.5	68	-2.22009
5	-0.5	69	-2.21804
5	-0.5	70	-2.20032
5	-0.5	71	-2.17157
5	-0.5	72	-2.16553
5	-0.5	73	-2.1482
5	-0.5	74	-2.125
5	-0.5	75	-2.12495
5	-0.5	76	-2.12077
5	-0.5	77	-2.1166
5	-0.5	78	-2.11577
5	-0.5	79	-2.10671
5	-0.5	80	-2.10278
5	-0.5	81	-2.09764
5	-0.5	82	-2.09438
5	-0.5	83	-2.07162
5	-0.5	84	-2.06319
5	-0.5	85	-2.06261
5	-0.5	86	-2.06108
5	-0.5	87	-2.04039
5	-0.5	88	-2.01116
5	-0.5	89	-1.97628
5	-0.5	90	-1.94538
5	-0.5	91	-1.84996
5	-0.5	92	-1.84435
5	-0.5	93	-1.80324
5	-0.5	94	-1.78447
5	-0.5	95	-1.75855
5	-0.5	96	-1.75521
5	-0.5	97	-1.74229
5	-0.5	98	-1.74066
5	-0.5	99	-1.73968
5	-0.5	100	-1.72397
5	-0.5	101	-1.71687
5	-0.5	102	-1.71498
5	-0.5	103	-1.71415
5	-0.5	104	-1.70818
5	-0.5	105	-1.70732
5	-0.5	106	-1.66542
5	-0.5	107	-1.66316
5	-0.5	108	-1.66257
5	-0.5	109	-1.62378
5	-0.5	110	-1.62291
5	-0.5	111	-1.61086
5	-0.5	112	-1.60765
5	-0.5	113	-1.60099
5	-0.5	114	-1.5943
5	-0.5	115	-1.57067
5	-0.5	116	-1.55962
5	-0.5	117	-1.55805
5	-0.5	118	-1.53584
5	-0.5	119	-1.51524
5	-0.5	120	-1.39551
5	-0.5	121	-1.37224
5	-0.5	122	-1.3697
5	-0.5	123	-1.35197
5	-0.5	124	-1.34775
5	-0.5	125	-1.32859
5	-0.5	126	-1.29216
5	-0.5	127	-1.27993
5	-0.5	128	-1.27573
5	-0.5	129	-1.26356
5	-0.5	130	-1.25051
5	-0.5	131	-1.25002
5	-0.5	132	-1.24411
5	-0.5	133	-1.24167
5	-0.5	134	-1.23509
5	-0.5	135	-1.21956
5	-0.5	136	-1.21042
5	-0.5	137	-1.20557
5	-0.5	138	-1.18018
5	-0.5	139	-1.17949
5	-0.5	140	-1.17708
5	-0.5	141	-1.16828
5	-0.5	142	-1.16462
5	-0.5	143	-1.15119
5	-0.5	144	-1.14803
5	-0.5	145	-1.12413
5	-0.5	146	-1.12318
5	-0.5	147	-1.10726
5	-0.5	148	-1.10101
5	-0.5	149	-1.00027
5	-0.5	150	-0.999728
5	-0.5	151	-0.898993
5	-0.5	152	-0.892742
5	-0.5	153	-0.87682
5	-0.5	154	-0.875874
5	-0.5	155	-0.851966
5	-0.5	156	-0.848806
5	-0.5	157	-0.835376
5	-0.5	158	-0.831716
5	-0.5	159	-0.822923
5	-0.5	160	-0.820515
5	-0.5	161	-0.819821
5	-0.5	162	-0.794432
5	-0.5	163	-0.789576
5	-0.5	164	-0.780437
5	-0.5	165	-0.764906
5	-0.5	166	-0.75833
5	-0.5	167	-0.75589
5	-0.5	168	-0.749978
5	-0.5	169	-0.749492
5	-0.5	170	-0.736437
5	-0.5	171	-0.724266
5	-0.5	172	-0.720074
5	-0.5	173	-0.707836
5	-0.5	174	-0.671411
5	-0.5	175	-0.652247
5	-0.5	176	-0.64803
5	-0.5	177	-0.630297
5	-0.5	178	-0.627761
5	-0.5	179	-0.60449
5	-0.5	180	-0.484757
5	-0.5	181	-0.464163
5	-0.5	182	-0.441947
5	-0.5	183	-0.440377
5	-0.5	184	-0.429331
5	-0.5	185	-0.405704
5	-0.5	186	-0.399012
5	-0.5	187	-0.392348
5	-0.5	188	-0.389137
5	-0.5	189	-0.377085
5	-0.5	190	-0.376222
5	-0.5	191	-0.337426
5	-0.5	192	-0.336845
5	-0.5	193	-0.334579
5	-0.5	194	-0.292679
5	-0.5	195	-0.291823
5	-0.5	196	-0.285847
5	-0.5	197	-0.285018
5	-0.5	198	-0.283134
5	-0.5	199	-0.276033
5	-0.5	200	-0.260318
5	-0.5	201	-0.259343
5	-0.5	202	-0.257714
5	-0.5	203	-0.24479
5	-0.5	204	-0.241446
5	-0.5	205	-0.21553
5	-0.5	206	-0.196761
5	-0.5	207	-0.155653
5	-0.5	208	-0.150041
5	-0.5	209	-0.0546196
5	-0.5	210	-0.0237223
5	-0.5	211	0.0111571
5	-0.5	212	0.0403948
5	-0.5	213	0.0610797
5	-0.5	214	0.0626104
5	-0.5	215	0.0631909
5	-0.5	216	0.0716179
5	-0.5	217	0.0943805
5	-0.5	218	0.0976427
5	-0.5	219	0.102784
5	-0.5	220	0.106708
5	-0.5	221	0.11577
5	-0.5	222	0.116602
5	-0.5	223	0.120766
5	-0.5	224	0.124947
5	-0.5	225	0.125
5	-0.5	226	0.148195
5	-0.5	227	0.165526
5	-0.5	228	0.171571
5	-0.5	229	0.200317
5	-0.5	230	0.218036
5	-0.5	231	0.220087
5	-0.5	232	0.22127
5	-0.5	233	0.226438
5	-0.5	234	0.234714
5	-0.5	235	0.369886
5	-0.5	236	0.435441
5	-0.5	237	0.450413
5	-0.5	238	0.45884
5	-0.5	239	0.463994
5	-0.5	240	0.479113
5	-0.5	241	0.48453
5	-0.5	242	0.526553
5	-0.5	243	0.545497
5	-0.5	244	0.548768
5	-0.5	245	0.549082
5	-0.5	246	0.558022
5	-0.5	247	0.559425
5	-0.5	248	0.578918
5	-0.5	249	0.585409
5	-0.5	250	0.602049
5	-0.5	251	0.605241
5	-0.5	252	0.623008
5	-0.5	253	0.623658
5	-0.5	254	0.659852
5	-0.5	255	0.734651
5	-0.5	256	0.736941
5	-0.5	257	0.739072
5	-0.5	258	0.739137
5	-0.5	259	0.853476
5	-0.5	260	0.874181
5	-0.5	261	0.900342
5	-0.5	262	0.936571
5	-0.5	263	0.942876
5	-0.5	264	0.950004
5	-0.5	265	0.96313
5	-0.5	266	0.972109
5	-0.5	267	0.978444
5	-0.5	268	1.06229
5	-0.5	269	1.07852
5	-0.5	270	1.08342
5	-0.5	271	1.10485
5	-0.5	272	1.10694
5	-0.5	273	1.10994
5	-0.5	274	1.12562
5	-0.5	275	1.12705
5	-0.5	276	1.16072
5	-0.5	277	1.28848
5	-0.5	278	1.3538
5	-0.5	279	1.44113
5	-0.5	280	1.44431
5	-0.5	281	1.44714
5	-0.5	282	1.46082
5	-0.5	283	1.46573
5	-0.5	284	1.47426
5	-0.5	285	1.48754
5	-0.5	286	1.53456
5	-0.5	287	1.584
5	-0.5	288	1.58872
5	-0.5	289	1.79044
5	-0.5	290	1.84409
5	-0.5	291	1.85728
5	-0.5	292	1.93064
5	-0.5	293	1.95304
5	-0.5	294	1.96688
5	-0.5	295	2.10931
5	-0.5	296	2.27566
5	-0.5	297	2.35435
5	-0.5	298	2.47638
5	-0.5	299	2.85639
5	0.5	0	-4.85639
5	0.5	1	-4.47638
5	0.5	2	-4.35435
5	0.5	3	-4.27566
5	0.5	4	-4.10931
5	0.5	5	-3.96688
5	0.5	6	-3.95304
5	0.5	7	-3.93064
5	0.5	8	-3.85728
5	0.5	9	-3.84409
5	0.5	10	-3.79044
5	0.5	11	-3.58872
5	0.5	12	-3.584
5	0.5	13	-3.53456
5	0.5	14	-3.48754
5	0.5	15	-3.47426
5	0.5	16	-3.46573
5	0.5	17	-3.46082
5	0.5	18	-3.44714
5	0.5	19	-3.44431
5	0.5	20	-3.44113
5	0.5	21	-3.3538
5	0.5	22	-3.28848
5	0.5	23	-3.16072
5	0.5	24	-3.12705
5	0.5	25	-3.12562
5	0.5	26	-3.10994
5	0.5	27	-3.10694
5	0.5	28	-3.10485
5	0.5	29	-3.08342
5	0.5	30	-3.07852
5	0.5	31	-3.06229
5	0.5	32	-2.97844
5	0.5	33	-2.97211
5	0.5	34	-2.96313
5	0.5	35	-2.95
5	0.5	36	-2.94288
5	0.5	37	-2.93657
5	0.5	38	-2.90034
5	0.5	39	-2.87418
5	0.5	40	-2.85348
5	0.5	41	-2.73914
5	0.5	42	-2.73907
5	0.5	43	-2.73694
5	0.5	44	-2.73465
5	0.5	45	-2.65985
5	0.5	46	-2.62366
5	0.5	47	-2.62301
5	0.5	48	-2.60524
5	0.5	49	-2.60205
5	0.5	50	-2.58541
5	0.5	51	-2.57892
5	0.5	52	-2.55943
5	0.5	53	-2.55802
5	0.5	54	-2.54908
5	0.5	55	-2.54877
5	0.5	56	-2.5455
5	0.5	57	-2.52655
5	0.5	58	-2.48453
5	0.5	59	-2.47911
5	0.5	60	-2.46399
5	0.5	61	-2.45884
5	0.5	62	-2.45041
5	0.5	63	-2.43544
5	0.5	64	-2.36989
5	0.5	65	-2.23471
5	0.5	66	-2.22644
5	0.5	67	-2.22127
5	0.5	68	-2.22009
5	0.5	69	-2.21804
5	0.5	70	-2.20032
5	0.5	71	-2.17157
5	0.5	72	-2.16553
5	0.5	73	-2.1482
5	0.5	74	-2.125
5	0.5	75	-2.12495
5	0.5	76	-2.12077
5	0.5	77	-2.1166
5	0.5	78	-2.11577
5	0.5	79	-2.10671
5	0.5	80	-2.10278
5	0.5	81	-2.09764
5	0.5	82	-2.09438
5	0.5	83	-2.07162
5	0.5	84	-2.06319
5	0.5	85	-2.06261
5	0.5	86	-2.06108
5	0.5	87	-2.04039
5	0.5	88	-2.01116
5	0.5	89	-1.97628
5	0.5	90	-1.94538
5	0.5	91	-1.84996
5	0.5	92	-1.84435
5	0.5	93	-1.80324
5	0.5	94	-1.78447
5	0.5	95	-1.75855
5	0.5	96	-1.75521
5	0.5	97	-1.74229
5	0.5	98	-1.74066
5	0.5	99	-1.73968
5	0.5	100	-1.72397
5	0.5	101	-1.71687
5	0.5	102	-1.71498
5	0.5	103	-1.71415
5	0.5	104	-1.70818
5	0.5	105	-1.70732
5	0.5	106	-1.66542
5	0.5	107	-1.66316
5	0.5	108	-1.66257
5	0.5	109	-1.62378
5	0.5	110	-1.62291
5	0.5	111	-1.61086
5	0.5	112	-1.60765
5	0.5	113	-1.60099
5	0.5	114	-1.5943
5	0.5	115	-1.57067
5	0.5	116	-1.55962
5	0.5	117	-1.55805
5	0.5	118	-1.53584
5	0.5	119	-1.51524
5	0.5	120	-1.39551
5	0.5	121	-1.37224
5	0.5	122	-1.3697
5	0.5	123	-1.35197
5	0.5	124	-1.34775
5	0.5	125	-1.32859
5	0.5	126	-1.29216
5	0.5	127	-1.27993
5	0.5	128	-1.27573
5	0.5	129	-1.26356
5	0.5	130	-1.25051
5	0.5	131	-1.25002
5	0.5	132	-1.24411
5	0.5	133	-1.24167
5	0.5	134	-1.23509
5	0.5	135	-1.21956
5	0.5	136	-1.21042
5	0.5	137	-1.20557
5	0.5	138	-1.18018
5	0.5	139	-1.17949
5	0.5	140	-1.17708
5	0.5	141	-1.16828
5	0.5	142	-1.16462
5	0.5	143	-1.15119
5	0.5	144	-1.14803
5	0.5	145	-1.12413
5	0.5	146	-1.12318
5	0.5	147	-1.10726
5	0.5	148	-1.10101
5	0.5	149	-1.00027
5	0.5	150	-0.999728
5	0.5	151	-0.898993
5	0.5	152	-0.892742
5	0.5	153	-0.87682
5	0.5	154	-0.875874
5	0.5	155	-0.851966
5	0.5	156	-0.848806
5	0.5	157	-0.835376
5	0.5	158	-0.831716
5	0.5	159	-0.822923
5	0.5	160	-0.820515
5	0.5	161	-0.819821
5	0.5	162	-0.794432
5	0.5	163	-0.789576
5	0.5	164	-0.780437
5	0.5	165	-0.764906
5	0.5	166	-0.75833
5	0.5	167	-0.75589
5	0.5	168	-0.749978
5	0.5	169	-0.749492
5	0.5	170	-0.736437
5	0.5	171	-0.724266
5	0.5	172	-0.720074
5	0.5	173	-0.707836
5	0.5	174	-0.671411
5	0.5	175	-0.652247
5	0.5	176	-0.64803
5	0.5	177	-0.630297
5	0.5	178	-0.627761
5	0.5	179	-0.60449
5	0.5	180	-0.484757
5	0.5	181	-0.464163
5	0.5	182	-0.441947
5	0.5	183	-0.440377
5	0.5	184	-0.429331
5	0.5	185	-0.405704
5	0.5	186	-0.399012
5	0.5	187	-0.392348
5	0.5	188	-0.389137
5	0.5	189	-0.377085
5	0.5	190	-0.376222
5	0.5	191	-0.337426
5	0.5	192	-0.336845
5	0.5	193	-0.334579
5	0.5	194	-0.292679
5	0.5	195	-0.291823
5	0.5	196	-0.285847
5	0.5	197	-0.285018
5	0.5	198	-0.283134
5	0.5	199	-0.276033
5	0.5	200	-0.260318
5	0.5	201	-0.259343
5	0.5	202	-0.257714
5	0.5	203	-0.24479
5	0.5	204	-0.241446
5	0.5	205	-0.21553
5	0.5	206	-0.196761
5	0.5	207	-0.155653
5	0.5	208	-0.150041
5	0.5	209	-0.0546196
5	0.5	210	-0.0237223
5	0.5	211	0.0111571
5	0.5	212	0.0403948
5	0.5	213	0.0610797
5	0.5	214	0.0626104
5	0.5	215	0.0631909
5	0.5	216	0.0716179
5	0.5	217	0.0943805
5	0.5	218	0.0976427
5	0.5	219	0.102784
5	0.5	220	0.106708
5	0.5	221	0.11577
5	0.5	222	0.116602
5	0.5	223	0.120766
5	0.5	224	0.124947
5	0.5	225	0.125
5	0.5	226	0.148195
5	0.5	227	0.165526
5	0.5	228	0.171571
5	0.5	229	0.200317
5	0.5	230	0.218036
5	0.5	231	0.220087
5	0.5	232	0.22127
5	0.5	233	0.226438
5	0.5	234	0.234714
5	0.5	235	0.369886
5	0.5	236	0.435441
5	0.5	237	0.450413
5	0.5	238	0.45884
5	0.5	239	0.463994
5	0.5	240	0.479113
5	0.5	241	0.48453
5	0.5	242	0.526553
5	0.5	243	0.545497
5	0.5	244	0.548768
5	0.5	245	0.549082
5	0.5	246	0.558022
5	0.5	247	0.559425
5	0.5	248	0.578918
5	0.5	249	0.585409
5	0.5	250	0.602049
5	0.5	251	0.605241
5	0.5	252	0.623008
5	0.5	253	0.623658
5	0.5	254	0.659852
5	0.5	255	0.734651
5	0.5	256	0.736941
5	0.5	257	0.739072
5	0.5	258	0.739137
5	0.5	259	0.853476
5	0.5	260	0.874181
5	0.5	261	0.900342
5	0.5	262	0.936571
5	0.5	263	0.942876
5	0.5	264	0.950004
5	0.5	265	0.96313
5	0.5	266	0.972109
5	0.5	267	0.978444
5	0.5	268	1.06229
5	0.5	269	1.07852
5	0.5	270	1.08342
5	0.5	271	1.10485
5	0.5	272	1.10694
5	0.5	273	1.10994
5	0.5	274	1.12562
5	0.5	275	1.12705
5	0.5	276	1.16072
5	0.5	277	1.28848
5	0.5	278	1.3538
5	0.5	279	1.44113
5	0.5	280	1.44431
5	0.5	281	1.44714
5	0.5	282	1.46082
5	0.5	283	1.46573
5	0.5	284	1.47426
5	0.5	285	1.48754
5	0.5	286	1.53456
5	0.5	287	1.584
5	0.5	288	1.58872
5	0.5	289	1.79044
5	0.5	290	1.84409
5	0.5	291	1.85728
5	0.5	292	1.93064
5	0.5	293	1.95304
5	0.5	294	1.96688
5	0.5	295	2.10931
5	0.5	296	2.27566
5	0.5	297	2.35435
5	0.5	298	2.47638
5	0.5	299	2.85639
5	1.5	0	-4.27566
5	1.5	1	-3.93064
5	1.5	2	-3.79044
5	1.5	3	-3.46082
5	1.5	4	-3.44431
5	1.5	5	-3.44113
5	1.5	6	-3.28848
5	1.5	7	-3.10994
5	1.5	8	-3.10485
5	1.5	9	-2.95
5	1.5	10	-2.94288
5	1.5	11	-2.93657
5	1.5	12	-2.90034
5	1.5	13	-2.87418
5	1.5	14	-2.73914
5	1.5	15	-2.60205
5	1.5	16	-2.55802
5	1.5	17	-2.54877
5	1.5	18	-2.5455
5	1.5	19	-2.52655
5	1.5	20	-2.45884
5	1.5	21	-2.45041
5	1.5	22	-2.43544
5	1.5	23	-2.22644
5	1.5	24	-2.20032
5	1.5	25	-2.10278
5	1.5	26	-2.09764
5	1.5	27	-2.07162
5	1.5	28	-2.06261
5	1.5	29	-2.06108
5	1.5	30	-2.04039
5	1.5	31	-1.94538
5	1.5	32	-1.74066
5	1.5	33	-1.71687
5	1.5	34	-1.71498
5	1.5	35	-1.70732
5	1.5	36	-1.60765
5	1.5	37	-1.60099
5	1.5	38	-1.57067
5	1.5	39	-1.55962
5	1.5	40	-1.55805
5	1.5	41	-1.53584
5	1.5	42	-1.37224
5	1.5	43	-1.27573
5	1.5	44	-1.25051
5	1.5	45	-1.21956
5	1.5	46	-1.21042
5	1.5	47	-1.20557
5	1.5	48	-1.17949
5	1.5	49	-1.16828
5	1.5	50	-1.14803
5	1.5	51	-1.10101
5	1.5	52	-0.87682
5	1.5	53	-0.819821
5	1.5	54	-0.789576
5	1.5	55	-0.764906
5	1.5	56	-0.724266
5	1.5	57	-0.720074
5	1.5	58	-0.707836
5	1.5	59	-0.64803
5	1.5	60	-0.441947
5	1.5	61	-0.377085
5	1.5	62	-0.334579
5	1.5	63	-0.285018
5	1.5	64	-0.276033
5	1.5	65	-0.260318
5	1.5	66	-0.21553
5	1.5	67	-0.155653
5	1.5	68	0.0626104
5	1.5	69	0.102784
5	1.5	70	0.11577
5	1.5	71	0.120766
5	1.5	72	0.125
5	1.5	73	0.165526
5	1.5	74	0.171571
5	1.5	75	0.22127
5	1.5	76	0.450413
5	1.5	77	0.48453
5	1.5	78	0.548768
5	1.5	79	0.559425
5	1.5	80	0.623008
5	1.5	81	0.736941
5	1.5	82	0.936571
5	1.5	83	0.972109
5	1.5	84	1.08342
5	1.5	85	1.12705
5	1.5	86	1.44113
5	1.5	87	1.47426
5	1.5	88	1.584
5	1.5	89	1.85728
5	2.5	0	-2.87418
5	2.5	1	-2.52655
5	2.5	2	-2.04039
5	2.5	3	-1.53584
5	2.5	4	-1.14803
5	2.5	5	0.125
6	-3	0	-2
6	-2	0	-3.7485
6	-2	1	-3.40193
6	-2	2	-3.40073
6	-2	3	-3.05589
6	-2	4	-2.91766
6	-2	5	-2.91458
6	-2	6	-2.586
6	-2	7	-2.56695
6	-2	8	-2.41847
6	-2	9	-2.41002
6	-2	10	-2.2406
6	-2	11	-2.07344
6	-2	12	-2.06239
6	-2	13	-2.02917
6	-2	14	-2.02222
6	-2	15	-2
6	-2	16	-1.67459
6	-2	17	-1.67021
6	-2	18	-1.57623
6	-2	19	-1.56103
6	-2	20	-1.18843
6	-2	21	-1.18501
6	-2	22	-1.06842
6	-2	23	-0.749181
6	-2	24	-0.719552
6	-2	25	-0.683871
6	-2	26	-0.680777
6	-2	27	-0.401553
6	-2	28	-0.310242
6	-2	29	-0.293679
6	-2	30	0.0846051
6	-2	31	0.219162
6	-2	32	0.589163
6	-2	33	0.711194
6	-2	34	0.976966
6	-2	35	1.03022
6	-1	0	-4.80553
6	-1	1	-4.33572
6	-1	2	-4.3176
6	-1	3	-3.9843
6	-1	4	-3.98013
6	-1	5	-3.97675
6	-1	6	-3.82541
6	-1	7	-3.81547
6	-1	8	-3.7485
6	-1	9	-3.60872
6	-1	10	-3.60727
6	-1	11	-3.48219
6	-1	12	-3.47676
6	-1	13	-3.42909
6	-1	14	-3.42316
6	-1	15	-3.40193
6	-1	16	-3.40073
6	-1	17	-3.33022
6	-1	18	-3.30971
6	-1	19	-3.23991
6	-1	20	-3.10092
6	-1	21	-3.09403
6	-1	22	-3.08499
6	-1	23	-3.07442
6	-1	24	-3.05589
6	-1	25	-2.98503
6	-1	26	-2.97697
6	-1	27	-2.97124
6	-1	28	-2.96995
6	-1	29	-2.94318
6	-1	30	-2.93869
6	-1	31	-2.91766
6	-1	32	-2.91458
6	-1	33	-2.82203
6	-1	34	-2.717
6	-1	35	-2.67364
6	-1	36	-2.61448
6	-1	37	-2.61284
6	-1	38	-2.6038
6	-1	39	-2.58916
6	-1	40	-2.58878
6	-1	41	-2.58703
6	-1	42	-2.586
6	-1	43	-2.58072
6	-1	44	-2.57506
6	-1	45	-2.56695
6	-1	46	-2.47994
6	-1	47	-2.47671
6	-1	48	-2.44135
6	-1	49	-2.43857
6	-1	50	-2.41847
6	-1	51	-2.41002
6	-1	52	-2.25342
6	-1	53	-2.24897
6	-1	54	-2.2406
6	-1	55	-2.24006
6	-1	56	-2.23822
6	-1	57	-2.21599
6	-1	58	-2.19839
6	-1	59	-2.13096
6	-1	60	-2.10775
6	-1	61	-2.10223
6	-1	62	-2.09522
6	-1	63	-2.08653
6	-1	64	-2.08461
6	-1	65	-2.08188
6	-1	66	-2.07344
6	-1	67	-2.06239
6	-1	68	-2.05565
6	-1	69	-2.04096
6	-1	70	-2.02917
6	-1	71	-2.02222
6	-1	72	-2
6	-1	73	-1.98066
6	-1	74	-1.9764
6	-1	75	-1.87032
6	-1	76	-1.86929
6	-1	77	-1.75198
6	-1	78	-1.74854
6	-1	79	-1.74552
6	-1	80	-1.71756
6	-1	81	-1.713
6	-1	82	-1.69875
6	-1	83	-1.69863
6	-1	84	-1.69415
6	-1	85	-1.67459
6	-1	86	-1.67021
6	-1	87	-1.64566
6	-1	88	-1.61302
6	-1	89	-1.60245
6	-1	90	-1.59845
6	-1	91	-1.59761
6	-1	92	-1.59682
6	-1	93	-1.58199
6	-1	94	-1.57623
6	-1	95	-1.56103
6	-1	96	-1.5165
6	-1	97	-1.36047
6	-1	98	-1.35453
6	-1	99	-1.34345
6	-1	100	-1.31613
6	-1	101	-1.2902
6	-1	102	-1.25255
6	-1	103	-1.25082
6	-1	104	-1.24598
6	-1	105	-1.24327
6	-1	106	-1.24205
6	-1	107	-1.21831
6	-1	108	-1.21313
6	-1	109	-1.21118
6	-1	110	-1.20106
6	-1	111	-1.18843
6	-1	112	-1.18501
6	-1	113	-1.14688
6	-1	114	-1.14473
6	-1	115	-1.13868
6	-1	116	-1.10608
6	-1	117	-1.09196
6	-1	118	-1.06842
6	-1	119	-1.02405
6	-1	120	-0.908036
6	-1	121	-0.882941
6	-1	122	-0.861323
6	-1	123	-0.855274
6	-1	124	-0.845676
6	-1	125	-0.811571
6	-1	126	-0.800929
6	-1	127	-0.786871
6	-1	128	-0.75795
6	-1	129	-0.756731
6	-1	130	-0.749181
6	-1	131	-0.747451
6	-1	132	-0.745802
6	-1	133	-0.723076
6	-1	134	-0.719552
6	-1	135	-0.716716
6	-1	136	-0.709801
6	-1	137	-0.698565
6	-1	138	-0.683871
6	-1	139	-0.680777
6	-1	140	-0.650659
6	-1	141	-0.645468
6	-1	142	-0.503281
6	-1	143	-0.423768
6	-1	144	-0.418014
6	-1	145	-0.402389
6	-1	146	-0.401553
6	-1	147	-0.386984
6	-1	148	-0.367388
6	-1	149	-0.356727
6	-1	150	-0.354335
6	-1	151	-0.325413
6	-1	152	-0.316414
6	-1	153	-0.310242
6	-1	154	-0.305854
6	-1	155	-0.301369
6	-1	156	-0.293679
6	-1	157	-0.282998
6	-1	158	-0.251459
6	-1	159	-0.248022
6	-1	160	-0.246175
6	-1	161	-0.217588
6	-1	162	-0.134372
6	-1	163	-0.130712
6	-1	164	-0.0235981
6	-1	165	0.021672
6	-1	166	0.0222157
6	-1	167	0.0623895
6	-1	168	0.0818778
6	-1	169	0.0846051
6	-1	170	0.0952236
6	-1	171	0.102233
6	-1	172	0.125647
6	-1	173	0.130964
6	-1	174	0.145583
6	-1	175	0.192546
6	-1	176	0.21506
6	-1	177	0.215994
6	-1	178	0.219162
6	-1	179	0.240056
6	-1	180	0.253424
6	-1	181	0.283843
6	-1	182	0.410018
6	-1	183	0.441347
6	-1	184	0.476706
6	-1	185	0.521267
6	-1	186	0.566947
6	-1	187	0.580724
6	-1	188	0.581362
6	-1	189	0.588776
6	-1	190	0.589163
6	-1	191	0.603796
6	-1	192	0.612836
6	-1	193	0.624792
6	-1	194	0.639306
6	-1	195	0.665465
6	-1	196	0.711194
6	-1	197	0.716995
6	-1	198	0.718806
6	-1	199	0.914576
6	-1	200	0.943177
6	-1	201	0.971243
6	-1	202	0.976966
6	-1	203	0.985026
6	-1	204	1.00546
6	-1	205	1.00722
6	-1	206	1.03022
6	-1	207	1.07442
6	-1	208	1.08711
6	-1	209	1.09403
6	-1	210	1.23912
6	-1	211	1.33022
6	-1	212	1.40073
6	-1	213	1.41942
6	-1	214	1.42909
6	-1	215	1.47676
6	-1	216	1.52023
6	-1	217	1.60439
6	-1	218	1.60727
6	-1	219	1.81547
6	-1	220	1.94687
6	-1	221	1.98013
6	-1	222	2.02132
6	-1	223	2.3176
6	-1	224	2.45502
6	0	0	-4.97928
6	0	1	-4.80553
6	0	2	-4.45502
6	0	3	-4.39541
6	0	4	-4.33572
6	0	5	-4.3176
6	0	6	-4.02132
6	0	7	-4.01197
6	0	8	-3.9843
6	0	9	-3.98013
6	0	10	-3.97675
6	0	11	-3.94687
6	0	12	-3.92986
6	0	13	-3.82541
6	0	14	-3.81547
6	0	15	-3.7485
6	0	16	-3.60872
6	0	17	-3.60727
6	0	18	-3.60456
6	0	19	-3.60439
6	0	20	-3.52023
6	0	21	-3.50738
6	0	22	-3.48219
6	0	23	-3.47676
6	0	24	-3.45214
6	0	25	-3.42909
6	0	26	-3.42316
6	0	27	-3.41942
6	0	28	-3.40193
6	0	29	-3.40073
6	0	30	-3.33022
6	0	31	-3.30971
6	0	32	-3.23991
6	0	33	-3.23912
6	0	34	-3.11652
6	0	35	-3.10092
6	0	36	-3.09403
6	0	37	-3.08949
6	0	38	-3.08711
6	0	39	-3.08499
6	0	40	-3.07442
6	0	41	-3.05589
6	0	42	-3.03022
6	0	43	-3.00722
6	0	44	-3.00546
6	0	45	-3.00215
6	0	46	-2.98503
6	0	47	-2.97697
6	0	48	-2.97124
6	0	49	-2.96995
6	0	50	-2.94318
6	0	51	-2.93869
6	0	52	-2.92551
6	0	53	-2.91766
6	0	54	-2.91458
6	0	55	-2.82203
6	0	56	-2.72185
6	0	57	-2.71881
6	0	58	-2.717
6	0	59	-2.71119
6	0	60	-2.67364
6	0	61	-2.66546
6	0	62	-2.64545
6	0	63	-2.63931
6	0	64	-2.62479
6	0	65	-2.61448
6	0	66	-2.61284
6	0	67	-2.6038
6	0	68	-2.58916
6	0	69	-2.58878
6	0	70	-2.58703
6	0	71	-2.586
6	0	72	-2.58136
6	0	73	-2.58072
6	0	74	-2.57671
6	0	75	-2.57506
6	0	76	-2.56695
6	0	77	-2.52795
6	0	78	-2.52127
6	0	79	-2.50884
6	0	80	-2.47994
6	0	81	-2.47671
6	0	82	-2.44135
6	0	83	-2.43857
6	0	84	-2.41847
6	0	85	-2.41002
6	0	86	-2.29182
6	0	87	-2.28384
6	0	88	-2.25342
6	0	89	-2.24897
6	0	90	-2.2406
6	0	91	-2.24006
6	0	92	-2.23822
6	0	93	-2.23567
6	0	94	-2.21916
6	0	95	-2.21599
6	0	96	-2.21506
6	0	97	-2.20726
6	0	98	-2.19839
6	0	99	-2.19255
6	0	100	-2.14558
6	0	101	-2.13743
6	0	102	-2.13096
6	0	103	-2.12565
6	0	104	-2.10775
6	0	105	-2.10223
6	0	106	-2.09522
6	0	107	-2.08653
6	0	108	-2.08461
6	0	109	-2.08188
6	0	110	-2.07344
6	0	111	-2.06239
6	0	112	-2.05565
6	0	113	-2.04096
6	0	114	-2.02917
6	0	115	-2.02222
6	0	116	-2.02167
6	0	117	-2.02042
6	0	118	-2.01097
6	0	119	-2
6	0	120	-1.98066
6	0	121	-1.9764
6	0	122	-1.87032
6	0	123	-1.86929
6	0	124	-1.868
6	0	125	-1.86563
6	0	126	-1.79224
6	0	127	-1.78241
6	0	128	-1.75382
6	0	129	-1.75198
6	0	130	-1.74854
6	0	131	-1.74552
6	0	132	-1.71756
6	0	133	-1.717
6	0	134	-1.713
6	0	135	-1.70632
6	0	136	-1.70316
6	0	137	-1.69875
6	0	138	-1.69863
6	0	139	-1.69415
6	0	140	-1.68976
6	0	141	-1.68359
6	0	142	-1.67897
6	0	143	-1.67459
6	0	144	-1.67021
6	0	145	-1.64566
6	0	146	-1.64327
6	0	147	-1.63261
6	0	148	-1.62238
6	0	149	-1.61302
6	0	150	-1.60245
6	0	151	-1.59845
6	0	152	-1.59761
6	0	153	-1.59682
6	0	154	-1.58199
6	0	155	-1.57623
6	0	156	-1.56103
6	0	157	-1.5394
6	0	158	-1.5165
6	0	159	-1.50022
6	0	160	-1.49672
6	0	161	-1.36047
6	0	162	-1.35453
6	0	163	-1.35159
6	0	164	-1.34934
6	0	165	-1.34345
6	0	166	-1.31922
6	0	167	-1.31613
6	0	168	-1.30144
6	0	169	-1.2902
6	0	170	-1.28328
6	0	171	-1.28045
6	0	172	-1.27692
6	0	173	-1.27442
6	0	174	-1.2542
6	0	175	-1.25255
6	0	176	-1.25082
6	0	177	-1.24598
6	0	178	-1.24327
6	0	179	-1.24205
6	0	180	-1.21831
6	0	181	-1.21313
6	0	182	-1.21118
6	0	183	-1.20585
6	0	184	-1.20106
6	0	185	-1.19907
6	0	186	-1.18843
6	0	187	-1.18501
6	0	188	-1.16019
6	0	189	-1.15432
6	0	190	-1.14688
6	0	191	-1.14473
6	0	192	-1.13868
6	0	193	-1.13712
6	0	194	-1.11706
6	0	195	-1.10608
6	0	196	-1.09196
6	0	197	-1.06842
6	0	198	-1.06641
6	0	199	-1.02405
6	0	200	-0.975945
6	0	201	-0.933593
6	0	202	-0.931583
6	0	203	-0.908036
6	0	204	-0.893924
6	0	205	-0.882941
6	0	206	-0.862881
6	0	207	-0.861323
6	0	208	-0.855274
6	0	209	-0.853116
6	0	210	-0.845676
6	0	211	-0.839815
6	0	212	-0.814994
6	0	213	-0.811571
6	0	214	-0.800929
6	0	215	-0.798936
6	0	216	-0.794146
6	0	217	-0.788819
6	0	218	-0.786871
6	0	219	-0.781694
6	0	220	-0.75795
6	0	221	-0.756731
6	0	222	-0.754025
6	0	223	-0.749181
6	0	224	-0.747451
6	0	225	-0.745802
6	0	226	-0.725576
6	0	227	-0.723076
6	0	228	-0.719552
6	0	229	-0.716716
6	0	230	-0.709801
6	0	231	-0.698565
6	0	232	-0.683871
6	0	233	-0.680777
6	0	234	-0.656553
6	0	235	-0.650659
6	0	236	-0.648414
6	0	237	-0.645468
6	0	238	-0.639532
6	0	239	-0.503281
6	0	240	-0.499776
6	0	241	-0.483504
6	0	242	-0.460605
6	0	243	-0.438971
6	0	244	-0.423768
6	0	245	-0.418014
6	0	246	-0.403179
6	0	247	-0.402389
6	0	248	-0.401553
6	0	249	-0.397554
6	0	250	-0.386984
6	0	251	-0.377624
6	0	252	-0.367388
6	0	253	-0.356727
6	0	254	-0.354335
6	0	255	-0.32979
6	0	256	-0.325413
6	0	257	-0.321025
6	0	258	-0.316414
6	0	259	-0.310242
6	0	260	-0.305854
6	0	261	-0.301369
6	0	262	-0.301247
6	0	263	-0.29684
6	0	264	-0.293679
6	0	265	-0.286998
6	0	266	-0.282998
6	0	267	-0.282443
6	0	268	-0.254483
6	0	269	-0.251459
6	0	270	-0.248022
6	0	271	-0.246175
6	0	272	-0.217588
6	0	273	-0.207764
6	0	274	-0.134372
6	0	275	-0.131998
6	0	276	-0.130712
6	0	277	-0.129675
6	0	278	-0.0235981
6	0	279	-0.0193355
6	0	280	5.74789e-16
6	0	281	0.0109655
6	0	282	0.0204244
6	0	283	0.021672
6	0	284	0.0222157
6	0	285	0.0291656
6	0	286	0.0409604
6	0	287	0.0556471
6	0	288	0.0623895
6	0	289	0.0734445
6	0	290	0.0818778
6	0	291	0.0846051
6	0	292	0.0865314
6	0	293	0.0952236
6	0	294	0.102233
6	0	295	0.107748
6	0	296	0.125647
6	0	297	0.130964
6	0	298	0.137428
6	0	299	0.145583
6	0	300	0.192546
6	0	301	0.198394
6	0	302	0.20726
6	0	303	0.21506
6	0	304	0.215994
6	0	305	0.219162
6	0	306	0.235669
6	0	307	0.238221
6	0	308	0.240056
6	0	309	0.240602
6	0	310	0.248965
6	0	311	0.253424
6	0	312	0.283843
6	0	313	0.29182
6	0	314	0.410018
6	0	315	0.418474
6	0	316	0.43857
6	0	317	0.441347
6	0	318	0.476706
6	0	319	0.479942
6	0	320	0.508837
6	0	321	0.521267
6	0	322	0.527954
6	0	323	0.566947
6	0	324	0.575056
6	0	325	0.576706
6	0	326	0.580724
6	0	327	0.581362
6	0	328	0.585996
6	0	329	0.587034
6	0	330	0.588776
6	0	331	0.589163
6	0	332	0.603796
6	0	333	0.612836
6	0	334	0.61448
6	0	335	0.624792
6	0	336	0.639306
6	0	337	0.64545
6	0	338	0.665465
6	0	339	0.673643
6	0	340	0.711194
6	0	341	0.716995
6	0	342	0.718806
6	0	343	0.721851
6	0	344	0.822033
6	0	345	0.914576
6	0	346	0.917658
6	0	347	0.925512
6	0	348	0.938685
6	0	349	0.943177
6	0	350	0.969947
6	0	351	0.971243
6	0	352	0.976966
6	0	353	0.985026
6	0	354	1.00215
6	0	355	1.00546
6	0	356	1.00722
6	0	357	1.03022
6	0	358	1.05589
6	0	359	1.07442
6	0	360	1.08499
6	0	361	1.08711
6	0	362	1.08949
6	0	363	1.09403
6	0	364	1.10092
6	0	365	1.11652
6	0	366	1.23912
6	0	367	1.23991
6	0	368	1.30971
6	0	369	1.33022
6	0	370	1.40073
6	0	371	1.40193
6	0	372	1.41942
6	0	373	1.42316
6	0	374	1.42909
6	0	375	1.45214
6	0	376	1.47676
6	0	377	1.48219
6	0	378	1.50738
6	0	379	1.52023
6	0	380	1.60439
6	0	381	1.60456
6	0	382	1.60727
6	0	383	1.60872
6	0	384	1.7485
6	0	385	1.81547
6	0	386	1.82541
6	0	387	1.92986
6	0	388	1.94687
6	0	389	1.97675
6	0	390	1.98013
6	0	391	1.9843
6	0	392	2.01197
6	0	393	2.02132
6	0	394	2.3176
6	0	395	2.33572
6	0	396	2.39541
6	0	397	2.45502
6	0	398	2.80553
6	0	399	2.97928
6	1	0	-4.80553
6	1	1	-4.33572
6	1	2	-4.3176
6	1	3	-3.9843
6	1	4	-3.98013
6	1	5	-3.97675
6	1	6	-3.82541
6	1	7	-3.81547
6	1	8	-3.7485
6	1	9	-3.60872
6	1	10	-3.60727
6	1	11	-3.48219
6	1	12	-3.47676
6	1	13	-3.42909
6	1	14	-3.42316
6	1	15	-3.40193
6	1	16	-3.40073
6	1	17	-3.33022
6	1	18	-3.30971
6	1	19	-3.23991
6	1	20	-3.10092
6	1	21	-3.09403
6	1	22	-3.08499
6	1	23	-3.07442
6	1	24	-3.05589
6	1	25	-2.98503
6	1	26	-2.97697
6	1	27	-2.97124
6	1	28	-2.96995
6	1	29	-2.94318
6	1	30	-2.93869
6	1	31	-2.91766
6	1	32	-2.91458
6	1	33	-2.82203
6	1	34	-2.717
6	1	35	-2.67364
6	1	36	-2.61448
6	1	37	-2.61284
6	1	38	-2.6038
6	1	39	-2.58916
6	1	40	-2.58878
6	1	41	-2.58703
6	1	42	-2.586
6	1	43	-2.58072
6	1	44	-2.57506
6	1	45	-2.56695
6	1	46	-2.47994
6	1	47	-2.47671
6	1	48	-2.44135
6	1	49	-2.43857
6	1	50	-2.41847
6	1	51	-2.41002
6	1	52	-2.25342
6	1	53	-2.24897
6	1	54	-2.2406
6	1	55	-2.24006
6	1	56	-2.23822
6	1	57	-2.21599
6	1	58	-2.19839
6	1	59	-2.13096
6	1	60	-2.10775
6	1	61	-2.10223
6	1	62	-2.09522
6	1	63	-2.08653
6	1	64	-2.08461
6	1	65	-2.08188
6	1	66	-2.07344
6	1	67	-2.06239
6	1	68	-2.05565
6	1	69	-2.04096
6	1	70	-2.02917
6	1	71	-2.02222
6	1	72	-2
6	1	73	-1.98066
6	1	74	-1.9764
6	1	75	-1.87032
6	1	76	-1.86929
6	1	77	-1.75198
6	1	78	-1.74854
6	1	79	-1.74552
6	1	80	-1.71756
6	1	81	-1.713
6	1	82	-1.69875
6	1	83	-1.69863
6	1	84	-1.69415
6	1	85	-1.67459
6	1	86	-1.67021
6	1	87	-1.64566
6	1	88	-1.61302
6	1	89	-1.60245
6	1	90	-1.59845
6	1	91	-1.59761
6	1	92	-1.59682
6	1	93	-1.58199
6	1	94	-1.57623
6	1	95	-1.56103
6	1	96	-1.5165
6	1	97	-1.36047
6	1	98	-1.35453
6	1	99	-1.34345
6	1	100	-1.31613
6	1	101	-1.2902
6	1	102	-1.25255
6	1	103	-1.25082
6	1	104	-1.24598
6	1	105	-1.24327
6	1	106	-1.24205
6	1	107	-1.21831
6	1	108	-1.21313
6	1	109	-1.21118
6	1	110	-1.20106
6	1	111	-1.18843
6	1	112	-1.18501
6	1	113	-1.14688
6	1	114	-1.14473
6	1	115	-1.13868
6	1	116	-1.10608
6	1	117	-1.09196
6	1	118	-1.06842
6	1	119	-1.02405
6	1	120	-0.908036
6	1	121	-0.882941
6	1	122	-0.861323
6	1	123	-0.855274
6	1	124	-0.845676
6	1	125	-0.811571
6	1	126	-0.800929
6	1	127	-0.786871
6	1	128	-0.75795
6	1	129	-0.756731
6	1	130	-0.749181
6	1	131	-0.747451
6	1	132	-0.745802
6	1	133	-0.723076
6	1	134	-0.719552
6	1	135	-0.716716
6	1	136	-0.709801
6	1	137	-0.698565
6	1	138	-0.683871
6	1	139	-0.680777
6	1	140	-0.650659
6	1	141	-0.645468
6	1	142	-0.503281
6	1	143	-0.423768
6	1	144	-0.418014
6	1	145	-0.402389
6	1	146	-0.401553
6	1	147	-0.386984
6	1	148	-0.367388
6	1	149	-0.356727
6	1	150	-0.354335
6	1	151	-0.325413
6	1	152	-0.316414
6	1	153	-0.310242
6	1	154	-0.305854
6	1	155	-0.301369
6	1	156	-0.293679
6	1	157	-0.282998
6	1	158	-0.251459
6	1	159	-0.248022
6	1	160	-0.246175
6	1	161	-0.217588
6	1	162	-0.134372
6	1	163	-0.130712
6	1	164	-0.0235981
6	1	165	0.021672
6	1	166	0.0222157
6	1	167	0.0623895
6	1	168	0.0818778
6	1	169	0.0846051
6	1	170	0.0952236
6	1	171	0.102233
6	1	172	0.125647
6	1	173	0.130964
6	1	174	0.145583
6	1	175	0.192546
6	1	176	0.21506
6	1	177	0.215994
6	1	178	0.219162
6	1	179	0.240056
6	1	180	0.253424
6	1	181	0.283843
6	1	182	0.410018
6	1	183	0.441347
6	1	184	0.476706
6	1	185	0.521267
6	1	186	0.566947
6	1	187	0.580724
6	1	188	0.581362
6	1	189	0.588776
6	1	190	0.589163
6	1	191	0.603796
6	1	192	0.612836
6	1	193	0.624792
6	1	194	0.639306
6	1	195	0.665465
6	1	196	0.711194
6	1	197	0.716995
6	1	198	0.718806
6	1	199	0.914576
6	1	200	0.943177
6	1	201	0.971243
6	1	202	0.976966
6	1	203	0.985026
6	1	204	1.00546
6	1	205	1.00722
6	1	206	1.03022
6	1	207	1.07442
6	1	208	1.08711
6	1	209	1.09403
6	1	210	1.23912
6	1	211	1.33022
6	1	212	1.40073
6	1	213	1.41942
6	1	214	1.42909
6	1	215	1.47676
6	1	216	1.52023
6	1	217	1.60439
6	1	218	1.60727
6	1	219	1.81547
6	1	220	1.94687
6	1	221	1.98013
6	1	222	2.02132
6	1	223	2.3176
6	1	224	2.45502
6	2	0	-3.7485
6	2	1	-3.40193
6	2	2	-3.40073
6	2	3	-3.05589
6	2	4	-2.91766
6	2	5	-2.91458
6	2	6	-2.586
6	2	7	-2.56695
6	2	8	-2.41847
6	2	9	-2.41002
6	2	10	-2.2406
6	2	11	-2.07344
6	2	12	-2.06239
6	2	13	-2.02917
6	2	14	-2.02222
6	2	15	-2
6	2	16	-1.67459
6	2	17	-1.67021
6	2	18	-1.57623
6	2	19	-1.56103
6	2	20	-1.18843
6	2	21	-1.18501
6	2	22	-1.06842
6	2	23	-0.749181
6	2	24	-0.719552
6	2	25	-0.683871
6	2	26	-0.680777
6	2	27	-0.401553
6	2	28	-0.310242
6	2	29	-0.293679
6	2	30	0.0846051
6	2	31	0.219162
6	2	32	0.589163
6	2	33	0.711194
6	2	34	0.976966
6	2	35	1.03022
6	3	0	-2
7	-2.5	0	-2.87418
7	-2.5	1	-2.52655
7	-2.5	2	-2.04039
7	-2.5	3	-1.53584
7	-2.5	4	-1.14803
7	-2.5	5	0.125
7	-1.5	0	-4.27566
7	-1.5	1	-3.93064
7	-1.5	2	-3.79044
7	-1.5	3	-3.46082
7	-1.5	4	-3.44431
7	-1.5	5	-3.44113
7	-1.5	6	-3.28848
7	-1.5	7	-3.10994
7	-1.5	8	-3.10485
7	-1.5	9	-2.95
7	-1.5	10	-2.94288
7	-1.5	11	-2.93657
7	-1.5	12	-2.90034
7	-1.5	13	-2.87418
7	-1.5	14	-2.73914
7	-1.5	15	-2.60205
7	-1.5	16	-2.55802
7	-1.5	17	-2.54877
7	-1.5	18	-2.5455
7	-1.5	19	-2.52655
7	-1.5	20	-2.45884
7	-1.5	21	-2.45041
7	-1.5	22	-2.43544
7	-1.5	23	-2.22644
7	-1.5	24	-2.20032
7	-1.5	25	-2.10278
7	-1.5	26	-2.09764
7	-1.5	27	-2.07162
7	-1.5	28	-2.06261
7	-1.5	29	-2.06108
7	-1.5	30	-2.04039
7	-1.5	31	-1.94538
7	-1.5	32	-1.74066
7	-1.5	33	-1.71687
7	-1.5	34	-1.71498
7	-1.5	35	-1.70732
7	-1.5	36	-1.60765
7	-1.5	37	-1.60099
7	-1.5	38	-1.57067
7	-1.5	39	-1.55962
7	-1.5	40	-1.55805
7	-1.5	41	-1.53584
7	-1.5	42	-1.37224
7	-1.5	43	-1.27573
7	-1.5	44	-1.25051
7	-1.5	45	-1.21956
7	-1.5	46	-1.21042
7	-1.5	47	-1.20557
7	-1.5	48	-1.17949
7	-1.5	49	-1.16828
7	-1.5	50	-1.14803
7	-1.5	51	-1.10101
7	-1.5	52	-0.87682
7	-1.5	53	-0.819821
7	-1.5	54	-0.789576
7	-1.5	55	-0.764906
7	-1.5	56	-0.724266
7	-1.5	57	-0.720074
7	-1.5	58	-0.707836
7	-1.5	59	-0.64803
7	-1.5	60	-0.441947
7	-1.5	61	-0.377085
7	-1.5	62	-0.334579
7	-1.5	63	-0.285018
7	-1.5	64	-0.276033
7	-1.5	65	-0.260318
7	-1.5	66	-0.21553
7	-1.5	67	-0.155653
7	-1.5	68	0.0626104
7	-1.5	69	0.102784
7	-1.5	70	0.11577
7	-1.5	71	0.120766
7	-1.5	72	0.125
7	-1.5	73	0.165526
7	-1.5	74	0.171571
7	-1.5	75	0.22127
7	-1.5	76	0.450413
7	-1.5	77	0.48453
7	-1.5	78	0.548768
7	-1.5	79	0.559425
7	-1.5	80	0.623008
7	-1.5	81	0.736941
7	-1.5	82	0.936571
7	-1.5	83	0.972109
7	-1.5	84	1.08342
7	-1.5	85	1.12705
7	-1.5	86	1.44113
7	-1.5	87	1.47426
7	-1.5	88	1.584
7	-1.5	89	1.85728
7	-0.5	0	-4.85639
7	-0.5	1	-4.47638
7	-0.5	2	-4.35435
7	-0.5	3	-4.27566
7	-0.5	4	-4.10931
7	-0.5	5	-3.96688
7	-0.5	6	-3.95304
7	-0.5	7	-3.93064
7	-0.5	8	-3.85728
7	-0.5	9	-3.84409
7	-0.5	10	-3.79044
7	-0.5	11	-3.58872
7	-0.5	12	-3.584
7	-0.5	13	-3.53456
7	-0.5	14	-3.48754
7	-0.5	15	-3.47426
7	-0.5	16	-3.46573
7	-0.5	17	-3.46082
7	-0.5	18	-3.44714
7	-0.5	19	-3.44431
7	-0.5	20	-3.44113
7	-0.5	21	-3.3538
7	-0.5	22	-3.28848
7	-0.5	23	-3.16072
7	-0.5	24	-3.12705
7	-0.5	25	-3.12562
7	-0.5	26	-3.10994
7	-0.5	27	-3.10694
7	-0.5	28	-3.10485
7	-0.5	29	-3.08342
7	-0.5	30	-3.07852
7	-0.5	31	-3.06229
7	-0.5	32	-2.97844
7	-0.5	33	-2.97211
7	-0.5	34	-2.96313
7	-0.5	35	-2.95
7	-0.5	36	-2.94288
7	-0.5	37	-2.93657
7	-0.5	38	-2.90034
7	-0.5	39	-2.87418
7	-0.5	40	-2.85348
7	-0.5	41	-2.73914
7	-0.5	42	-2.73907
7	-0.5	43	-2.73694
7	-0.5	44	-2.73465
7	-0.5	45	-2.65985
7	-0.5	46	-2.62366
7	-0.5	47	-2.62301
7	-0.5	48	-2.60524
7	-0.5	49	-2.60205
7	-0.5	50	-2.58541
7	-0.5	51	-2.57892
7	-0.5	52	-2.55943
7	-0.5	53	-2.55802
7	-0.5	54	-2.54908
7	-0.5	55	-2.54877
7	-0.5	56	-2.5455
7	-0.5	57	-2.52655
7	-0.5	58	-2.48453
7	-0.5	59	-2.47911
7	-0.5	60	-2.46399
7	-0.5	61	-2.45884
7	-0.5	62	-2.45041
7	-0.5	63	-2.43544
7	-0.5	64	-2.36989
7	-0.5	65	-2.23471
7	-0.5	66	-2.22644
7	-0.5	67	-2.22127
7	-0.5	68	-2.22009
7	-0.5	69	-2.21804
7	-0.5	70	-2.20032
7	-0.5	71	-2.17157
7	-0.5	72	-2.16553
7	-0.5	73	-2.1482
7	-0.5	74	-2.125
7	-0.5	75	-2.12495
7	-0.5	76	-2.12077
7	-0.5	77	-2.1166
7	-0.5	78	-2.11577
7	-0.5	79	-2.10671
7	-0.5	80	-2.10278
7	-0.5	81	-2.09764
7	-0.5	82	-2.09438
7	-0.5	83	-2.07162
7	-0.5	84	-2.06319
7	-0.5	85	-2.06261
7	-0.5	86	-2.06108
7	-0.5	87	-2.04039
7	-0.5	88	-2.01116
7	-0.5	89	-1.97628
7	-0.5	90	-1.94538
7	-0.5	91	-1.84996
7	-0.5	92	-1.84435
7	-0.5	93	-1.80324
7	-0.5	94	-1.78447
7	-0.5	95	-1.75855
7	-0.5	96	-1.75521
7	-0.5	97	-1.74229
7	-0.5	98	-1.74066
7	-0.5	99	-1.73968
7	-0.5	100	-1.72397
7	-0.5	101	-1.71687
7	-0.5	102	-1.71498
7	-0.5	103	-1.71415
7	-0.5	104	-1.70818
7	-0.5	105	-1.70732
7	-0.5	106	-1.66542
7	-0.5	107	-1.66316
7	-0.5	108	-1.66257
7	-0.5	109	-1.62378
7	-0.5	110	-1.62291
7	-0.5	111	-1.61086
7	-0.5	112	-1.60765
7	-0.5	113	-1.60099
7	-0.5	114	-1.5943
7	-0.5	115	-1.57067
7	-0.5	116	-1.55962
7	-0.5	117	-1.55805
7	-0.5	118	-1.53584
7	-0.5	119	-1.51524
7	-0.5	120	-1.39551
7	-0.5	121	-1.37224
7	-0.5	122	-1.3697
7	-0.5	123	-1.35197
7	-0.5	124	-1.34775
7	-0.5	125	-1.32859
7	-0.5	126	-1.29216
7	-0.5	127	-1.27993
7	-0.5	128	-1.27573
7	-0.5	129	-1.26356
7	-0.5	130	-1.25051
7	-0.5	131	-1.25002
7	-0.5	132	-1.24411
7	-0.5	133	-1.24167
7	-0.5	134	-1.23509
7	-0.5	135	-1.21956
7	-0.5	136	-1.21042
7	-0.5	137	-1.20557
7	-0.5	138	-1.18018
7	-0.5	139	-1.17949
7	-0.5	140	-1.17708
7	-0.5	141	-1.16828
7	-0.5	142	-1.16462
7	-0.5	143	-1.15119
7	-0.5	144	-1.14803
7	-0.5	145	-1.12413
7	-0.5	146	-1.12318
7	-0.5	147	-1.10726
7	-0.5	148	-1.10101
7	-0.5	149	-1.00027
7	-0.5	150	-0.999728
7	-0.5	151	-0.898993
7	-0.5	152	-0.892742
7	-0.5	153	-0.87682
7	-0.5	154	-0.875874
7	-0.5	155	-0.851966
7	-0.5	156	-0.848806
7	-0.5	157	-0.835376
7	-0.5	158	-0.831716
7	-0.5	159	-0.822923
7	-0.5	160	-0.820515
7	-0.5	161	-0.819821
7	-0.5	162	-0.794432
7	-0.5	163	-0.789576
7	-0.5	164	-0.780437
7	-0.5	165	-0.764906
7	-0.5	166	-0.75833
7	-0.5	167	-0.75589
7	-0.5	168	-0.749978
7	-0.5	169	-0.749492
7	-0.5	170	-0.736437
7	-0.5	171	-0.724266
7	-0.5	172	-0.720074
7	-0.5	173	-0.707836
7	-0.5	174	-0.671411
7	-0.5	175	-0.652247
7	-0.5	176	-0.64803
7	-0.5	177	-0.630297
7	-0.5	178	-0.627761
7	-0.5	179	-0.60449
7	-0.5	180	-0.484757
7	-0.5	181	-0.464163
7	-0.5	182	-0.441947
7	-0.5	183	-0.440377
7	-0.5	184	-0.429331
7	-0.5	185	-0.405704
7	-0.5	186	-0.399012
7	-0.5	187	-0.392348
7	-0.5	188	-0.389137
7	-0.5	189	-0.377085
7	-0.5	190	-0.376222
7	-0.5	191	-0.337426
7	-0.5	192	-0.336845
7	-0.5	193	-0.334579
7	-0.5	194	-0.292679
7	-0.5	195	-0.291823
7	-0.5	196	-0.285847
7	-0.5	197	-0.285018
7	-0.5	198	-0.283134
7	-0.5	199	-0.276033
7	-0.5	200	-0.260318
7	-0.5	201	-0.259343
7	-0.5	202	-0.257714
7	-0.5	203	-0.24479
7	-0.5	204	-0.241446
7	-0.5	205	-0.21553
7	-0.5	206	-0.196761
7	-0.5	207	-0.155653
7	-0.5	208	-0.150041
7	-0.5	209	-0.0546196
7	-0.5	210	-0.0237223
7	-0.5	211	0.0111571
7	-0.5	212	0.0403948
7	-0.5	213	0.0610797
7	-0.5	214	0.0626104
7	-0.5	215	0.0631909
7	-0.5	216	0.0716179
7	-0.5	217	0.0943805
7	-0.5	218	0.0976427
7	-0.5	219	0.102784
7	-0.5	220	0.106708
7	-0.5	221	0.11577
7	-0.5	222	0.116602
7	-0.5	223	0.120766
7	-0.5	224	0.124947
7	-0.5	225	0.125
7	-0.5	226	0.148195
7	-0.5	227	0.165526
7	-0.5	228	0.171571
7	-0.5	229	0.200317
7	-0.5	230	0.218036
7	-0.5	231	0.220087
7	-0.5	232	0.22127
7	-0.5	233	0.226438
7	-0.5	234	0.234714
7	-0.5	235	0.369886
7	-0.5	236	0.435441
7	-0.5	237	0.450413
7	-0.5	238	0.45884
7	-0.5	239	0.463994
7	-0.5	240	0.479113
7	-0.5	241	0.48453
7	-0.5	242	0.526553
7	-0.5	243	0.545497
7	-0.5	244	0.548768
7	-0.5	245	0.549082
7	-0.5	246	0.558022
7	-0.5	247	0.559425
7	-0.5	248	0.578918
7	-0.5	249	0.585409
7	-0.5	250	0.602049
7	-0.5	251	0.605241
7	-0.5	252	0.623008
7	-0.5	253	0.623658
7	-0.5	254	0.659852
7	-0.5	255	0.734651
7	-0.5	256	0.736941
7	-0.5	257	0.739072
7	-0.5	258	0.739137
7	-0.5	259	0.853476
7	-0.5	260	0.874181
7	-0.5	261	0.900342
7	-0.5	262	0.936571
7	-0.5	263	0.942876
7	-0.5	264	0.950004
7	-0.5	265	0.96313
7	-0.5	266	0.972109
7	-0.5	267	0.978444
7	-0.5	268	1.06229
7	-0.5	269	1.07852
7	-0.5	270	1.08342
7	-0.5	271	1.10485
7	-0.5	272	1.10694
7	-0.5	273	1.10994
7	-0.5	274	1.12562
7	-0.5	275	1.12705
7	-0.5	276	1.16072
7	-0.5	277	1.28848
7	-0.5	278	1.3538
7	-0.5	279	1.44113
7	-0.5	280	1.44431
7	-0.5	281	1.44714
7	-0.5	282	1.46082
7	-0.5	283	1.46573
7	-0.5	284	1.47426
7	-0.5	285	1.48754
7	-0.5	286	1.53456
7	-0.5	287	1.584
7	-0.5	288	1.58872
7	-0.5	289	1.79044
7	-0.5	290	1.84409
7	-0.5	291	1.85728
7	-0.5	292	1.93064
7	-0.5	293	1.95304
7	-0.5	294	1.96688
7	-0.5	295	2.10931
7	-0.5	296	2.27566
7	-0.5	297	2.35435
7	-0.5	298	2.47638
7	-0.5	299	2.85639
7	0.5	0	-4.85639
7	0.5	1	-4.47638
7	0.5	2	-4.35435
7	0.5	3	-4.27566
7	0.5	4	-4.10931
7	0.5	5	-3.96688
7	0.5	6	-3.95304
7	0.5	7	-3.93064
7	0.5	8	-3.85728
7	0.5	9	-3.84409
7	0.5	10	-3.79044
7	0.5	11	-3.58872
7	0.5	12	-3.584
7	0.5	13	-3.53456
7	0.5	14	-3.48754
7	0.5	15	-3.47426
7	0.5	16	-3.46573
7	0.5	17	-3.46082
7	0.5	18	-3.44714
7	0.5	19	-3.44431
7	0.5	20	-3.44113
7	0.5	21	-3.3538
7	0.5	22	-3.28848
7	0.5	23	-3.16072
7	0.5	24	-3.12705
7	0.5	25	-3.12562
7	0.5	26	-3.10994
7	0.5	27	-3.10694
7	0.5	28	-3.10485
7	0.5	29	-3.08342
7	0.5	30	-3.07852
7	0.5	31	-3.06229
7	0.5	32	-2.97844
7	0.5	33	-2.97211
7	0.5	34	-2.96313
7	0.5	35	-2.95
7	0.5	36	-2.94288
7	0.5	37	-2.93657
7	0.5	38	-2.90034
7	0.5	39	-2.87418
7	0.5	40	-2.85348
7	0.5	41	-2.73914
7	0.5	42	-2.73907
7	0.5	43	-2.73694
7	0.5	44	-2.73465
7	0.5	45	-2.65985
7	0.5	46	-2.62366
7	0.5	47	-2.62301
7	0.5	48	-2.60524
7	0.5	49	-2.60205
7	0.5	50	-2.58541
7	0.5	51	-2.57892
7	0.5	52	-2.55943
7	0.5	53	-2.55802
7	0.5	54	-2.54908
7	0.5	55	-2.54877
7	0.5	56	-2.5455
7	0.5	57	-2.52655
7	0.5	58	-2.48453
7	0.5	59	-2.47911
7	0.5	60	-2.46399
7	0.5	61	-2.45884
7	0.5	62	-2.45041
7	0.5	63	-2.43544
7	0.5	64	-2.36989
7	0.5	65	-2.23471
7	0.5	66	-2.22644
7	0.5	67	-2.22127
7	0.5	68	-2.22009
7	0.5	69	-2.21804
7	0.5	70	-2.20032
7	0.5	71	-2.17157
7	0.5	72	-2.16553
7	0.5	73	-2.1482
7	0.5	74	-2.125
7	0.5	75	-2.12495
7	0.5	76	-2.12077
7	0.5	77	-2.1166
7	0.5	78	-2.11577
7	0.5	79	-2.10671
7	0.5	80	-2.10278
7	0.5	81	-2.09764
7	0.5	82	-2.09438
7	0.5	83	-2.07162
7	0.5	84	-2.06319
7	0.5	85	-2.06261
7	0.5	86	-2.06108
7	0.5	87	-2.04039
7	0.5	88	-2.01116
7	0.5	89	-1.97628
7	0.5	90	-1.94538
7	0.5	91	-1.84996
7	0.5	92	-1.84435
7	0.5	93	-1.80324
7	0.5	94	-1.78447
7	0.5	95	-1.75855
7	0.5	96	-1.75521
7	0.5	97	-1.74229
7	0.5	98	-1.74066
7	0.5	99	-1.73968
7	0.5	100	-1.72397
7	0.5	101	-1.71687
7	0.5	102	-1.71498
7	0.5	103	-1.71415
7	0.5	104	-1.70818
7	0.5	105	-1.70732
7	0.5	106	-1.66542
7	0.5	107	-1.66316
7	0.5	108	-1.66257
7	0.5	109	-1.62378
7	0.5	110	-1.62291
7	0.5	111	-1.61086
7	0.5	112	-1.60765
7	0.5	113	-1.60099
7	0.5	114	-1.5943
7	0.5	115	-1.57067
7	0.5	116	-1.55962
7	0.5	117	-1.55805
7	0.5	118	-1.53584
7	0.5	119	-1.51524
7	0.5	120	-1.39551
7	0.5	121	-1.37224
7	0.5	122	-1.3697
7	0.5	123	-1.35197
7	0.5	124	-1.34775
7	0.5	125	-1.32859
7	0.5	126	-1.29216
7	0.5	127	-1.27993
7	0.5	128	-1.27573
7	0.5	129	-1.26356
7	0.5	130	-1.25051
7	0.5	131	-1.25002
7	0.5	132	-1.24411
7	0.5	133	-1.24167
7	0.5	134	-1.23509
7	0.5	135	-1.21956
7	0.5	136	-1.21042
7	0.5	137	-1.20557
7	0.5	138	-1.18018
7	0.5	139	-1.17949
7	0.5	140	-1.17708
7	0.5	141	-1.16828
7	0.5	142	-1.16462
7	0.5	143	-1.15119
7	0.5	144	-1.14803
7	0.5	145	-1.12413
7	0.5	146	-1.12318
7	0.5	147	-1.10726
7	0.5	148	-1.10101
7	0.5	149	-1.00027
7	0.5	150	-0.999728
7	0.5	151	-0.898993
7	0.5	152	-0.892742
7	0.5	153	-0.87682
7	0.5	154	-0.875874
7	0.5	155	-0.851966
7	0.5	156	-0.848806
7	0.5	157	-0.835376
7	0.5	158	-0.831716
7	0.5	159	-0.822923
7	0.5	160	-0.820515
7	0.5	161	-0.819821
7	0.5	162	-0.794432
7	0.5	163	-0.789576
7	0.5	164	-0.780437
7	0.5	165	-0.764906
7	0.5	166	-0.75833
7	0.5	167	-0.75589
7	0.5	168	-0.749978
7	0.5	169	-0.749492
7	0.5	170	-0.736437
7	0.5	171	-0.724266
7	0.5	172	-0.720074
7	0.5	173	-0.707836
7	0.5	174	-0.671411
7	0.5	175	-0.652247
7	0.5	176	-0.64803
7	0.5	177	-0.630297
7	0.5	178	-0.627761
7	0.5	179	-0.60449
7	0.5	180	-0.484757
7	0.5	181	-0.464163
7	0.5	182	-0.441947
7	0.5	183	-0.440377
7	0.5	184	-0.429331
7	0.5	185	-0.405704
7	0.5	186	-0.399012
7	0.5	187	-0.392348
7	0.5	188	-0.389137
7	0.5	189	-0.377085
7	0.5	190	-0.376222
7	0.5	191	-0.337426
7	0.5	192	-0.336845
7	0.5	193	-0.334579
7	0.5	194	-0.292679
7	0.5	195	-0.291823
7	0.5	196	-0.285847
7	0.5	197	-0.285018
7	0.5	198	-0.283134
7	0.5	199	-0.276033
7	0.5	200	-0.260318
7	0.5	201	-0.259343
7	0.5	202	-0.257714
7	0.5	203	-0.24479
7	0.5	204	-0.241446
7	0.5	205	-0.21553
7	0.5	206	-0.196761
7	0.5	207	-0.155653
7	0.5	208	-0.150041
7	0.5	209	-0.0546196
7	0.5	210	-0.0237223
7	0.5	211	0.0111571
7	0.5	212	0.0403948
7	0.5	213	0.0610797
7	0.5	214	0.0626104
7	0.5	215	0.0631909
7	0.5	216	0.0716179
7	0.5	217	0.0943805
7	0.5	218	0.0976427
7	0.5	219	0.102784
7	0.5	220	0.106708
7	0.5	221	0.11577
7	0.5	222	0.116602
7	0.5	223	0.120766
7	0.5	224	0.124947
7	0.5	225	0.125
7	0.5	226	0.148195
7	0.5	227	0.165526
7	0.5	228	0.171571
7	0.5	229	0.200317
7	0.5	230	0.218036
7	0.5	231	0.220087
7	0.5	232	0.22127
7	0.5	233	0.226438
7	0.5	234	0.234714
7	0.5	235	0.369886
7	0.5	236	0.435441
7	0.5	237	0.450413
7	0.5	238	0.45884
7	0.5	239	0.463994
7	0.5	240	0.479113
7	0.5	241	0.48453
7	0.5	242	0.526553
7	0.5	243	0.545497
7	0.5	244	0.548768
7	0.5	245	0.549082
7	0.5	246	0.558022
7	0.5	247	0.559425
7	0.5	248	0.578918
7	0.5	249	0.585409
7	0.5	250	0.602049
7	0.5	251	0.605241
7	0.5	252	0.623008
7	0.5	253	0.623658
7	0.5	254	0.659852
7	0.5	255	0.734651
7	0.5	256	0.736941
7	0.5	257	0.739072
7	0.5	258	0.739137
7	0.5	259	0.853476
7	0.5	260	0.874181
7	0.5	261	0.900342
7	0.5	262	0.936571
7	0.5	263	0.942876
7	0.5	264	0.950004
7	0.5	265	0.96313
7	0.5	266	0.972109
7	0.5	267	0.978444
7	0.5	268	1.06229
7	0.5	269	1.07852
7	0.5	270	1.08342
7	0.5	271	1.10485
7	0.5	272	1.10694
7	0.5	273	1.10994
7	0.5	274	1.12562
7	0.5	275	1.12705
7	0.5	276	1.16072
7	0.5	277	1.28848
7	0.5	278	1.3538
7	0.5	279	1.44113
7	0.5	280	1.44431
7	0.5	281	1.44714
7	0.5	282	1.46082
7	0.5	283	1.46573
7	0.5	284	1.47426
7	0.5	285	1.48754
7	0.5	286	1.53456
7	0.5	287	1.584
7	0.5	288	1.58872
7	0.5	289	1.79044
7	0.5	290	1.84409
7	0.5	291	1.85728
7	0.5	292	1.93064
7	0.5	293	1.95304
7	0.5	294	1.96688
7	0.5	295	2.10931
7	0.5	296	2.27566
7	0.5	297	2.35435
7	0.5	298	2.47638
7	0.5	299	2.85639
7	1.5	0	-4.27566
7	1.5	1	-3.93064
7	1.5	2	-3.79044
7	1.5	3	-3.46082
7	1.5	4	-3.44431
7	1.5	5	-3.44113
7	1.5	6	-3.28848
7	1.5	7	-3.10994
7	1.5	8	-3.10485
7	1.5	9	-2.95
7	1.5	10	-2.94288
7	1.5	11	-2.93657
7	1.5	12	-2.90034
7	1.5	13	-2.87418
7	1.5	14	-2.73914
7	1.5	15	-2.60205
7	1.5	16	-2.55802
7	1.5	17	-2.54877
7	1.5	18	-2.5455
7	1.5	19	-2.52655
7	1.5	20	-2.45884
7	1.5	21	-2.45041
7	1.5	22	-2.43544
7	1.5	23	-2.22644
7	1.5	24	-2.20032
7	1.5	25	-2.10278
7	1.5	26	-2.09764
7	1.5	27	-2.07162
7	1.5	28	-2.06261
7	1.5	29	-2.06108
7	1.5	30	-2.04039
7	1.5	31	-1.94538
7	1.5	32	-1.74066
7	1.5	33	-1.71687
7	1.5	34	-1.71498
7	1.5	35	-1.70732
7	1.5	36	-1.60765
7	1.5	37	-1.60099
7	1.5	38	-1.57067
7	1.5	39	-1.55962
7	1.5	40	-1.55805
7	1.5	41	-1.53584
7	1.5	42	-1.37224
7	1.5	43	-1.27573
7	1.5	44	-1.25051
7	1.5	45	-1.21956
7	1.5	46	-1.21042
7	1.5	47	-1.20557
7	1.5	48	-1.17949
7	1.5	49	-1.16828
7	1.5	50	-1.14803
7	1.5	51	-1.10101
7	1.5	52	-0.87682
7	1.5	53	-0.819821
7	1.5	54	-0.789576
7	1.5	55	-0.764906
7	1.5	56	-0.724266
7	1.5	57	-0.720074
7	1.5	58	-0.707836
7	1.5	59	-0.64803
7	1.5	60	-0.441947
7	1.5	61	-0.377085
7	1.5	62	-0.334579
7	1.5	63	-0.285018
7	1.5	64	-0.276033
7	1.5	65	-0.260318
7	1.5	66	-0.21553
7	1.5	67	-0.155653
7	1.5	68	0.0626104
7	1.5	69	0.102784
7	1.5	70	0.11577
7	1.5	71	0.120766
7	1.5	72	0.125
7	1.5	73	0.165526
7	1.5	74	0.171571
7	1.5	75	0.22127
7	1.5	76	0.450413
7	1.5	77	0.48453
7	1.5	78	0.548768
7	1.5	79	0.559425
7	1.5	80	0.623008
7	1.5	81	0.736941
7	1.5	82	0.936571
7	1.5	83	0.972109
7	1.5	84	1.08342
7	1.5	85	1.12705
7	1.5	86	1.44113
7	1.5	87	1.47426
7	1.5	88	1.584
7	1.5	89	1.85728
7	2.5	0	-2.87418
7	2.5	1	-2.52655
7	2.5	2	-2.04039
7	2.5	3	-1.53584
7	2.5	4	-1.14803
7	2.5	5	0.125
8	-2	0	-3.40073
8	-2	1	-2.91458
8	-2	2	-2.56695
8	-2	3	-2.41002
8	-2	4	-2.06239
8	-2	5	-2.02222
8	-2	6	-1.67459
8	-2	7	-1.57623
8	-2	8	-1.18843
8	-2	9	-0.749181
8	-2	10	-0.683871
8	-2	11	-0.401553
8	-2	12	0.0846051
8	-2	13	0.589163
8	-2	14	0.976966
8	-1	0	-4.3176
8	-1	1	-3.98013
8	-1	2	-3.81547
8	-1	3	-3.60727
8	-1	4	-3.47676
8	-1	5	-3.42909
8	-1	6	-3.40073
8	-1	7	-3.33022
8	-1	8	-3.09403
8	-1	9	-3.07442
8	-1	10	-2.98503
8	-1	11	-2.97697
8	-1	12	-2.97124
8	-1	13	-2.94318
8	-1	14	-2.91458
8	-1	15	-2.717
8	-1	16	-2.61284
8	-1	17	-2.6038
8	-1	18	-2.58916
8	-1	19	-2.58878
8	-1	20	-2.58072
8	-1	21	-2.56695
8	-1	22	-2.47671
8	-1	23	-2.44135
8	-1	24	-2.41002
8	-1	25	-2.25342
8	-1	26	-2.24006
8	-1	27	-2.21599
8	-1	28	-2.13096
8	-1	29	-2.10223
8	-1	30	-2.09522
8	-1	31	-2.08461
8	-1	32	-2.08188
8	-1	33	-2.06239
8	-1	34	-2.02222
8	-1	35	-1.9764
8	-1	36	-1.86929
8	-1	37	-1.75198
8	-1	38	-1.74854
8	-1	39	-1.69863
8	-1	40	-1.69415
8	-1	41	-1.67459
8	-1	42	-1.64566
8	-1	43	-1.61302
8	-1	44	-1.59845
8	-1	45	-1.59761
8	-1	46	-1.58199
8	-1	47	-1.57623
8	-1	48	-1.35453
8	-1	49	-1.31613
8	-1	50	-1.2902
8	-1	51	-1.25255
8	-1	52	-1.25082
8	-1	53	-1.24327
8	-1	54	-1.24205
8	-1	55	-1.21313
8	-1	56	-1.18843
8	-1	57	-1.14473
8	-1	58	-1.13868
8	-1	59	-1.09196
8	-1	60	-0.908036
8	-1	61	-0.861323
8	-1	62	-0.855274
8	-1	63	-0.811571
8	-1	64	-0.786871
8	-1	65	-0.75795
8	-1	66	-0.756731
8	-1	67	-0.749181
8	-1	68	-0.747451
8	-1	69	-0.709801
8	-1	70	-0.683871
8	-1	71	-0.645468
8	-1	72	-0.423768
8	-1	73	-0.418014
8	-1	74	-0.402389
8	-1	75	-0.401553
8	-1	76	-0.386984
8	-1	77	-0.354335
8	-1	78	-0.325413
8	-1	79	-0.305854
8	-1	80	-0.301369
8	-1	81	-0.251459
8	-1	82	-0.248022
8	-1	83	-0.130712
8	-1	84	-0.0235981
8	-1	85	0.0222157
8	-1	86	0.0623895
8	-1	87	0.0818778
8	-1	88	0.0846051
8	-1	89	0.0952236
8	-1	90	0.102233
8	-1	91	0.130964
8	-1	92	0.215994
8	-1	93	0.240056
8	-1	94	0.253424
8	-1	95	0.410018
8	-1	96	0.441347
8	-1	97	0.476706
8	-1	98	0.566947
8	-1	99	0.580724
8	-1	100	0.588776
8	-1	101	0.589163
8	-1	102	0.603796
8	-1	103	0.612836
8	-1	104	0.716995
8	-1	105	0.914576
8	-1	106	0.943177
8	-1	107	0.971243
8	-1	108	0.976966
8	-1	109	0.985026
8	-1	110	1.07442
8	-1	111	1.09403
8	-1	112	1.33022
8	-1	113	1.40073
8	-1	114	1.42909
8	-1	115	1.47676
8	-1	116	1.60727
8	-1	117	1.81547
8	-1	118	1.98013
8	-1	119	2.3176
8	0	0	-4.45502
8	0	1	-4.3176
8	0	2	-4.02132
8	0	3	-3.98013
8	0	4	-3.94687
8	0	5	-3.81547
8	0	6	-3.60727
8	0	7	-3.60439
8	0	8	-3.52023
8	0	9	-3.47676
8	0	10	-3.42909
8	0	11	-3.41942
8	0	12	-3.40073
8	0	13	-3.33022
8	0	14	-3.23912
8	0	15	-3.09403
8	0	16	-3.08711
8	0	17	-3.07442
8	0	18	-3.03022
8	0	19	-3.00722
8	0	20	-3.00546
8	0	21	-2.98503
8	0	22	-2.97697
8	0	23	-2.97124
8	0	24	-2.94318
8	0	25	-2.91458
8	0	26	-2.71881
8	0	27	-2.717
8	0	28	-2.71119
8	0	29	-2.66546
8	0	30	-2.63931
8	0	31	-2.62479
8	0	32	-2.61284
8	0	33	-2.6038
8	0	34	-2.58916
8	0	35	-2.58878
8	0	36	-2.58136
8	0	37	-2.58072
8	0	38	-2.56695
8	0	39	-2.52127
8	0	40	-2.47671
8	0	41	-2.44135
8	0	42	-2.41002
8	0	43	-2.28384
8	0	44	-2.25342
8	0	45	-2.24006
8	0	46	-2.21916
8	0	47	-2.21599
8	0	48	-2.21506
8	0	49	-2.19255
8	0	50	-2.14558
8	0	51	-2.13096
8	0	52	-2.12565
8	0	53	-2.10223
8	0	54	-2.09522
8	0	55	-2.08461
8	0	56	-2.08188
8	0	57	-2.06239
8	0	58	-2.02222
8	0	59	-2.02167
8	0	60	-1.9764
8	0	61	-1.86929
8	0	62	-1.86563
8	0	63	-1.78241
8	0	64	-1.75382
8	0	65	-1.75198
8	0	66	-1.74854
8	0	67	-1.717
8	0	68	-1.70632
8	0	69	-1.69863
8	0	70	-1.69415
8	0	71	-1.68976
8	0	72	-1.68359
8	0	73	-1.67459
8	0	74	-1.64566
8	0	75	-1.64327
8	0	76	-1.63261
8	0	77	-1.61302
8	0	78	-1.59845
8	0	79	-1.59761
8	0	80	-1.58199
8	0	81	-1.57623
8	0	82	-1.49672
8	0	83	-1.35453
8	0	84	-1.34934
8	0	85	-1.31922
8	0	86	-1.31613
8	0	87	-1.30144
8	0	88	-1.2902
8	0	89	-1.28328
8	0	90	-1.28045
8	0	91	-1.27692
8	0	92	-1.2542
8	0	93	-1.25255
8	0	94	-1.25082
8	0	95	-1.24327
8	0	96	-1.24205
8	0	97	-1.21313
8	0	98	-1.19907
8	0	99	-1.18843
8	0	100	-1.15432
8	0	101	-1.14473
8	0	102	-1.13868
8	0	103	-1.11706
8	0	104	-1.09196
8	0	105	-0.975945
8	0	106	-0.931583
8	0	107	-0.908036
8	0	108	-0.893924
8	0	109	-0.861323
8	0	110	-0.855274
8	0	111	-0.853116
8	0	112	-0.814994
8	0	113	-0.811571
8	0	114	-0.798936
8	0	115	-0.788819
8	0	116	-0.786871
8	0	117	-0.781694
8	0	118	-0.75795
8	0	119	-0.756731
8	0	120	-0.754025
8	0	121	-0.749181
8	0	122	-0.747451
8	0	123	-0.709801
8	0	124	-0.683871
8	0	125	-0.656553
8	0	126	-0.645468
8	0	127	-0.639532
8	0	128	-0.483504
8	0	129	-0.438971
8	0	130	-0.423768
8	0	131	-0.418014
8	0	132	-0.403179
8	0	133	-0.402389
8	0	134	-0.401553
8	0	135	-0.397554
8	0	136	-0.386984
8	0	137	-0.354335
8	0	138	-0.32979
8	0	139	-0.325413
8	0	140	-0.305854
8	0	141	-0.301369
8	0	142	-0.301247
8	0	143	-0.286998
8	0	144	-0.282443
8	0	145	-0.254483
8	0	146	-0.251459
8	0	147	-0.248022
8	0	148	-0.130712
8	0	149	-0.129675
8	0	150	-0.0235981
8	0	151	-0.0193355
8	0	152	1.25228e-16
8	0	153	0.0222157
8	0	154	0.0291656
8	0	155	0.0409604
8	0	156	0.0556471
8	0	157	0.0623895
8	0	158	0.0734445
8	0	159	0.0818778
8	0	160	0.0846051
8	0	161	0.0865314
8	0	162	0.0952236
8	0	163	0.102233
8	0	164	0.107748
8	0	165	0.130964
8	0	166	0.198394
8	0	167	0.215994
8	0	168	0.238221
8	0	169	0.240056
8	0	170	0.240602
8	0	171	0.248965
8	0	172	0.253424
8	0	173	0.410018
8	0	174	0.418474
8	0	175	0.43857
8	0	176	0.441347
8	0	177	0.476706
8	0	178	0.479942
8	0	179	0.566947
8	0	180	0.575056
8	0	181	0.580724
8	0	182	0.585996
8	0	183	0.587034
8	0	184	0.588776
8	0	185	0.589163
8	0	186	0.603796
8	0	187	0.612836
8	0	188	0.61448
8	0	189	0.673643
8	0	190	0.716995
8	0	191	0.822033
8	0	192	0.914576
8	0	193	0.917658
8	0	194	0.938685
8	0	195	0.943177
8	0	196	0.969947
8	0	197	0.971243
8	0	198	0.976966
8	0	199	0.985026
8	0	200	1.05589
8	0	201	1.07442
8	0	202	1.08499
8	0	203	1.09403
8	0	204	1.10092
8	0	205	1.23991
8	0	206	1.30971
8	0	207	1.33022
8	0	208	1.40073
8	0	209	1.40193
8	0	210	1.42316
8	0	211	1.42909
8	0	212	1.47676
8	0	213	1.48219
8	0	214	1.60727
8	0	215	1.60872
8	0	216	1.7485
8	0	217	1.81547
8	0	218	1.82541
8	0	219	1.97675
8	0	220	1.98013
8	0	221	1.9843
8	0	222	2.3176
8	0	223	2.33572
8	0	224	2.80553
8	1	0	-4.3176
8	1	1	-3.98013
8	1	2	-3.81547
8	1	3	-3.60727
8	1	4	-3.47676
8	1	5	-3.42909
8	1	6	-3.40073
8	1	7	-3.33022
8	1	8	-3.09403
8	1	9	-3.07442
8	1	10	-2.98503
8	1	11	-2.97697
8	1	12	-2.97124
8	1	13	-2.94318
8	1	14	-2.91458
8	1	15	-2.717
8	1	16	-2.61284
8	1	17	-2.6038
8	1	18	-2.58916
8	1	19	-2.58878
8	1	20	-2.58072
8	1	21	-2.56695
8	1	22	-2.47671
8	1	23	-2.44135
8	1	24	-2.41002
8	1	25	-2.25342
8	1	26	-2.24006
8	1	27	-2.21599
8	1	28	-2.13096
8	1	29	-2.10223
8	1	30	-2.09522
8	1	31	-2.08461
8	1	32	-2.08188
8	1	33	-2.06239
8	1	34	-2.02222
8	1	35	-1.9764
8	1	36	-1.86929
8	1	37	-1.75198
8	1	38	-1.74854
8	1	39	-1.69863
8	1	40	-1.69415
8	1	41	-1.67459
8	1	42	-1.64566
8	1	43	-1.61302
8	1	44	-1.59845
8	1	45	-1.59761
8	1	46	-1.58199
8	1	47	-1.57623
8	1	48	-1.35453
8	1	49	-1.31613
8	1	50	-1.2902
8	1	51	-1.25255
8	1	52	-1.25082
8	1	53	-1.24327
8	1	54	-1.24205
8	1	55	-1.21313
8	1	56	-1.18843
8	1	57	-1.14473
8	1	58	-1.13868
8	1	59	-1.09196
8	1	60	-0.908036
8	1	61	-0.861323
8	1	62	-0.855274
8	1	63	-0.811571
8	1	64	-0.786871
8	1	65	-0.75795
8	1	66	-0.756731
8	1	67	-0.749181
8	1	68	-0.747451
8	1	69	-0.709801
8	1	70	-0.683871
8	1	71	-0.645468
8	1	72	-0.423768
8	1	73	-0.418014
8	1	74	-0.402389
8	1	75	-0.401553
8	1	76	-0.386984
8	1	77	-0.354335
8	1	78	-0.325413
8	1	79	-0.305854
8	1	80	-0.301369
8	1	81	-0.251459
8	1	82	-0.248022
8	1	83	-0.130712
8	1	84	-0.0235981
8	1	85	0.0222157
8	1	86	0.0623895
8	1	87	0.0818778
8	1	88	0.0846051
8	1	89	0.0952236
8	1	90	0.102233
8	1	91	0.130964
8	1	92	0.215994
8	1	93	0.240056
8	1	94	0.253424
8	1	95	0.410018
8	1	96	0.441347
8	1	97	0.476706
8	1	98	0.566947
8	1	99	0.580724
8	1	100	0.588776
8	1	101	0.589163
8	1	102	0.603796
8	1	103	0.612836
8	1	104	0.716995
8	1	105	0.914576
8	1	106	0.943177
8	1	107	0.971243
8	1	108	0.976966
8	1	109	0.985026
8	1	110	1.07442
8	1	111	1.09403
8	1	112	1.33022
8	1	113	1.40073
8	1	114	1.42909
8	1	115	1.47676
8	1	116	1.60727
8	1	117	1.81547
8	1	118	1.98013
8	1	119	2.3176
8	2	0	-3.40073
8	2	1	-2.91458
8	2	2	-2.56695
8	2	3	-2.41002
8	2	4	-2.06239
8	2	5	-2.02222
8	2	6	-1.67459
8	2	7	-1.57623
8	2	8	-1.18843
8	2	9	-0.749181
8	2	10	-0.683871
8	2	11	-0.401553
8	2	12	0.0846051
8	2	13	0.589163
8	2	14	0.976966
9	-1.5	0	-3.44113
9	-1.5	1	-2.93657
9	-1.5	2	-2.54877
9	-1.5	3	-2.45041
9	-1.5	4	-2.10278
9	-1.5	5	-2.06261
9	-1.5	6	-1.71498
9	-1.5	7	-1.55805
9	-1.5	8	-1.27573
9	-1.5	9	-1.21042
9	-1.5	10	-0.789576
9	-1.5	11	-0.724266
9	-1.5	12	-0.441947
9	-1.5	13	-0.285018
9	-1.5	14	0.0626104
9	-1.5	15	0.102784
9	-1.5	16	0.450413
9	-1.5	17	0.548768
9	-1.5	18	0.936571
9	-1.5	19	1.44113
9	-0.5	0	-3.85728
9	-0.5	1	-3.584
9	-0.5	2	-3.47426
9	-0.5	3	-3.44113
9	-0.5	4	-3.12705
9	-0.5	5	-3.08342
9	-0.5	6	-2.97211
9	-0.5	7	-2.93657
9	-0.5	8	-2.73694
9	-0.5	9	-2.62301
9	-0.5	10	-2.55943
9	-0.5	11	-2.54877
9	-0.5	12	-2.48453
9	-0.5	13	-2.45041
9	-0.5	14	-2.22127
9	-0.5	15	-2.17157
9	-0.5	16	-2.16553
9	-0.5	17	-2.125
9	-0.5	18	-2.12077
9	-0.5	19	-2.11577
9	-0.5	20	-2.10278
9	-0.5	21	-2.06261
9	-0.5	22	-1.84435
9	-0.5	23	-1.78447
9	-0.5	24	-1.73968
9	-0.5	25	-1.72397
9	-0.5	26	-1.71498
9	-0.5	27	-1.66542
9	-0.5	28	-1.62291
9	-0.5	29	-1.55805
9	-0.5	30	-1.35197
9	-0.5	31	-1.29216
9	-0.5	32	-1.27993
9	-0.5	33	-1.27573
9	-0.5	34	-1.23509
9	-0.5	35	-1.21042
9	-0.5	36	-1.18018
9	-0.5	37	-1.12318
9	-0.5	38	-0.898993
9	-0.5	39	-0.851966
9	-0.5	40	-0.831716
9	-0.5	41	-0.820515
9	-0.5	42	-0.794432
9	-0.5	43	-0.789576
9	-0.5	44	-0.780437
9	-0.5	45	-0.749492
9	-0.5	46	-0.724266
9	-0.5	47	-0.627761
9	-0.5	48	-0.464163
9	-0.5	49	-0.441947
9	-0.5	50	-0.440377
9	-0.5	51	-0.429331
9	-0.5	52	-0.399012
9	-0.5	53	-0.392348
9	-0.5	54	-0.292679
9	-0.5	55	-0.285018
9	-0.5	56	-0.283134
9	-0.5	57	-0.259343
9	-0.5	58	-0.0546196
9	-0.5	59	0.0403948
9	-0.5	60	0.0610797
9	-0.5	61	0.0626104
9	-0.5	62	0.0716179
9	-0.5	63	0.0976427
9	-0.5	64	0.102784
9	-0.5	65	0.200317
9	-0.5	66	0.226438
9	-0.5	67	0.435441
9	-0.5	68	0.450413
9	-0.5	69	0.45884
9	-0.5	70	0.526553
9	-0.5	71	0.545497
9	-0.5	72	0.548768
9	-0.5	73	0.558022
9	-0.5	74	0.602049
9	-0.5	75	0.739137
9	-0.5	76	0.874181
9	-0.5	77	0.900342
9	-0.5	78	0.936571
9	-0.5	79	0.942876
9	-0.5	80	0.950004
9	-0.5	81	1.10485
9	-0.5	82	1.10994
9	-0.5	83	1.28848
9	-0.5	84	1.44113
9	-0.5	85	1.44431
9	-0.5	86	1.46082
9	-0.5	87	1.79044
9	-0.5	88	1.93064
9	-0.5	89	2.27566
9	0.5	0	-3.85728
9	0.5	1	-3.584
9	0.5	2	-3.47426
9	0.5	3	-3.44113
9	0.5	4	-3.12705
9	0.5	5	-3.08342
9	0.5	6	-2.97211
9	0.5	7	-2.93657
9	0.5	8	-2.73694
9	0.5	9	-2.62301
9	0.5	10	-2.55943
9	0.5	11	-2.54877
9	0.5	12	-2.48453
9	0.5	13	-2.45041
9	0.5	14	-2.22127
9	0.5	15	-2.17157
9	0.5	16	-2.16553
9	0.5	17	-2.125
9	0.5	18	-2.12077
9	0.5	19	-2.11577
9	0.5	20	-2.10278
9	0.5	21	-2.06261
9	0.5	22	-1.84435
9	0.5	23	-1.78447
9	0.5	24	-1.73968
9	0.5	25	-1.72397
9	0.5	26	-1.71498
9	0.5	27	-1.66542
9	0.5	28	-1.62291
9	0.5	29	-1.55805
9	0.5	30	-1.35197
9	0.5	31	-1.29216
9	0.5	32	-1.27993
9	0.5	33	-1.27573
9	0.5	34	-1.23509
9	0.5	35	-1.21042
9	0.5	36	-1.18018
9	0.5	37	-1.12318
9	0.5	38	-0.898993
9	0.5	39	-0.851966
9	0.5	40	-0.831716
9	0.5	41	-0.820515
9	0.5	42	-0.794432
9	0.5	43	-0.789576
9	0.5	44	-0.780437
9	0.5	45	-0.749492
9	0.5	46	-0.724266
9	0.5	47	-0.627761
9	0.5	48	-0.464163
9	0.5	49	-0.441947
9	0.5	50	-0.440377
9	0.5	51	-0.429331
9	0.5	52	-0.399012
9	0.5	53	-0.392348
9	0.5	54	-0.292679
9	0.5	55	-0.285018
9	0.5	56	-0.283134
9	0.5	57	-0.259343
9	0.5	58	-0.0546196
9	0.5	59	0.0403948
9	0.5	60	0.0610797
9	0.5	61	0.0626104
9	0.5	62	0.0716179
9	0.5	63	0.0976427
9	0.5	64	0.102784
9	0.5	65	0.200317
9	0.5	66	0.226438
9	0.5	67	0.435441
9	0.5	68	0.450413
9	0.5	69	0.45884
9	0.5	70	0.526553
9	0.5	71	0.545497
9	0.5	72	0.548768
9	0.5	73	0.558022
9	0.5	74	0.602049
9	0.5	75	0.739137
9	0.5	76	0.874181
9	0.5	77	0.900342
9	0.5	78	0.936571
9	0.5	79	0.942876
9	0.5	80	0.950004
9	0.5	81	1.10485
9	0.5	82	1.10994
9	0.5	83	1.28848
9	0.5	84	1.44113
9	0.5	85	1.44431
9	0.5	86	1.46082
9	0.5	87	1.79044
9	0.5	88	1.93064
9	0.5	89	2.27566
9	1.5	0	-3.44113
9	1.5	1	-2.93657
9	1.5	2	-2.54877
9	1.5	3	-2.45041
9	1.5	4	-2.10278
9	1.5	5	-2.06261
9	1.5	6	-1.71498
9	1.5	7	-1.55805
9	1.5	8	-1.27573
9	1.5	9	-1.21042
9	1.5	10	-0.789576
9	1.5	11	-0.724266
9	1.5	12	-0.441947
9	1.5	13	-0.285018
9	1.5	14	0.0626104
9	1.5	15	0.102784
9	1.5	16	0.450413
9	1.5	17	0.548768
9	1.5	18	0.936571
9	1.5	19	1.44113
10	-1	0	-2.97697
10	-1	1	-2.58916
10	-1	2	-2.08461
10	-1	3	-1.59845
10	-1	4	-1.31613
10	-1	5	-1.25082
10	-1	6	-0.811571
10	-1	7	-0.423768
10	-1	8	-0.325413
10	-1	9	0.0222157
10	-1	10	0.0623895
10	-1	11	0.410018
10	-1	12	0.566947
10	-1	13	0.914576
10	-1	14	1.40073
10	0	0	-3.03022
10	0	1	-2.97697
10	0	2	-2.71119
10	0	3	-2.58916
10	0	4	-2.21916
10	0	5	-2.08461
10	0	6	-1.70632
10	0	7	-1.68976
10	0	8	-1.59845
10	0	9	-1.31922
10	0	10	-1.31613
10	0	11	-1.28045
10	0	12	-1.25082
10	0	13	-0.931583
10	0	14	-0.814994
10	0	15	-0.811571
10	0	16	-0.438971
10	0	17	-0.423768
10	0	18	-0.32979
10	0	19	-0.325413
10	0	20	1.02038e-16
10	0	21	0.0222157
10	0	22	0.0291656
10	0	23	0.0623895
10	0	24	0.0734445
10	0	25	0.240602
10	0	26	0.410018
10	0	27	0.418474
10	0	28	0.566947
10	0	29	0.585996
10	0	30	0.914576
10	0	31	0.917658
10	0	32	1.05589
10	0	33	1.40073
10	0	34	1.40193
10	0	35	1.7485
10	1	0	-2.97697
10	1	1	-2.58916
10	1	2	-2.08461
10	1	3	-1.59845
10	1	4	-1.31613
10	1	5	-1.25082
10	1	6	-0.811571
10	1	7	-0.423768
10	1	8	-0.325413
10	1	9	0.0222157
10	1	10	0.0623895
10	1	11	0.410018
10	1	12	0.566947
10	1	13	0.914576
10	1	14	1.40073
11	-0.5	0	-2.125
11	-0.5	1	-0.851966
11	-0.5	2	-0.464163
11	-0.5	3	0.0403948
11	-0.5	4	0.526553
11	-0.5	5	0.874181
11	0.5	0	-2.125
11	0.5	1	-0.851966
11	0.5	2	-0.464163
11	0.5	3	0.0403948
11	0.5	4	0.526553
11	0.5	5	0.874181
12	0	0	0
