0	0	0	0
1	-0.5	0	-1.24986
1	-0.5	1	-0.826373
1	-0.5	2	-0.422932
1	-0.5	3	0.0746087
1	-0.5	4	0.5452
1	-0.5	5	0.879358
1	0.5	0	-1.24986
1	0.5	1	-0.826373
1	0.5	2	-0.422932
1	0.5	3	0.0746087
1	0.5	4	0.5452
1	0.5	5	0.879358
2	-1	0	-2.07624
2	-1	1	-1.67279
2	-1	2	-1.2493
2	-1	3	-1.17525
2	-1	4	-0.751764
2	-1	5	-0.704662
2	-1	6	-0.370504
2	-1	7	-0.348323
2	-1	8	-0.281173
2	-1	9	0.052985
2	-1	10	0.122269
2	-1	11	0.456426
2	-1	12	0.619809
2	-1	13	0.953967
2	-1	14	1.42456
2	0	0	-2.18786
2	0	1	-2.07624
2	0	2	-1.86884
2	0	3	-1.67279
2	0	4	-1.65343
2	0	5	-1.39436
2	0	6	-1.2493
2	0	7	-1.24015
2	0	8	-1.17525
2	0	9	-0.902935
2	0	10	-0.819294
2	0	11	-0.751764
2	0	12	-0.743383
2	0	13	-0.704662
2	0	14	-0.449438
2	0	15	-0.370504
2	0	16	-0.35739
2	0	17	-0.348323
2	0	18	-0.29025
2	0	19	-0.281173
2	0	20	-9.55072e-17
2	0	21	0.052985
2	0	22	0.0663605
2	0	23	0.122269
2	0	24	0.138616
2	0	25	0.317225
2	0	26	0.456426
2	0	27	0.476466
2	0	28	0.619809
2	0	29	0.663529
2	0	30	0.953967
2	0	31	0.961537
2	0	32	1.09717
2	0	33	1.42456
2	0	34	1.42738
2	0	35	1.75904
2	1	0	-2.07624
2	1	1	-1.67279
2	1	2	-1.2493
2	1	3	-1.17525
2	1	4	-0.751764
2	1	5	-0.704662
2	1	6	-0.370504
2	1	7	-0.348323
2	1	8	-0.281173
2	1	9	0.052985
2	1	10	0.122269
2	1	11	0.456426
2	1	12	0.619809
2	1	13	0.953967
2	1	14	1.42456
3	-1.5	0	-2.49917
3	-1.5	1	-2.00163
3	-1.5	2	-1.59819
3	-1.5	3	-1.53103
3	-1.5	4	-1.19688
3	-1.5	5	-1.1747
3	-1.5	6	-1.12759
3	-1.5	7	-0.793436
3	-1.5	8	-0.704104
3	-1.5	9	-0.630053
3	-1.5	10	-0.369947
3	-1.5	11	-0.295896
3	-1.5	12	-0.206564
3	-1.5	13	0.127594
3	-1.5	14	0.174696
3	-1.5	15	0.196877
3	-1.5	16	0.531035
3	-1.5	17	0.598185
3	-1.5	18	1.00163
3	-1.5	19	1.49917
3	-0.5	0	-2.97238
3	-0.5	1	-2.73186
3	-0.5	2	-2.57505
3	-0.5	3	-2.49917
3	-0.5	4	-2.2598
3	-0.5	5	-2.20971
3	-0.5	6	-2.09038
3	-0.5	7	-2.06585
3	-0.5	8	-2.00163
3	-0.5	9	-1.87518
3	-0.5	10	-1.752
3	-0.5	11	-1.72726
3	-0.5	12	-1.6523
3	-0.5	13	-1.60919
3	-0.5	14	-1.59819
3	-0.5	15	-1.57166
3	-0.5	16	-1.53103
3	-0.5	17	-1.36866
3	-0.5	18	-1.32466
3	-0.5	19	-1.26185
3	-0.5	20	-1.25568
3	-0.5	21	-1.24986
3	-0.5	22	-1.19688
3	-0.5	23	-1.17924
3	-0.5	24	-1.1747
3	-0.5	25	-1.15463
3	-0.5	26	-1.12759
3	-0.5	27	-1.1132
3	-0.5	28	-0.99639
3	-0.5	29	-0.894257
3	-0.5	30	-0.847175
3	-0.5	31	-0.826373
3	-0.5	32	-0.801952
3	-0.5	33	-0.793436
3	-0.5	34	-0.767023
3	-0.5	35	-0.737299
3	-0.5	36	-0.707491
3	-0.5	37	-0.704104
3	-0.5	38	-0.685968
3	-0.5	39	-0.630053
3	-0.5	40	-0.525677
3	-0.5	41	-0.520048
3	-0.5	42	-0.422932
3	-0.5	43	-0.369947
3	-0.5	44	-0.366742
3	-0.5	45	-0.352425
3	-0.5	46	-0.340147
3	-0.5	47	-0.316833
3	-0.5	48	-0.295896
3	-0.5	49	-0.260242
3	-0.5	50	-0.217675
3	-0.5	51	-0.206564
3	-0.5	52	-0.167971
3	-0.5	53	-0.138837
3	-0.5	54	-0.0243127
3	-0.5	55	0.0589898
3	-0.5	56	0.0746087
3	-0.5	57	0.0977885
3	-0.5	58	0.127594
3	-0.5	59	0.141513
3	-0.5	60	0.149185
3	-0.5	61	0.174696
3	-0.5	62	0.196877
3	-0.5	63	0.203989
3	-0.5	64	0.265454
3	-0.5	65	0.3441
3	-0.5	66	0.450154
3	-0.5	67	0.520888
3	-0.5	68	0.531035
3	-0.5	69	0.5452
3	-0.5	70	0.552662
3	-0.5	71	0.590755
3	-0.5	72	0.598185
3	-0.5	73	0.6162
3	-0.5	74	0.692532
3	-0.5	75	0.843238
3	-0.5	76	0.879358
3	-0.5	77	0.940247
3	-0.5	78	1.00163
3	-0.5	79	1.01576
3	-0.5	80	1.02595
3	-0.5	81	1.19261
3	-0.5	82	1.19845
3	-0.5	83	1.34645
3	-0.5	84	1.49917
3	-0.5	85	1.50706
3	-0.5	86	1.54413
3	-0.5	87	1.83745
3	-0.5	88	1.97779
3	-0.5	89	2.30566
3	0.5	0	-2.97238
3	0.5	1	-2.73186
3	0.5	2	-2.57505
3	0.5	3	-2.49917
3	0.5	4	-2.2598
3	0.5	5	-2.20971
3	0.5	6	-2.09038
3	0.5	7	-2.06585
3	0.5	8	-2.00163
3	0.5	9	-1.87518
3	0.5	10	-1.752
3	0.5	11	-1.72726
3	0.5	12	-1.6523
3	0.5	13	-1.60919
3	0.5	14	-1.59819
3	0.5	15	-1.57166
3	0.5	16	-1.53103
3	0.5	17	-1.36866
3	0.5	18	-1.32466
3	0.5	19	-1.26185
3	0.5	20	-1.25568
3	0.5	21	-1.24986
3	0.5	22	-1.19688
3	0.5	23	-1.17924
3	0.5	24	-1.1747
3	0.5	25	-1.15463
3	0.5	26	-1.12759
3	0.5	27	-1.1132
3	0.5	28	-0.99639
3	0.5	29	-0.894257
3	0.5	30	-0.847175
3	0.5	31	-0.826373
3	0.5	32	-0.801952
3	0.5	33	-0.793436
3	0.5	34	-0.767023
3	0.5	35	-0.737299
3	0.5	36	-0.707491
3	0.5	37	-0.704104
3	0.5	38	-0.685968
3	0.5	39	-0.630053
3	0.5	40	-0.525677
3	0.5	41	-0.520048
3	0.5	42	-0.422932
3	0.5	43	-0.369947
3	0.5	44	-0.366742
3	0.5	45	-0.352425
3	0.5	46	-0.340147
3	0.5	47	-0.316833
3	0.5	48	-0.295896
3	0.5	49	-0.260242
3	0.5	50	-0.217675
3	0.5	51	-0.206564
3	0.5	52	-0.167971
3	0.5	53	-0.138837
3	0.5	54	-0.0243127
3	0.5	55	0.0589898
3	0.5	56	0.0746087
3	0.5	57	0.0977885
3	0.5	58	0.127594
3	0.5	59	0.141513
3	0.5	60	0.149185
3	0.5	61	0.174696
3	0.5	62	0.196877
3	0.5	63	0.203989
3	0.5	64	0.265454
3	0.5	65	0.3441
3	0.5	66	0.450154
3	0.5	67	0.520888
3	0.5	68	0.531035
3	0.5	69	0.5452
3	0.5	70	0.552662
3	0.5	71	0.590755
3	0.5	72	0.598185
3	0.5	73	0.6162
3	0.5	74	0.692532
3	0.5	75	0.843238
3	0.5	76	0.879358
3	0.5	77	0.940247
3	0.5	78	1.00163
3	0.5	79	1.01576
3	0.5	80	1.02595
3	0.5	81	1.19261
3	0.5	82	1.19845
3	0.5	83	1.34645
3	0.5	84	1.49917
3	0.5	85	1.50706
3	0.5	86	1.54413
3	0.5	87	1.83745
3	0.5	88	1.97779
3	0.5	89	2.30566
3	1.5	0	-2.49917
3	1.5	1	-2.00163
3	1.5	2	-1.59819
3	1.5	3	-1.53103
3	1.5	4	-1.19688
3	1.5	5	-1.1747
3	1.5	6	-1.12759
3	1.5	7	-0.793436
3	1.5	8	-0.704104
3	1.5	9	-0.630053
3	1.5	10	-0.369947
3	1.5	11	-0.295896
3	1.5	12	-0.206564
3	1.5	13	0.127594
3	1.5	14	0.174696
3	1.5	15	0.196877
3	1.5	16	0.531035
3	1.5	17	0.598185
3	1.5	18	1.00163
3	1.5	19	1.49917
4	-2	0	-2.42456
4	-2	1	-1.95397
4	-2	2	-1.61981
4	-2	3	-1.45643
4	-2	4	-1.12227
4	-2	5	-1.05298
4	-2	6	-0.718827
4	-2	7	-0.651677
4	-2	8	-0.629496
4	-2	9	-0.295338
4	-2	10	-0.248236
4	-2	11	0.175254
4	-2	12	0.249305
4	-2	13	0.672794
4	-2	14	1.07624
4	-1	0	-3.38421
4	-1	1	-3.07374
4	-1	2	-2.89346
4	-1	3	-2.72169
4	-1	4	-2.57318
4	-1	5	-2.49005
4	-1	6	-2.42509
4	-1	7	-2.42456
4	-1	8	-2.22078
4	-1	9	-2.14571
4	-1	10	-2.09811
4	-1	11	-2.08042
4	-1	12	-2.07624
4	-1	13	-2.02308
4	-1	14	-1.98695
4	-1	15	-1.95397
4	-1	16	-1.85709
4	-1	17	-1.73983
4	-1	18	-1.71434
4	-1	19	-1.70102
4	-1	20	-1.67279
4	-1	21	-1.66091
4	-1	22	-1.62193
4	-1	23	-1.61981
4	-1	24	-1.56299
4	-1	25	-1.53802
4	-1	26	-1.52199
4	-1	27	-1.45643
4	-1	28	-1.38194
4	-1	29	-1.35381
4	-1	30	-1.33508
4	-1	31	-1.2493
4	-1	32	-1.21699
4	-1	33	-1.20062
4	-1	34	-1.1788
4	-1	35	-1.17525
4	-1	36	-1.17355
4	-1	37	-1.14278
4	-1	38	-1.12227
4	-1	39	-1.08074
4	-1	40	-1.05298
4	-1	41	-1.03953
4	-1	42	-0.997618
4	-1	43	-0.985336
4	-1	44	-0.873314
4	-1	45	-0.850994
4	-1	46	-0.780113
4	-1	47	-0.77184
4	-1	48	-0.751764
4	-1	49	-0.731817
4	-1	50	-0.728183
4	-1	51	-0.718827
4	-1	52	-0.704662
4	-1	53	-0.700314
4	-1	54	-0.683107
4	-1	55	-0.651677
4	-1	56	-0.629496
4	-1	57	-0.625421
4	-1	58	-0.616896
4	-1	59	-0.507163
4	-1	60	-0.492837
4	-1	61	-0.383104
4	-1	62	-0.374579
4	-1	63	-0.370504
4	-1	64	-0.348323
4	-1	65	-0.316893
4	-1	66	-0.299686
4	-1	67	-0.295338
4	-1	68	-0.281173
4	-1	69	-0.271817
4	-1	70	-0.268183
4	-1	71	-0.248236
4	-1	72	-0.22816
4	-1	73	-0.219887
4	-1	74	-0.149006
4	-1	75	-0.126686
4	-1	76	-0.0146636
4	-1	77	-0.00238155
4	-1	78	0.0395275
4	-1	79	0.052985
4	-1	80	0.0807444
4	-1	81	0.122269
4	-1	82	0.142776
4	-1	83	0.173553
4	-1	84	0.175254
4	-1	85	0.178799
4	-1	86	0.200621
4	-1	87	0.216994
4	-1	88	0.249305
4	-1	89	0.335078
4	-1	90	0.353812
4	-1	91	0.381942
4	-1	92	0.456426
4	-1	93	0.521995
4	-1	94	0.538021
4	-1	95	0.562992
4	-1	96	0.619809
4	-1	97	0.621932
4	-1	98	0.660908
4	-1	99	0.672794
4	-1	100	0.701022
4	-1	101	0.714339
4	-1	102	0.739834
4	-1	103	0.857091
4	-1	104	0.953967
4	-1	105	0.986955
4	-1	106	1.02308
4	-1	107	1.07624
4	-1	108	1.08042
4	-1	109	1.09811
4	-1	110	1.14571
4	-1	111	1.22078
4	-1	112	1.42456
4	-1	113	1.42509
4	-1	114	1.49005
4	-1	115	1.57318
4	-1	116	1.72169
4	-1	117	1.89346
4	-1	118	2.07374
4	-1	119	2.38421
4	0	0	-3.61778
4	0	1	-3.38421
4	0	2	-3.16568
4	0	3	-3.07374
4	0	4	-3.05156
4	0	5	-2.89346
4	0	6	-2.76728
4	0	7	-2.72169
4	0	8	-2.6659
4	0	9	-2.57318
4	0	10	-2.5595
4	0	11	-2.50581
4	0	12	-2.49005
4	0	13	-2.42509
4	0	14	-2.42456
4	0	15	-2.37522
4	0	16	-2.24991
4	0	17	-2.22078
4	0	18	-2.18786
4	0	19	-2.14571
4	0	20	-2.12612
4	0	21	-2.10073
4	0	22	-2.09811
4	0	23	-2.08042
4	0	24	-2.07624
4	0	25	-2.0416
4	0	26	-2.02308
4	0	27	-1.98695
4	0	28	-1.95397
4	0	29	-1.86884
4	0	30	-1.86306
4	0	31	-1.85709
4	0	32	-1.81086
4	0	33	-1.74838
4	0	34	-1.73983
4	0	35	-1.71434
4	0	36	-1.7088
4	0	37	-1.70102
4	0	38	-1.67279
4	0	39	-1.67012
4	0	40	-1.66091
4	0	41	-1.65343
4	0	42	-1.62193
4	0	43	-1.61982
4	0	44	-1.61981
4	0	45	-1.56299
4	0	46	-1.53802
4	0	47	-1.52199
4	0	48	-1.51926
4	0	49	-1.45643
4	0	50	-1.43237
4	0	51	-1.39436
4	0	52	-1.38194
4	0	53	-1.37889
4	0	54	-1.35444
4	0	55	-1.35381
4	0	56	-1.33508
4	0	57	-1.31366
4	0	58	-1.2585
4	0	59	-1.2493
4	0	60	-1.24015
4	0	61	-1.21699
4	0	62	-1.20062
4	0	63	-1.18412
4	0	64	-1.1788
4	0	65	-1.1758
4	0	66	-1.17525
4	0	67	-1.17355
4	0	68	-1.14292
4	0	69	-1.14278
4	0	70	-1.12227
4	0	71	-1.08074
4	0	72	-1.05298
4	0	73	-1.04985
4	0	74	-1.03953
4	0	75	-1.03247
4	0	76	-0.997618
4	0	77	-0.985336
4	0	78	-0.979758
4	0	79	-0.921743
4	0	80	-0.902935
4	0	81	-0.873314
4	0	82	-0.870037
4	0	83	-0.850994
4	0	84	-0.834217
4	0	85	-0.819294
4	0	86	-0.797568
4	0	87	-0.780113
4	0	88	-0.77184
4	0	89	-0.751764
4	0	90	-0.743383
4	0	91	-0.742168
4	0	92	-0.731817
4	0	93	-0.728183
4	0	94	-0.718827
4	0	95	-0.704662
4	0	96	-0.700314
4	0	97	-0.693043
4	0	98	-0.689822
4	0	99	-0.683107
4	0	100	-0.651677
4	0	101	-0.629496
4	0	102	-0.626771
4	0	103	-0.625421
4	0	104	-0.616896
4	0	105	-0.574052
4	0	106	-0.535784
4	0	107	-0.507163
4	0	108	-0.492837
4	0	109	-0.488832
4	0	110	-0.453612
4	0	111	-0.449438
4	0	112	-0.401164
4	0	113	-0.383104
4	0	114	-0.374579
4	0	115	-0.370504
4	0	116	-0.35739
4	0	117	-0.34842
4	0	118	-0.348323
4	0	119	-0.316893
4	0	120	-0.315492
4	0	121	-0.299686
4	0	122	-0.295338
4	0	123	-0.29025
4	0	124	-0.281173
4	0	125	-0.276841
4	0	126	-0.271817
4	0	127	-0.268183
4	0	128	-0.248236
4	0	129	-0.22816
4	0	130	-0.219887
4	0	131	-0.219415
4	0	132	-0.171099
4	0	133	-0.149006
4	0	134	-0.132697
4	0	135	-0.126686
4	0	136	-0.115503
4	0	137	-0.0376684
4	0	138	-0.0146636
4	0	139	-0.0104231
4	0	140	-0.00238155
4	0	141	-1.66327e-16
4	0	142	0.0395275
4	0	143	0.052985
4	0	144	0.0663605
4	0	145	0.0729712
4	0	146	0.0807444
4	0	147	0.103278
4	0	148	0.122269
4	0	149	0.12342
4	0	150	0.138616
4	0	151	0.142776
4	0	152	0.173553
4	0	153	0.175254
4	0	154	0.178799
4	0	155	0.180941
4	0	156	0.200621
4	0	157	0.215875
4	0	158	0.216994
4	0	159	0.249305
4	0	160	0.306557
4	0	161	0.317225
4	0	162	0.335078
4	0	163	0.348724
4	0	164	0.353812
4	0	165	0.3653
4	0	166	0.366502
4	0	167	0.381942
4	0	168	0.456426
4	0	169	0.476466
4	0	170	0.521995
4	0	171	0.532768
4	0	172	0.538021
4	0	173	0.544707
4	0	174	0.562992
4	0	175	0.591409
4	0	176	0.619809
4	0	177	0.621932
4	0	178	0.648862
4	0	179	0.660908
4	0	180	0.663529
4	0	181	0.668536
4	0	182	0.672794
4	0	183	0.701022
4	0	184	0.714339
4	0	185	0.732019
4	0	186	0.739834
4	0	187	0.783792
4	0	188	0.85303
4	0	189	0.857091
4	0	190	0.945338
4	0	191	0.953967
4	0	192	0.961537
4	0	193	0.986955
4	0	194	1.0175
4	0	195	1.02308
4	0	196	1.04292
4	0	197	1.07624
4	0	198	1.08042
4	0	199	1.09717
4	0	200	1.09811
4	0	201	1.14571
4	0	202	1.1698
4	0	203	1.22078
4	0	204	1.23323
4	0	205	1.36205
4	0	206	1.37829
4	0	207	1.42456
4	0	208	1.42509
4	0	209	1.42738
4	0	210	1.47538
4	0	211	1.49005
4	0	212	1.57318
4	0	213	1.58736
4	0	214	1.72169
4	0	215	1.72673
4	0	216	1.75904
4	0	217	1.89346
4	0	218	1.90633
4	0	219	2.07374
4	0	220	2.07593
4	0	221	2.08325
4	0	222	2.38421
4	0	223	2.42497
4	0	224	2.85876
4	1	0	-3.38421
4	1	1	-3.07374
4	1	2	-2.89346
4	1	3	-2.72169
4	1	4	-2.57318
4	1	5	-2.49005
4	1	6	-2.42509
4	1	7	-2.42456
4	1	8	-2.22078
4	1	9	-2.14571
4	1	10	-2.09811
4	1	11	-2.08042
4	1	12	-2.07624
4	1	13	-2.02308
4	1	14	-1.98695
4	1	15	-1.95397
4	1	16	-1.85709
4	1	17	-1.73983
4	1	18	-1.71434
4	1	19	-1.70102
4	1	20	-1.67279
4	1	21	-1.66091
4	1	22	-1.62193
4	1	23	-1.61981
4	1	24	-1.56299
4	1	25	-1.53802
4	1	26	-1.52199
4	1	27	-1.45643
4	1	28	-1.38194
4	1	29	-1.35381
4	1	30	-1.33508
4	1	31	-1.2493
4	1	32	-1.21699
4	1	33	-1.20062
4	1	34	-1.1788
4	1	35	-1.17525
4	1	36	-1.17355
4	1	37	-1.14278
4	1	38	-1.12227
4	1	39	-1.08074
4	1	40	-1.05298
4	1	41	-1.03953
4	1	42	-0.997618
4	1	43	-0.985336
4	1	44	-0.873314
4	1	45	-0.850994
4	1	46	-0.780113
4	1	47	-0.77184
4	1	48	-0.751764
4	1	49	-0.731817
4	1	50	-0.728183
4	1	51	-0.718827
4	1	52	-0.704662
4	1	53	-0.700314
4	1	54	-0.683107
4	1	55	-0.651677
4	1	56	-0.629496
4	1	57	-0.625421
4	1	58	-0.616896
4	1	59	-0.507163
4	1	60	-0.492837
4	1	61	-0.383104
4	1	62	-0.374579
4	1	63	-0.370504
4	1	64	-0.348323
4	1	65	-0.316893
4	1	66	-0.299686
4	1	67	-0.295338
4	1	68	-0.281173
4	1	69	-0.271817
4	1	70	-0.268183
4	1	71	-0.248236
4	1	72	-0.22816
4	1	73	-0.219887
4	1	74	-0.149006
4	1	75	-0.126686
4	1	76	-0.0146636
4	1	77	-0.00238155
4	1	78	0.0395275
4	1	79	0.052985
4	1	80	0.0807444
4	1	81	0.122269
4	1	82	0.142776
4	1	83	0.173553
4	1	84	0.175254
4	1	85	0.178799
4	1	86	0.200621
4	1	87	0.216994
4	1	88	0.249305
4	1	89	0.335078
4	1	90	0.353812
4	1	91	0.381942
4	1	92	0.456426
4	1	93	0.521995
4	1	94	0.538021
4	1	95	0.562992
4	1	96	0.619809
4	1	97	0.621932
4	1	98	0.660908
4	1	99	0.672794
4	1	100	0.701022
4	1	101	0.714339
4	1	102	0.739834
4	1	103	0.857091
4	1	104	0.953967
4	1	105	0.986955
4	1	106	1.02308
4	1	107	1.07624
4	1	108	1.08042
4	1	109	1.09811
4	1	110	1.14571
4	1	111	1.22078
4	1	112	1.42456
4	1	113	1.42509
4	1	114	1.49005
4	1	115	1.57318
4	1	116	1.72169
4	1	117	1.89346
4	1	118	2.07374
4	1	119	2.38421
4	2	0	-2.42456
4	2	1	-1.95397
4	2	2	-1.61981
4	2	3	-1.45643
4	2	4	-1.12227
4	2	5	-1.05298
4	2	6	-0.718827
4	2	7	-0.651677
4	2	8	-0.629496
4	2	9	-0.295338
4	2	10	-0.248236
4	2	11	0.175254
4	2	12	0.249305
4	2	13	0.672794
4	2	14	1.07624
5	-2.5	0	-1.87936
5	-2.5	1	-1.5452
5	-2.5	2	-1.07461
5	-2.5	3	-0.577068
5	-2.5	4	-0.173627
5	-2.5	5	0.249862
5	-1.5	0	-3.30566
5	-1.5	1	-2.97779
5	-1.5	2	-2.83745
5	-1.5	3	-2.54413
5	-1.5	4	-2.50706
5	-1.5	5	-2.49917
5	-1.5	6	-2.34645
5	-1.5	7	-2.19845
5	-1.5	8	-2.19261
5	-1.5	9	-2.02595
5	-1.5	10	-2.01576
5	-1.5	11	-2.00163
5	-1.5	12	-1.94025
5	-1.5	13	-1.87936
5	-1.5	14	-1.84324
5	-1.5	15	-1.69253
5	-1.5	16	-1.6162
5	-1.5	17	-1.59819
5	-1.5	18	-1.59076
5	-1.5	19	-1.55266
5	-1.5	20	-1.5452
5	-1.5	21	-1.53103
5	-1.5	22	-1.52089
5	-1.5	23	-1.45015
5	-1.5	24	-1.3441
5	-1.5	25	-1.26545
5	-1.5	26	-1.20399
5	-1.5	27	-1.19688
5	-1.5	28	-1.1747
5	-1.5	29	-1.14918
5	-1.5	30	-1.14151
5	-1.5	31	-1.12759
5	-1.5	32	-1.09779
5	-1.5	33	-1.07461
5	-1.5	34	-1.05899
5	-1.5	35	-0.975687
5	-1.5	36	-0.861163
5	-1.5	37	-0.832029
5	-1.5	38	-0.793436
5	-1.5	39	-0.782325
5	-1.5	40	-0.739758
5	-1.5	41	-0.704104
5	-1.5	42	-0.683167
5	-1.5	43	-0.659853
5	-1.5	44	-0.647575
5	-1.5	45	-0.633258
5	-1.5	46	-0.630053
5	-1.5	47	-0.577068
5	-1.5	48	-0.479952
5	-1.5	49	-0.474323
5	-1.5	50	-0.369947
5	-1.5	51	-0.314032
5	-1.5	52	-0.295896
5	-1.5	53	-0.292509
5	-1.5	54	-0.262701
5	-1.5	55	-0.232977
5	-1.5	56	-0.206564
5	-1.5	57	-0.198048
5	-1.5	58	-0.173627
5	-1.5	59	-0.152825
5	-1.5	60	-0.105743
5	-1.5	61	-0.00361044
5	-1.5	62	0.113197
5	-1.5	63	0.127594
5	-1.5	64	0.154634
5	-1.5	65	0.174696
5	-1.5	66	0.179239
5	-1.5	67	0.196877
5	-1.5	68	0.249862
5	-1.5	69	0.255678
5	-1.5	70	0.261852
5	-1.5	71	0.324664
5	-1.5	72	0.368658
5	-1.5	73	0.531035
5	-1.5	74	0.571665
5	-1.5	75	0.598185
5	-1.5	76	0.609187
5	-1.5	77	0.652297
5	-1.5	78	0.727265
5	-1.5	79	0.751996
5	-1.5	80	0.875184
5	-1.5	81	1.00163
5	-1.5	82	1.06585
5	-1.5	83	1.09038
5	-1.5	84	1.20971
5	-1.5	85	1.2598
5	-1.5	86	1.49917
5	-1.5	87	1.57505
5	-1.5	88	1.73186
5	-1.5	89	1.97238
5	-0.5	0	-3.95791
5	-0.5	1	-3.60317
5	-0.5	2	-3.46155
5	-0.5	3	-3.30566
5	-0.5	4	-3.25778
5	-0.5	5	-3.10386
5	-0.5	6	-3.03969
5	-0.5	7	-2.97779
5	-0.5	8	-2.97238
5	-0.5	9	-2.91415
5	-0.5	10	-2.83745
5	-0.5	11	-2.74724
5	-0.5	12	-2.73186
5	-0.5	13	-2.64805
5	-0.5	14	-2.60908
5	-0.5	15	-2.57505
5	-0.5	16	-2.5601
5	-0.5	17	-2.54413
5	-0.5	18	-2.53414
5	-0.5	19	-2.50706
5	-0.5	20	-2.49917
5	-0.5	21	-2.47538
5	-0.5	22	-2.43506
5	-0.5	23	-2.34645
5	-0.5	24	-2.29951
5	-0.5	25	-2.2598
5	-0.5	26	-2.24935
5	-0.5	27	-2.23842
5	-0.5	28	-2.20971
5	-0.5	29	-2.19845
5	-0.5	30	-2.19261
5	-0.5	31	-2.18842
5	-0.5	32	-2.1693
5	-0.5	33	-2.09231
5	-0.5	34	-2.09038
5	-0.5	35	-2.06585
5	-0.5	36	-2.0643
5	-0.5	37	-2.02595
5	-0.5	38	-2.01576
5	-0.5	39	-2.00163
5	-0.5	40	-1.99155
5	-0.5	41	-1.95731
5	-0.5	42	-1.94025
5	-0.5	43	-1.89385
5	-0.5	44	-1.87936
5	-0.5	45	-1.87518
5	-0.5	46	-1.86785
5	-0.5	47	-1.84582
5	-0.5	48	-1.84324
5	-0.5	49	-1.80241
5	-0.5	50	-1.75847
5	-0.5	51	-1.752
5	-0.5	52	-1.72726
5	-0.5	53	-1.70931
5	-0.5	54	-1.69253
5	-0.5	55	-1.67383
5	-0.5	56	-1.6691
5	-0.5	57	-1.6523
5	-0.5	58	-1.62473
5	-0.5	59	-1.6162
5	-0.5	60	-1.60919
5	-0.5	61	-1.60603
5	-0.5	62	-1.59819
5	-0.5	63	-1.59076
5	-0.5	64	-1.57166
5	-0.5	65	-1.55266
5	-0.5	66	-1.54914
5	-0.5	67	-1.5452
5	-0.5	68	-1.53103
5	-0.5	69	-1.52222
5	-0.5	70	-1.52089
5	-0.5	71	-1.49453
5	-0.5	72	-1.48499
5	-0.5	73	-1.45015
5	-0.5	74	-1.38696
5	-0.5	75	-1.37218
5	-0.5	76	-1.36866
5	-0.5	77	-1.34916
5	-0.5	78	-1.3441
5	-0.5	79	-1.32466
5	-0.5	80	-1.31568
5	-0.5	81	-1.26545
5	-0.5	82	-1.26185
5	-0.5	83	-1.25944
5	-0.5	84	-1.25568
5	-0.5	85	-1.24986
5	-0.5	86	-1.23662
5	-0.5	87	-1.22085
5	-0.5	88	-1.20399
5	-0.5	89	-1.19743
5	-0.5	90	-1.19688
5	-0.5	91	-1.17924
5	-0.5	92	-1.17571
5	-0.5	93	-1.1747
5	-0.5	94	-1.15738
5	-0.5	95	-1.15463
5	-0.5	96	-1.14918
5	-0.5	97	-1.14151
5	-0.5	98	-1.13013
5	-0.5	99	-1.12759
5	-0.5	100	-1.1132
5	-0.5	101	-1.09779
5	-0.5	102	-1.09119
5	-0.5	103	-1.07461
5	-0.5	104	-1.05899
5	-0.5	105	-1.03108
5	-0.5	106	-1.01514
5	-0.5	107	-0.99639
5	-0.5	108	-0.984065
5	-0.5	109	-0.976207
5	-0.5	110	-0.975687
5	-0.5	111	-0.936191
5	-0.5	112	-0.89978
5	-0.5	113	-0.894257
5	-0.5	114	-0.861163
5	-0.5	115	-0.859666
5	-0.5	116	-0.853002
5	-0.5	117	-0.847175
5	-0.5	118	-0.839885
5	-0.5	119	-0.832029
5	-0.5	120	-0.826373
5	-0.5	121	-0.815175
5	-0.5	122	-0.803152
5	-0.5	123	-0.801952
5	-0.5	124	-0.793436
5	-0.5	125	-0.782325
5	-0.5	126	-0.767023
5	-0.5	127	-0.748875
5	-0.5	128	-0.739758
5	-0.5	129	-0.737299
5	-0.5	130	-0.730659
5	-0.5	131	-0.707491
5	-0.5	132	-0.704936
5	-0.5	133	-0.704104
5	-0.5	134	-0.685968
5	-0.5	135	-0.685081
5	-0.5	136	-0.683167
5	-0.5	137	-0.659853
5	-0.5	138	-0.647575
5	-0.5	139	-0.633671
5	-0.5	140	-0.633258
5	-0.5	141	-0.630053
5	-0.5	142	-0.622849
5	-0.5	143	-0.577068
5	-0.5	144	-0.55761
5	-0.5	145	-0.542184
5	-0.5	146	-0.525677
5	-0.5	147	-0.524406
5	-0.5	148	-0.520048
5	-0.5	149	-0.506143
5	-0.5	150	-0.493857
5	-0.5	151	-0.479952
5	-0.5	152	-0.475594
5	-0.5	153	-0.474323
5	-0.5	154	-0.457816
5	-0.5	155	-0.44239
5	-0.5	156	-0.422932
5	-0.5	157	-0.377151
5	-0.5	158	-0.369947
5	-0.5	159	-0.366742
5	-0.5	160	-0.366329
5	-0.5	161	-0.352425
5	-0.5	162	-0.340147
5	-0.5	163	-0.316833
5	-0.5	164	-0.314919
5	-0.5	165	-0.314032
5	-0.5	166	-0.295896
5	-0.5	167	-0.295064
5	-0.5	168	-0.292509
5	-0.5	169	-0.269341
5	-0.5	170	-0.262701
5	-0.5	171	-0.260242
5	-0.5	172	-0.251125
5	-0.5	173	-0.232977
5	-0.5	174	-0.217675
5	-0.5	175	-0.206564
5	-0.5	176	-0.198048
5	-0.5	177	-0.196848
5	-0.5	178	-0.184825
5	-0.5	179	-0.173627
5	-0.5	180	-0.167971
5	-0.5	181	-0.160115
5	-0.5	182	-0.152825
5	-0.5	183	-0.146998
5	-0.5	184	-0.140334
5	-0.5	185	-0.138837
5	-0.5	186	-0.105743
5	-0.5	187	-0.10022
5	-0.5	188	-0.0638086
5	-0.5	189	-0.0243127
5	-0.5	190	-0.0237933
5	-0.5	191	-0.0159347
5	-0.5	192	-0.00361044
5	-0.5	193	0.0151415
5	-0.5	194	0.0310793
5	-0.5	195	0.0589898
5	-0.5	196	0.0746087
5	-0.5	197	0.0911906
5	-0.5	198	0.0977885
5	-0.5	199	0.113197
5	-0.5	200	0.127594
5	-0.5	201	0.130126
5	-0.5	202	0.141513
5	-0.5	203	0.149185
5	-0.5	204	0.154634
5	-0.5	205	0.157379
5	-0.5	206	0.174696
5	-0.5	207	0.17571
5	-0.5	208	0.179239
5	-0.5	209	0.196877
5	-0.5	210	0.197429
5	-0.5	211	0.203989
5	-0.5	212	0.220846
5	-0.5	213	0.236623
5	-0.5	214	0.249862
5	-0.5	215	0.255678
5	-0.5	216	0.259436
5	-0.5	217	0.261852
5	-0.5	218	0.265454
5	-0.5	219	0.315684
5	-0.5	220	0.324664
5	-0.5	221	0.3441
5	-0.5	222	0.349156
5	-0.5	223	0.368658
5	-0.5	224	0.372176
5	-0.5	225	0.386955
5	-0.5	226	0.450154
5	-0.5	227	0.484989
5	-0.5	228	0.494534
5	-0.5	229	0.520888
5	-0.5	230	0.522218
5	-0.5	231	0.531035
5	-0.5	232	0.5452
5	-0.5	233	0.54914
5	-0.5	234	0.552662
5	-0.5	235	0.571665
5	-0.5	236	0.590755
5	-0.5	237	0.598185
5	-0.5	238	0.606028
5	-0.5	239	0.609187
5	-0.5	240	0.6162
5	-0.5	241	0.624727
5	-0.5	242	0.652297
5	-0.5	243	0.669096
5	-0.5	244	0.673827
5	-0.5	245	0.692532
5	-0.5	246	0.709306
5	-0.5	247	0.727265
5	-0.5	248	0.751996
5	-0.5	249	0.75847
5	-0.5	250	0.802411
5	-0.5	251	0.843238
5	-0.5	252	0.84582
5	-0.5	253	0.86785
5	-0.5	254	0.875184
5	-0.5	255	0.879358
5	-0.5	256	0.893847
5	-0.5	257	0.940247
5	-0.5	258	0.957312
5	-0.5	259	0.991553
5	-0.5	260	1.00163
5	-0.5	261	1.01576
5	-0.5	262	1.02595
5	-0.5	263	1.0643
5	-0.5	264	1.06585
5	-0.5	265	1.09038
5	-0.5	266	1.09231
5	-0.5	267	1.1693
5	-0.5	268	1.18842
5	-0.5	269	1.19261
5	-0.5	270	1.19845
5	-0.5	271	1.20971
5	-0.5	272	1.23842
5	-0.5	273	1.24935
5	-0.5	274	1.2598
5	-0.5	275	1.29951
5	-0.5	276	1.34645
5	-0.5	277	1.43506
5	-0.5	278	1.47538
5	-0.5	279	1.49917
5	-0.5	280	1.50706
5	-0.5	281	1.53414
5	-0.5	282	1.54413
5	-0.5	283	1.5601
5	-0.5	284	1.57505
5	-0.5	285	1.60908
5	-0.5	286	1.64805
5	-0.5	287	1.73186
5	-0.5	288	1.74724
5	-0.5	289	1.83745
5	-0.5	290	1.91415
5	-0.5	291	1.97238
5	-0.5	292	1.97779
5	-0.5	293	2.03969
5	-0.5	294	2.10386
5	-0.5	295	2.25778
5	-0.5	296	2.30566
5	-0.5	297	2.46155
5	-0.5	298	2.60317
5	-0.5	299	2.95791
5	0.5	0	-3.95791
5	0.5	1	-3.60317
5	0.5	2	-3.46155
5	0.5	3	-3.30566
5	0.5	4	-3.25778
5	0.5	5	-3.10386
5	0.5	6	-3.03969
5	0.5	7	-2.97779
5	0.5	8	-2.97238
5	0.5	9	-2.91415
5	0.5	10	-2.83745
5	0.5	11	-2.74724
5	0.5	12	-2.73186
5	0.5	13	-2.64805
5	0.5	14	-2.60908
5	0.5	15	-2.57505
5	0.5	16	-2.5601
5	0.5	17	-2.54413
5	0.5	18	-2.53414
5	0.5	19	-2.50706
5	0.5	20	-2.49917
5	0.5	21	-2.47538
5	0.5	22	-2.43506
5	0.5	23	-2.34645
5	0.5	24	-2.29951
5	0.5	25	-2.2598
5	0.5	26	-2.24935
5	0.5	27	-2.23842
5	0.5	28	-2.20971
5	0.5	29	-2.19845
5	0.5	30	-2.19261
5	0.5	31	-2.18842
5	0.5	32	-2.1693
5	0.5	33	-2.09231
5	0.5	34	-2.09038
5	0.5	35	-2.06585
5	0.5	36	-2.0643
5	0.5	37	-2.02595
5	0.5	38	-2.01576
5	0.5	39	-2.00163
5	0.5	40	-1.99155
5	0.5	41	-1.95731
5	0.5	42	-1.94025
5	0.5	43	-1.89385
5	0.5	44	-1.87936
5	0.5	45	-1.87518
5	0.5	46	-1.86785
5	0.5	47	-1.84582
5	0.5	48	-1.84324
5	0.5	49	-1.80241
5	0.5	50	-1.75847
5	0.5	51	-1.752
5	0.5	52	-1.72726
5	0.5	53	-1.70931
5	0.5	54	-1.69253
5	0.5	55	-1.67383
5	0.5	56	-1.6691
5	0.5	57	-1.6523
5	0.5	58	-1.62473
5	0.5	59	-1.6162
5	0.5	60	-1.60919
5	0.5	61	-1.60603
5	0.5	62	-1.59819
5	0.5	63	-1.59076
5	0.5	64	-1.57166
5	0.5	65	-1.55266
5	0.5	66	-1.54914
5	0.5	67	-1.5452
5	0.5	68	-1.53103
5	0.5	69	-1.52222
5	0.5	70	-1.52089
5	0.5	71	-1.49453
5	0.5	72	-1.48499
5	0.5	73	-1.45015
5	0.5	74	-1.38696
5	0.5	75	-1.37218
5	0.5	76	-1.36866
5	0.5	77	-1.34916
5	0.5	78	-1.3441
5	0.5	79	-1.32466
5	0.5	80	-1.31568
5	0.5	81	-1.26545
5	0.5	82	-1.26185
5	0.5	83	-1.25944
5	0.5	84	-1.25568
5	0.5	85	-1.24986
5	0.5	86	-1.23662
5	0.5	87	-1.22085
5	0.5	88	-1.20399
5	0.5	89	-1.19743
5	0.5	90	-1.19688
5	0.5	91	-1.17924
5	0.5	92	-1.17571
5	0.5	93	-1.1747
5	0.5	94	-1.15738
5	0.5	95	-1.15463
5	0.5	96	-1.14918
5	0.5	97	-1.14151
5	0.5	98	-1.13013
5	0.5	99	-1.12759
5	0.5	100	-1.1132
5	0.5	101	-1.09779
5	0.5	102	-1.09119
5	0.5	103	-1.07461
5	0.5	104	-1.05899
5	0.5	105	-1.03108
5	0.5	106	-1.01514
5	0.5	107	-0.99639
5	0.5	108	-0.984065
5	0.5	109	-0.976207
5	0.5	110	-0.975687
5	0.5	111	-0.936191
5	0.5	112	-0.89978
5	0.5	113	-0.894257
5	0.5	114	-0.861163
5	0.5	115	-0.859666
5	0.5	116	-0.853002
5	0.5	117	-0.847175
5	0.5	118	-0.839885
5	0.5	119	-0.832029
5	0.5	120	-0.826373
5	0.5	121	-0.815175
5	0.5	122	-0.803152
5	0.5	123	-0.801952
5	0.5	124	-0.793436
5	0.5	125	-0.782325
5	0.5	126	-0.767023
5	0.5	127	-0.748875
5	0.5	128	-0.739758
5	0.5	129	-0.737299
5	0.5	130	-0.730659
5	0.5	131	-0.707491
5	0.5	132	-0.704936
5	0.5	133	-0.704104
5	0.5	134	-0.685968
5	0.5	135	-0.685081
5	0.5	136	-0.683167
5	0.5	137	-0.659853
5	0.5	138	-0.647575
5	0.5	139	-0.633671
5	0.5	140	-0.633258
5	0.5	141	-0.630053
5	0.5	142	-0.622849
5	0.5	143	-0.577068
5	0.5	144	-0.55761
5	0.5	145	-0.542184
5	0.5	146	-0.525677
5	0.5	147	-0.524406
5	0.5	148	-0.520048
5	0.5	149	-0.506143
5	0.5	150	-0.493857
5	0.5	151	-0.479952
5	0.5	152	-0.475594
5	0.5	153	-0.474323
5	0.5	154	-0.457816
5	0.5	155	-0.44239
5	0.5	156	-0.422932
5	0.5	157	-0.377151
5	0.5	158	-0.369947
5	0.5	159	-0.366742
5	0.5	160	-0.366329
5	0.5	161	-0.352425
5	0.5	162	-0.340147
5	0.5	163	-0.316833
5	0.5	164	-0.314919
5	0.5	165	-0.314032
5	0.5	166	-0.295896
5	0.5	167	-0.295064
5	0.5	168	-0.292509
5	0.5	169	-0.269341
5	0.5	170	-0.262701
5	0.5	171	-0.260242
5	0.5	172	-0.251125
5	0.5	173	-0.232977
5	0.5	174	-0.217675
5	0.5	175	-0.206564
5	0.5	176	-0.198048
5	0.5	177	-0.196848
5	0.5	178	-0.184825
5	0.5	179	-0.173627
5	0.5	180	-0.167971
5	0.5	181	-0.160115
5	0.5	182	-0.152825
5	0.5	183	-0.146998
5	0.5	184	-0.140334
5	0.5	185	-0.138837
5	0.5	186	-0.105743
5	0.5	187	-0.10022
5	0.5	188	-0.0638086
5	0.5	189	-0.0243127
5	0.5	190	-0.0237933
5	0.5	191	-0.0159347
5	0.5	192	-0.00361044
5	0.5	193	0.0151415
5	0.5	194	0.0310793
5	0.5	195	0.0589898
5	0.5	196	0.0746087
5	0.5	197	0.0911906
5	0.5	198	0.0977885
5	0.5	199	0.113197
5	0.5	200	0.127594
5	0.5	201	0.130126
5	0.5	202	0.141513
5	0.5	203	0.149185
5	0.5	204	0.154634
5	0.5	205	0.157379
5	0.5	206	0.174696
5	0.5	207	0.17571
5	0.5	208	0.179239
5	0.5	209	0.196877
5	0.5	210	0.197429
5	0.5	211	0.203989
5	0.5	212	0.220846
5	0.5	213	0.236623
5	0.5	214	0.249862
5	0.5	215	0.255678
5	0.5	216	0.259436
5	0.5	217	0.261852
5	0.5	218	0.265454
5	0.5	219	0.315684
5	0.5	220	0.324664
5	0.5	221	0.3441
5	0.5	222	0.349156
5	0.5	223	0.368658
5	0.5	224	0.372176
5	0.5	225	0.386955
5	0.5	226	0.450154
5	0.5	227	0.484989
5	0.5	228	0.494534
5	0.5	229	0.520888
5	0.5	230	0.522218
5	0.5	231	0.531035
5	0.5	232	0.5452
5	0.5	233	0.54914
5	0.5	234	0.552662
5	0.5	235	0.571665
5	0.5	236	0.590755
5	0.5	237	0.598185
5	0.5	238	0.606028
5	0.5	239	0.609187
5	0.5	240	0.6162
5	0.5	241	0.624727
5	0.5	242	0.652297
5	0.5	243	0.669096
5	0.5	244	0.673827
5	0.5	245	0.692532
5	0.5	246	0.709306
5	0.5	247	0.727265
5	0.5	248	0.751996
5	0.5	249	0.75847
5	0.5	250	0.802411
5	0.5	251	0.843238
5	0.5	252	0.84582
5	0.5	253	0.86785
5	0.5	254	0.875184
5	0.5	255	0.879358
5	0.5	256	0.893847
5	0.5	257	0.940247
5	0.5	258	0.957312
5	0.5	259	0.991553
5	0.5	260	1.00163
5	0.5	261	1.01576
5	0.5	262	1.02595
5	0.5	263	1.0643
5	0.5	264	1.06585
5	0.5	265	1.09038
5	0.5	266	1.09231
5	0.5	267	1.1693
5	0.5	268	1.18842
5	0.5	269	1.19261
5	0.5	270	1.19845
5	0.5	271	1.20971
5	0.5	272	1.23842
5	0.5	273	1.24935
5	0.5	274	1.2598
5	0.5	275	1.29951
5	0.5	276	1.34645
5	0.5	277	1.43506
5	0.5	278	1.47538
5	0.5	279	1.49917
5	0.5	280	1.50706
5	0.5	281	1.53414
5	0.5	282	1.54413
5	0.5	283	1.5601
5	0.5	284	1.57505
5	0.5	285	1.60908
5	0.5	286	1.64805
5	0.5	287	1.73186
5	0.5	288	1.74724
5	0.5	289	1.83745
5	0.5	290	1.91415
5	0.5	291	1.97238
5	0.5	292	1.97779
5	0.5	293	2.03969
5	0.5	294	2.10386
5	0.5	295	2.25778
5	0.5	296	2.30566
5	0.5	297	2.46155
5	0.5	298	2.60317
5	0.5	299	2.95791
5	1.5	0	-3.30566
5	1.5	1	-2.97779
5	1.5	2	-2.83745
5	1.5	3	-2.54413
5	1.5	4	-2.50706
5	1.5	5	-2.49917
5	1.5	6	-2.34645
5	1.5	7	-2.19845
5	1.5	8	-2.19261
5	1.5	9	-2.02595
5	1.5	10	-2.01576
5	1.5	11	-2.00163
5	1.5	12	-1.94025
5	1.5	13	-1.87936
5	1.5	14	-1.84324
5	1.5	15	-1.69253
5	1.5	16	-1.6162
5	1.5	17	-1.59819
5	1.5	18	-1.59076
5	1.5	19	-1.55266
5	1.5	20	-1.5452
5	1.5	21	-1.53103
5	1.5	22	-1.52089
5	1.5	23	-1.45015
5	1.5	24	-1.3441
5	1.5	25	-1.26545
5	1.5	26	-1.20399
5	1.5	27	-1.19688
5	1.5	28	-1.1747
5	1.5	29	-1.14918
5	1.5	30	-1.14151
5	1.5	31	-1.12759
5	1.5	32	-1.09779
5	1.5	33	-1.07461
5	1.5	34	-1.05899
5	1.5	35	-0.975687
5	1.5	36	-0.861163
5	1.5	37	-0.832029
5	1.5	38	-0.793436
5	1.5	39	-0.782325
5	1.5	40	-0.739758
5	1.5	41	-0.704104
5	1.5	42	-0.683167
5	1.5	43	-0.659853
5	1.5	44	-0.647575
5	1.5	45	-0.633258
5	1.5	46	-0.630053
5	1.5	47	-0.577068
5	1.5	48	-0.479952
5	1.5	49	-0.474323
5	1.5	50	-0.369947
5	1.5	51	-0.314032
5	1.5	52	-0.295896
5	1.5	53	-0.292509
5	1.5	54	-0.262701
5	1.5	55	-0.232977
5	1.5	56	-0.206564
5	1.5	57	-0.198048
5	1.5	58	-0.173627
5	1.5	59	-0.152825
5	1.5	60	-0.105743
5	1.5	61	-0.00361044
5	1.5	62	0.113197
5	1.5	63	0.127594
5	1.5	64	0.154634
5	1.5	65	0.174696
5	1.5	66	0.179239
5	1.5	67	0.196877
5	1.5	68	0.249862
5	1.5	69	0.255678
5	1.5	70	0.261852
5	1.5	71	0.324664
5	1.5	72	0.368658
5	1.5	73	0.531035
5	1.5	74	0.571665
5	1.5	75	0.598185
5	1.5	76	0.609187
5	1.5	77	0.652297
5	1.5	78	0.727265
5	1.5	79	0.751996
5	1.5	80	0.875184
5	1.5	81	1.00163
5	1.5	82	1.06585
5	1.5	83	1.09038
5	1.5	84	1.20971
5	1.5	85	1.2598
5	1.5	86	1.49917
5	1.5	87	1.57505
5	1.5	88	1.73186
5	1.5	89	1.97238
5	2.5	0	-1.87936
5	2.5	1	-1.5452
5	2.5	2	-1.07461
5	2.5	3	-0.577068
5	2.5	4	-0.173627
5	2.5	5	0.249862
6	-3	0	-1
6	-2	0	-2.75904
6	-2	1	-2.42738
6	-2	2	-2.42456
6	-2	3	-2.09717
6	-2	4	-1.96154
6	-2	5	-1.95397
6	-2	6	-1.66353
6	-2	7	-1.61981
6	-2	8	-1.47647
6	-2	9	-1.45643
6	-2	10	-1.31722
6	-2	11	-1.13862
6	-2	12	-1.12227
6	-2	13	-1.06636
6	-2	14	-1.05298
6	-2	15	-1
6	-2	16	-0.718827
6	-2	17	-0.70975
6	-2	18	-0.651677
6	-2	19	-0.64261
6	-2	20	-0.629496
6	-2	21	-0.550562
6	-2	22	-0.295338
6	-2	23	-0.256617
6	-2	24	-0.248236
6	-2	25	-0.180706
6	-2	26	-0.0970649
6	-2	27	0.175254
6	-2	28	0.240154
6	-2	29	0.249305
6	-2	30	0.394359
6	-2	31	0.653433
6	-2	32	0.672794
6	-2	33	0.868841
6	-2	34	1.07624
6	-2	35	1.18786
6	-1	0	-3.85876
6	-1	1	-3.42497
6	-1	2	-3.38421
6	-1	3	-3.08325
6	-1	4	-3.07593
6	-1	5	-3.07374
6	-1	6	-2.90633
6	-1	7	-2.89346
6	-1	8	-2.75904
6	-1	9	-2.72673
6	-1	10	-2.72169
6	-1	11	-2.58736
6	-1	12	-2.57318
6	-1	13	-2.49005
6	-1	14	-2.47538
6	-1	15	-2.42738
6	-1	16	-2.42509
6	-1	17	-2.42456
6	-1	18	-2.37829
6	-1	19	-2.36205
6	-1	20	-2.23323
6	-1	21	-2.22078
6	-1	22	-2.1698
6	-1	23	-2.14571
6	-1	24	-2.09811
6	-1	25	-2.09717
6	-1	26	-2.08042
6	-1	27	-2.07624
6	-1	28	-2.04292
6	-1	29	-2.02308
6	-1	30	-2.0175
6	-1	31	-1.98695
6	-1	32	-1.96154
6	-1	33	-1.95397
6	-1	34	-1.94534
6	-1	35	-1.85709
6	-1	36	-1.85303
6	-1	37	-1.78379
6	-1	38	-1.73983
6	-1	39	-1.73202
6	-1	40	-1.71434
6	-1	41	-1.70102
6	-1	42	-1.67279
6	-1	43	-1.66854
6	-1	44	-1.66353
6	-1	45	-1.66091
6	-1	46	-1.64886
6	-1	47	-1.62193
6	-1	48	-1.61981
6	-1	49	-1.59141
6	-1	50	-1.56299
6	-1	51	-1.54471
6	-1	52	-1.53802
6	-1	53	-1.53277
6	-1	54	-1.52199
6	-1	55	-1.47647
6	-1	56	-1.45643
6	-1	57	-1.38194
6	-1	58	-1.3665
6	-1	59	-1.3653
6	-1	60	-1.35381
6	-1	61	-1.34872
6	-1	62	-1.33508
6	-1	63	-1.31722
6	-1	64	-1.30656
6	-1	65	-1.2493
6	-1	66	-1.21699
6	-1	67	-1.21588
6	-1	68	-1.20062
6	-1	69	-1.18094
6	-1	70	-1.1788
6	-1	71	-1.17525
6	-1	72	-1.17355
6	-1	73	-1.14278
6	-1	74	-1.13862
6	-1	75	-1.12342
6	-1	76	-1.12227
6	-1	77	-1.10328
6	-1	78	-1.08074
6	-1	79	-1.07297
6	-1	80	-1.06636
6	-1	81	-1.05298
6	-1	82	-1.03953
6	-1	83	-1
6	-1	84	-0.997618
6	-1	85	-0.989577
6	-1	86	-0.985336
6	-1	87	-0.962332
6	-1	88	-0.884497
6	-1	89	-0.873314
6	-1	90	-0.867303
6	-1	91	-0.850994
6	-1	92	-0.828901
6	-1	93	-0.780585
6	-1	94	-0.780113
6	-1	95	-0.77184
6	-1	96	-0.751764
6	-1	97	-0.731817
6	-1	98	-0.728183
6	-1	99	-0.723159
6	-1	100	-0.718827
6	-1	101	-0.70975
6	-1	102	-0.704662
6	-1	103	-0.700314
6	-1	104	-0.684508
6	-1	105	-0.683107
6	-1	106	-0.651677
6	-1	107	-0.65158
6	-1	108	-0.64261
6	-1	109	-0.629496
6	-1	110	-0.625421
6	-1	111	-0.616896
6	-1	112	-0.598836
6	-1	113	-0.550562
6	-1	114	-0.546388
6	-1	115	-0.511168
6	-1	116	-0.507163
6	-1	117	-0.492837
6	-1	118	-0.464216
6	-1	119	-0.425948
6	-1	120	-0.383104
6	-1	121	-0.374579
6	-1	122	-0.373229
6	-1	123	-0.370504
6	-1	124	-0.348323
6	-1	125	-0.316893
6	-1	126	-0.310178
6	-1	127	-0.306957
6	-1	128	-0.299686
6	-1	129	-0.295338
6	-1	130	-0.281173
6	-1	131	-0.271817
6	-1	132	-0.268183
6	-1	133	-0.257832
6	-1	134	-0.256617
6	-1	135	-0.248236
6	-1	136	-0.22816
6	-1	137	-0.219887
6	-1	138	-0.202432
6	-1	139	-0.180706
6	-1	140	-0.165783
6	-1	141	-0.149006
6	-1	142	-0.129963
6	-1	143	-0.126686
6	-1	144	-0.0970649
6	-1	145	-0.0782573
6	-1	146	-0.0202425
6	-1	147	-0.0146636
6	-1	148	-0.00238155
6	-1	149	0.0324666
6	-1	150	0.0395275
6	-1	151	0.0498505
6	-1	152	0.052985
6	-1	153	0.0807444
6	-1	154	0.122269
6	-1	155	0.142776
6	-1	156	0.142923
6	-1	157	0.173553
6	-1	158	0.175254
6	-1	159	0.175803
6	-1	160	0.178799
6	-1	161	0.184117
6	-1	162	0.200621
6	-1	163	0.216994
6	-1	164	0.240154
6	-1	165	0.249305
6	-1	166	0.258497
6	-1	167	0.313655
6	-1	168	0.335078
6	-1	169	0.353812
6	-1	170	0.354443
6	-1	171	0.378893
6	-1	172	0.381942
6	-1	173	0.394359
6	-1	174	0.43237
6	-1	175	0.456426
6	-1	176	0.519257
6	-1	177	0.521995
6	-1	178	0.538021
6	-1	179	0.562992
6	-1	180	0.619809
6	-1	181	0.619816
6	-1	182	0.621932
6	-1	183	0.653433
6	-1	184	0.660908
6	-1	185	0.670116
6	-1	186	0.672794
6	-1	187	0.701022
6	-1	188	0.708802
6	-1	189	0.714339
6	-1	190	0.739834
6	-1	191	0.748375
6	-1	192	0.810856
6	-1	193	0.857091
6	-1	194	0.863057
6	-1	195	0.868841
6	-1	196	0.953967
6	-1	197	0.986955
6	-1	198	1.02308
6	-1	199	1.0416
6	-1	200	1.07624
6	-1	201	1.08042
6	-1	202	1.09811
6	-1	203	1.10073
6	-1	204	1.12612
6	-1	205	1.14571
6	-1	206	1.18786
6	-1	207	1.22078
6	-1	208	1.24991
6	-1	209	1.37522
6	-1	210	1.42456
6	-1	211	1.42509
6	-1	212	1.49005
6	-1	213	1.50581
6	-1	214	1.5595
6	-1	215	1.57318
6	-1	216	1.6659
6	-1	217	1.72169
6	-1	218	1.76728
6	-1	219	1.89346
6	-1	220	2.05156
6	-1	221	2.07374
6	-1	222	2.16568
6	-1	223	2.38421
6	-1	224	2.61778
6	0	0	-4.13824
6	0	1	-3.85876
6	0	2	-3.61778
6	0	3	-3.46859
6	0	4	-3.42497
6	0	5	-3.38421
6	0	6	-3.16568
6	0	7	-3.14175
6	0	8	-3.08325
6	0	9	-3.07593
6	0	10	-3.07374
6	0	11	-3.05745
6	0	12	-3.05156
6	0	13	-2.90633
6	0	14	-2.89346
6	0	15	-2.76728
6	0	16	-2.75904
6	0	17	-2.74077
6	0	18	-2.72673
6	0	19	-2.72169
6	0	20	-2.6659
6	0	21	-2.64765
6	0	22	-2.58736
6	0	23	-2.58199
6	0	24	-2.57318
6	0	25	-2.5595
6	0	26	-2.50581
6	0	27	-2.49005
6	0	28	-2.47538
6	0	29	-2.42738
6	0	30	-2.42509
6	0	31	-2.42456
6	0	32	-2.39704
6	0	33	-2.37829
6	0	34	-2.37522
6	0	35	-2.36205
6	0	36	-2.24991
6	0	37	-2.24211
6	0	38	-2.23323
6	0	39	-2.22078
6	0	40	-2.19934
6	0	41	-2.18786
6	0	42	-2.1698
6	0	43	-2.14571
6	0	44	-2.12612
6	0	45	-2.11868
6	0	46	-2.10073
6	0	47	-2.09811
6	0	48	-2.09717
6	0	49	-2.08042
6	0	50	-2.07624
6	0	51	-2.04292
6	0	52	-2.0416
6	0	53	-2.02308
6	0	54	-2.0175
6	0	55	-2.00564
6	0	56	-1.98695
6	0	57	-1.96154
6	0	58	-1.95397
6	0	59	-1.94534
6	0	60	-1.90065
6	0	61	-1.87164
6	0	62	-1.86884
6	0	63	-1.86306
6	0	64	-1.85709
6	0	65	-1.85303
6	0	66	-1.81086
6	0	67	-1.78379
6	0	68	-1.75336
6	0	69	-1.74838
6	0	70	-1.73983
6	0	71	-1.73202
6	0	72	-1.71434
6	0	73	-1.7088
6	0	74	-1.70324
6	0	75	-1.70102
6	0	76	-1.67279
6	0	77	-1.67012
6	0	78	-1.66854
6	0	79	-1.66353
6	0	80	-1.66091
6	0	81	-1.65343
6	0	82	-1.64886
6	0	83	-1.62391
6	0	84	-1.62193
6	0	85	-1.61982
6	0	86	-1.61981
6	0	87	-1.59141
6	0	88	-1.56299
6	0	89	-1.54878
6	0	90	-1.54471
6	0	91	-1.53802
6	0	92	-1.53277
6	0	93	-1.52199
6	0	94	-1.51926
6	0	95	-1.47647
6	0	96	-1.45643
6	0	97	-1.4334
6	0	98	-1.43237
6	0	99	-1.42148
6	0	100	-1.39436
6	0	101	-1.38194
6	0	102	-1.37889
6	0	103	-1.3665
6	0	104	-1.3653
6	0	105	-1.35444
6	0	106	-1.35381
6	0	107	-1.34872
6	0	108	-1.34806
6	0	109	-1.33508
6	0	110	-1.31722
6	0	111	-1.31366
6	0	112	-1.30656
6	0	113	-1.303
6	0	114	-1.27781
6	0	115	-1.2585
6	0	116	-1.2493
6	0	117	-1.24015
6	0	118	-1.21699
6	0	119	-1.21588
6	0	120	-1.20062
6	0	121	-1.18412
6	0	122	-1.18094
6	0	123	-1.1788
6	0	124	-1.1758
6	0	125	-1.17525
6	0	126	-1.17355
6	0	127	-1.15003
6	0	128	-1.14292
6	0	129	-1.14278
6	0	130	-1.13862
6	0	131	-1.12342
6	0	132	-1.12227
6	0	133	-1.10328
6	0	134	-1.08074
6	0	135	-1.07297
6	0	136	-1.06636
6	0	137	-1.05298
6	0	138	-1.05283
6	0	139	-1.04985
6	0	140	-1.044
6	0	141	-1.03953
6	0	142	-1.03247
6	0	143	-1.01753
6	0	144	-1
6	0	145	-0.997618
6	0	146	-0.989577
6	0	147	-0.985336
6	0	148	-0.979758
6	0	149	-0.962332
6	0	150	-0.93807
6	0	151	-0.923588
6	0	152	-0.921743
6	0	153	-0.902935
6	0	154	-0.884497
6	0	155	-0.873314
6	0	156	-0.870037
6	0	157	-0.867303
6	0	158	-0.850994
6	0	159	-0.834217
6	0	160	-0.828901
6	0	161	-0.819294
6	0	162	-0.797568
6	0	163	-0.787997
6	0	164	-0.780585
6	0	165	-0.780113
6	0	166	-0.77184
6	0	167	-0.751764
6	0	168	-0.744941
6	0	169	-0.743383
6	0	170	-0.742168
6	0	171	-0.731817
6	0	172	-0.728183
6	0	173	-0.724978
6	0	174	-0.723159
6	0	175	-0.718827
6	0	176	-0.70975
6	0	177	-0.704662
6	0	178	-0.700314
6	0	179	-0.693043
6	0	180	-0.689822
6	0	181	-0.684508
6	0	182	-0.683107
6	0	183	-0.651677
6	0	184	-0.65158
6	0	185	-0.645588
6	0	186	-0.64261
6	0	187	-0.629496
6	0	188	-0.626771
6	0	189	-0.625421
6	0	190	-0.616896
6	0	191	-0.60929
6	0	192	-0.598836
6	0	193	-0.574052
6	0	194	-0.550562
6	0	195	-0.546388
6	0	196	-0.535784
6	0	197	-0.514615
6	0	198	-0.511168
6	0	199	-0.507163
6	0	200	-0.492837
6	0	201	-0.488832
6	0	202	-0.485385
6	0	203	-0.464216
6	0	204	-0.453612
6	0	205	-0.449438
6	0	206	-0.425948
6	0	207	-0.401164
6	0	208	-0.39071
6	0	209	-0.383104
6	0	210	-0.374579
6	0	211	-0.373229
6	0	212	-0.370504
6	0	213	-0.35739
6	0	214	-0.354412
6	0	215	-0.34842
6	0	216	-0.348323
6	0	217	-0.316893
6	0	218	-0.315492
6	0	219	-0.310178
6	0	220	-0.306957
6	0	221	-0.299686
6	0	222	-0.295338
6	0	223	-0.29025
6	0	224	-0.281173
6	0	225	-0.276841
6	0	226	-0.275022
6	0	227	-0.271817
6	0	228	-0.268183
6	0	229	-0.257832
6	0	230	-0.256617
6	0	231	-0.255059
6	0	232	-0.248236
6	0	233	-0.22816
6	0	234	-0.219887
6	0	235	-0.219415
6	0	236	-0.212003
6	0	237	-0.202432
6	0	238	-0.180706
6	0	239	-0.171099
6	0	240	-0.165783
6	0	241	-0.149006
6	0	242	-0.132697
6	0	243	-0.129963
6	0	244	-0.126686
6	0	245	-0.115503
6	0	246	-0.0970649
6	0	247	-0.0782573
6	0	248	-0.0764122
6	0	249	-0.0619303
6	0	250	-0.0376684
6	0	251	-0.0202425
6	0	252	-0.0146636
6	0	253	-0.0104231
6	0	254	-0.00238155
6	0	255	5.78929e-16
6	0	256	0.0175314
6	0	257	0.0324666
6	0	258	0.0395275
6	0	259	0.0440041
6	0	260	0.0498505
6	0	261	0.0528273
6	0	262	0.052985
6	0	263	0.0663605
6	0	264	0.0729712
6	0	265	0.0807444
6	0	266	0.103278
6	0	267	0.122269
6	0	268	0.12342
6	0	269	0.138616
6	0	270	0.142776
6	0	271	0.142923
6	0	272	0.150028
6	0	273	0.173553
6	0	274	0.175254
6	0	275	0.175803
6	0	276	0.178799
6	0	277	0.180941
6	0	278	0.184117
6	0	279	0.200621
6	0	280	0.215875
6	0	281	0.216994
6	0	282	0.240154
6	0	283	0.249305
6	0	284	0.258497
6	0	285	0.277812
6	0	286	0.303
6	0	287	0.306557
6	0	288	0.313655
6	0	289	0.317225
6	0	290	0.335078
6	0	291	0.348059
6	0	292	0.348724
6	0	293	0.353812
6	0	294	0.354443
6	0	295	0.3653
6	0	296	0.366502
6	0	297	0.378893
6	0	298	0.381942
6	0	299	0.394359
6	0	300	0.421483
6	0	301	0.43237
6	0	302	0.433396
6	0	303	0.456426
6	0	304	0.476466
6	0	305	0.519257
6	0	306	0.521995
6	0	307	0.532768
6	0	308	0.538021
6	0	309	0.544707
6	0	310	0.548782
6	0	311	0.562992
6	0	312	0.591409
6	0	313	0.619809
6	0	314	0.619816
6	0	315	0.621932
6	0	316	0.623909
6	0	317	0.648862
6	0	318	0.653433
6	0	319	0.660908
6	0	320	0.663529
6	0	321	0.668536
6	0	322	0.670116
6	0	323	0.672794
6	0	324	0.701022
6	0	325	0.703244
6	0	326	0.708802
6	0	327	0.714339
6	0	328	0.732019
6	0	329	0.739834
6	0	330	0.748375
6	0	331	0.753361
6	0	332	0.783792
6	0	333	0.810856
6	0	334	0.85303
6	0	335	0.857091
6	0	336	0.863057
6	0	337	0.868841
6	0	338	0.871641
6	0	339	0.900651
6	0	340	0.945338
6	0	341	0.953967
6	0	342	0.961537
6	0	343	0.986955
6	0	344	1.00564
6	0	345	1.0175
6	0	346	1.02308
6	0	347	1.0416
6	0	348	1.04292
6	0	349	1.07624
6	0	350	1.08042
6	0	351	1.09717
6	0	352	1.09811
6	0	353	1.10073
6	0	354	1.11868
6	0	355	1.12612
6	0	356	1.14571
6	0	357	1.1698
6	0	358	1.18786
6	0	359	1.19934
6	0	360	1.22078
6	0	361	1.23323
6	0	362	1.24211
6	0	363	1.24991
6	0	364	1.36205
6	0	365	1.37522
6	0	366	1.37829
6	0	367	1.39704
6	0	368	1.42456
6	0	369	1.42509
6	0	370	1.42738
6	0	371	1.47538
6	0	372	1.49005
6	0	373	1.50581
6	0	374	1.5595
6	0	375	1.57318
6	0	376	1.58199
6	0	377	1.58736
6	0	378	1.64765
6	0	379	1.6659
6	0	380	1.72169
6	0	381	1.72673
6	0	382	1.74077
6	0	383	1.75904
6	0	384	1.76728
6	0	385	1.89346
6	0	386	1.90633
6	0	387	2.05156
6	0	388	2.05745
6	0	389	2.07374
6	0	390	2.07593
6	0	391	2.08325
6	0	392	2.14175
6	0	393	2.16568
6	0	394	2.38421
6	0	395	2.42497
6	0	396	2.46859
6	0	397	2.61778
6	0	398	2.85876
6	0	399	3.13824
6	1	0	-3.85876
6	1	1	-3.42497
6	1	2	-3.38421
6	1	3	-3.08325
6	1	4	-3.07593
6	1	5	-3.07374
6	1	6	-2.90633
6	1	7	-2.89346
6	1	8	-2.75904
6	1	9	-2.72673
6	1	10	-2.72169
6	1	11	-2.58736
6	1	12	-2.57318
6	1	13	-2.49005
6	1	14	-2.47538
6	1	15	-2.42738
6	1	16	-2.42509
6	1	17	-2.42456
6	1	18	-2.37829
6	1	19	-2.36205
6	1	20	-2.23323
6	1	21	-2.22078
6	1	22	-2.1698
6	1	23	-2.14571
6	1	24	-2.09811
6	1	25	-2.09717
6	1	26	-2.08042
6	1	27	-2.07624
6	1	28	-2.04292
6	1	29	-2.02308
6	1	30	-2.0175
6	1	31	-1.98695
6	1	32	-1.96154
6	1	33	-1.95397
6	1	34	-1.94534
6	1	35	-1.85709
6	1	36	-1.85303
6	1	37	-1.78379
6	1	38	-1.73983
6	1	39	-1.73202
6	1	40	-1.71434
6	1	41	-1.70102
6	1	42	-1.67279
6	1	43	-1.66854
6	1	44	-1.66353
6	1	45	-1.66091
6	1	46	-1.64886
6	1	47	-1.62193
6	1	48	-1.61981
6	1	49	-1.59141
6	1	50	-1.56299
6	1	51	-1.54471
6	1	52	-1.53802
6	1	53	-1.53277
6	1	54	-1.52199
6	1	55	-1.47647
6	1	56	-1.45643
6	1	57	-1.38194
6	1	58	-1.3665
6	1	59	-1.3653
6	1	60	-1.35381
6	1	61	-1.34872
6	1	62	-1.33508
6	1	63	-1.31722
6	1	64	-1.30656
6	1	65	-1.2493
6	1	66	-1.21699
6	1	67	-1.21588
6	1	68	-1.20062
6	1	69	-1.18094
6	1	70	-1.1788
6	1	71	-1.17525
6	1	72	-1.17355
6	1	73	-1.14278
6	1	74	-1.13862
6	1	75	-1.12342
6	1	76	-1.12227
6	1	77	-1.10328
6	1	78	-1.08074
6	1	79	-1.07297
6	1	80	-1.06636
6	1	81	-1.05298
6	1	82	-1.03953
6	1	83	-1
6	1	84	-0.997618
6	1	85	-0.989577
6	1	86	-0.985336
6	1	87	-0.962332
6	1	88	-0.884497
6	1	89	-0.873314
6	1	90	-0.867303
6	1	91	-0.850994
6	1	92	-0.828901
6	1	93	-0.780585
6	1	94	-0.780113
6	1	95	-0.77184
6	1	96	-0.751764
6	1	97	-0.731817
6	1	98	-0.728183
6	1	99	-0.723159
6	1	100	-0.718827
6	1	101	-0.70975
6	1	102	-0.704662
6	1	103	-0.700314
6	1	104	-0.684508
6	1	105	-0.683107
6	1	106	-0.651677
6	1	107	-0.65158
6	1	108	-0.64261
6	1	109	-0.629496
6	1	110	-0.625421
6	1	111	-0.616896
6	1	112	-0.598836
6	1	113	-0.550562
6	1	114	-0.546388
6	1	115	-0.511168
6	1	116	-0.507163
6	1	117	-0.492837
6	1	118	-0.464216
6	1	119	-0.425948
6	1	120	-0.383104
6	1	121	-0.374579
6	1	122	-0.373229
6	1	123	-0.370504
6	1	124	-0.348323
6	1	125	-0.316893
6	1	126	-0.310178
6	1	127	-0.306957
6	1	128	-0.299686
6	1	129	-0.295338
6	1	130	-0.281173
6	1	131	-0.271817
6	1	132	-0.268183
6	1	133	-0.257832
6	1	134	-0.256617
6	1	135	-0.248236
6	1	136	-0.22816
6	1	137	-0.219887
6	1	138	-0.202432
6	1	139	-0.180706
6	1	140	-0.165783
6	1	141	-0.149006
6	1	142	-0.129963
6	1	143	-0.126686
6	1	144	-0.0970649
6	1	145	-0.0782573
6	1	146	-0.0202425
6	1	147	-0.0146636
6	1	148	-0.00238155
6	1	149	0.0324666
6	1	150	0.0395275
6	1	151	0.0498505
6	1	152	0.052985
6	1	153	0.0807444
6	1	154	0.122269
6	1	155	0.142776
6	1	156	0.142923
6	1	157	0.173553
6	1	158	0.175254
6	1	159	0.175803
6	1	160	0.178799
6	1	161	0.184117
6	1	162	0.200621
6	1	163	0.216994
6	1	164	0.240154
6	1	165	0.249305
6	1	166	0.258497
6	1	167	0.313655
6	1	168	0.335078
6	1	169	0.353812
6	1	170	0.354443
6	1	171	0.378893
6	1	172	0.381942
6	1	173	0.394359
6	1	174	0.43237
6	1	175	0.456426
6	1	176	0.519257
6	1	177	0.521995
6	1	178	0.538021
6	1	179	0.562992
6	1	180	0.619809
6	1	181	0.619816
6	1	182	0.621932
6	1	183	0.653433
6	1	184	0.660908
6	1	185	0.670116
6	1	186	0.672794
6	1	187	0.701022
6	1	188	0.708802
6	1	189	0.714339
6	1	190	0.739834
6	1	191	0.748375
6	1	192	0.810856
6	1	193	0.857091
6	1	194	0.863057
6	1	195	0.868841
6	1	196	0.953967
6	1	197	0.986955
6	1	198	1.02308
6	1	199	1.0416
6	1	200	1.07624
6	1	201	1.08042
6	1	202	1.09811
6	1	203	1.10073
6	1	204	1.12612
6	1	205	1.14571
6	1	206	1.18786
6	1	207	1.22078
6	1	208	1.24991
6	1	209	1.37522
6	1	210	1.42456
6	1	211	1.42509
6	1	212	1.49005
6	1	213	1.50581
6	1	214	1.5595
6	1	215	1.57318
6	1	216	1.6659
6	1	217	1.72169
6	1	218	1.76728
6	1	219	1.89346
6	1	220	2.05156
6	1	221	2.07374
6	1	222	2.16568
6	1	223	2.38421
6	1	224	2.61778
6	2	0	-2.75904
6	2	1	-2.42738
6	2	2	-2.42456
6	2	3	-2.09717
6	2	4	-1.96154
6	2	5	-1.95397
6	2	6	-1.66353
6	2	7	-1.61981
6	2	8	-1.47647
6	2	9	-1.45643
6	2	10	-1.31722
6	2	11	-1.13862
6	2	12	-1.12227
6	2	13	-1.06636
6	2	14	-1.05298
6	2	15	-1
6	2	16	-0.718827
6	2	17	-0.70975
6	2	18	-0.651677
6	2	19	-0.64261
6	2	20	-0.629496
6	2	21	-0.550562
6	2	22	-0.295338
6	2	23	-0.256617
6	2	24	-0.248236
6	2	25	-0.180706
6	2	26	-0.0970649
6	2	27	0.175254
6	2	28	0.240154
6	2	29	0.249305
6	2	30	0.394359
6	2	31	0.653433
6	2	32	0.672794
6	2	33	0.868841
6	2	34	1.07624
6	2	35	1.18786
6	3	0	-1
7	-2.5	0	-1.87936
7	-2.5	1	-1.5452
7	-2.5	2	-1.07461
7	-2.5	3	-0.577068
7	-2.5	4	-0.173627
7	-2.5	5	0.249862
7	-1.5	0	-3.30566
7	-1.5	1	-2.97779
7	-1.5	2	-2.83745
7	-1.5	3	-2.54413
7	-1.5	4	-2.50706
7	-1.5	5	-2.49917
7	-1.5	6	-2.34645
7	-1.5	7	-2.19845
7	-1.5	8	-2.19261
7	-1.5	9	-2.02595
7	-1.5	10	-2.01576
7	-1.5	11	-2.00163
7	-1.5	12	-1.94025
7	-1.5	13	-1.87936
7	-1.5	14	-1.84324
7	-1.5	15	-1.69253
7	-1.5	16	-1.6162
7	-1.5	17	-1.59819
7	-1.5	18	-1.59076
7	-1.5	19	-1.55266
7	-1.5	20	-1.5452
7	-1.5	21	-1.53103
7	-1.5	22	-1.52089
7	-1.5	23	-1.45015
7	-1.5	24	-1.3441
7	-1.5	25	-1.26545
7	-1.5	26	-1.20399
7	-1.5	27	-1.19688
7	-1.5	28	-1.1747
7	-1.5	29	-1.14918
7	-1.5	30	-1.14151
7	-1.5	31	-1.12759
7	-1.5	32	-1.09779
7	-1.5	33	-1.07461
7	-1.5	34	-1.05899
7	-1.5	35	-0.975687
7	-1.5	36	-0.861163
7	-1.5	37	-0.832029
7	-1.5	38	-0.793436
7	-1.5	39	-0.782325
7	-1.5	40	-0.739758
7	-1.5	41	-0.704104
7	-1.5	42	-0.683167
7	-1.5	43	-0.659853
7	-1.5	44	-0.647575
7	-1.5	45	-0.633258
7	-1.5	46	-0.630053
7	-1.5	47	-0.577068
7	-1.5	48	-0.479952
7	-1.5	49	-0.474323
7	-1.5	50	-0.369947
7	-1.5	51	-0.314032
7	-1.5	52	-0.295896
7	-1.5	53	-0.292509
7	-1.5	54	-0.262701
7	-1.5	55	-0.232977
7	-1.5	56	-0.206564
7	-1.5	57	-0.198048
7	-1.5	58	-0.173627
7	-1.5	59	-0.152825
7	-1.5	60	-0.105743
7	-1.5	61	-0.00361044
7	-1.5	62	0.113197
7	-1.5	63	0.127594
7	-1.5	64	0.154634
7	-1.5	65	0.174696
7	-1.5	66	0.179239
7	-1.5	67	0.196877
7	-1.5	68	0.249862
7	-1.5	69	0.255678
7	-1.5	70	0.261852
7	-1.5	71	0.324664
7	-1.5	72	0.368658
7	-1.5	73	0.531035
7	-1.5	74	0.571665
7	-1.5	75	0.598185
7	-1.5	76	0.609187
7	-1.5	77	0.652297
7	-1.5	78	0.727265
7	-1.5	79	0.751996
7	-1.5	80	0.875184
7	-1.5	81	1.00163
7	-1.5	82	1.06585
7	-1.5	83	1.09038
7	-1.5	84	1.20971
7	-1.5	85	1.2598
7	-1.5	86	1.49917
7	-1.5	87	1.57505
7	-1.5	88	1.73186
7	-1.5	89	1.97238
7	-0.5	0	-3.95791
7	-0.5	1	-3.60317
7	-0.5	2	-3.46155
7	-0.5	3	-3.30566
7	-0.5	4	-3.25778
7	-0.5	5	-3.10386
7	-0.5	6	-3.03969
7	-0.5	7	-2.97779
7	-0.5	8	-2.97238
7	-0.5	9	-2.91415
7	-0.5	10	-2.83745
7	-0.5	11	-2.74724
7	-0.5	12	-2.73186
7	-0.5	13	-2.64805
7	-0.5	14	-2.60908
7	-0.5	15	-2.57505
7	-0.5	16	-2.5601
7	-0.5	17	-2.54413
7	-0.5	18	-2.53414
7	-0.5	19	-2.50706
7	-0.5	20	-2.49917
7	-0.5	21	-2.47538
7	-0.5	22	-2.43506
7	-0.5	23	-2.34645
7	-0.5	24	-2.29951
7	-0.5	25	-2.2598
7	-0.5	26	-2.24935
7	-0.5	27	-2.23842
7	-0.5	28	-2.20971
7	-0.5	29	-2.19845
7	-0.5	30	-2.19261
7	-0.5	31	-2.18842
7	-0.5	32	-2.1693
7	-0.5	33	-2.09231
7	-0.5	34	-2.09038
7	-0.5	35	-2.06585
7	-0.5	36	-2.0643
7	-0.5	37	-2.02595
7	-0.5	38	-2.01576
7	-0.5	39	-2.00163
7	-0.5	40	-1.99155
7	-0.5	41	-1.95731
7	-0.5	42	-1.94025
7	-0.5	43	-1.89385
7	-0.5	44	-1.87936
7	-0.5	45	-1.87518
7	-0.5	46	-1.86785
7	-0.5	47	-1.84582
7	-0.5	48	-1.84324
7	-0.5	49	-1.80241
7	-0.5	50	-1.75847
7	-0.5	51	-1.752
7	-0.5	52	-1.72726
7	-0.5	53	-1.70931
7	-0.5	54	-1.69253
7	-0.5	55	-1.67383
7	-0.5	56	-1.6691
7	-0.5	57	-1.6523
7	-0.5	58	-1.62473
7	-0.5	59	-1.6162
7	-0.5	60	-1.60919
7	-0.5	61	-1.60603
7	-0.5	62	-1.59819
7	-0.5	63	-1.59076
7	-0.5	64	-1.57166
7	-0.5	65	-1.55266
7	-0.5	66	-1.54914
7	-0.5	67	-1.5452
7	-0.5	68	-1.53103
7	-0.5	69	-1.52222
7	-0.5	70	-1.52089
7	-0.5	71	-1.49453
7	-0.5	72	-1.48499
7	-0.5	73	-1.45015
7	-0.5	74	-1.38696
7	-0.5	75	-1.37218
7	-0.5	76	-1.36866
7	-0.5	77	-1.34916
7	-0.5	78	-1.3441
7	-0.5	79	-1.32466
7	-0.5	80	-1.31568
7	-0.5	81	-1.26545
7	-0.5	82	-1.26185
7	-0.5	83	-1.25944
7	-0.5	84	-1.25568
7	-0.5	85	-1.24986
7	-0.5	86	-1.23662
7	-0.5	87	-1.22085
7	-0.5	88	-1.20399
7	-0.5	89	-1.19743
7	-0.5	90	-1.19688
7	-0.5	91	-1.17924
7	-0.5	92	-1.17571
7	-0.5	93	-1.1747
7	-0.5	94	-1.15738
7	-0.5	95	-1.15463
7	-0.5	96	-1.14918
7	-0.5	97	-1.14151
7	-0.5	98	-1.13013
7	-0.5	99	-1.12759
7	-0.5	100	-1.1132
7	-0.5	101	-1.09779
7	-0.5	102	-1.09119
7	-0.5	103	-1.07461
7	-0.5	104	-1.05899
7	-0.5	105	-1.03108
7	-0.5	106	-1.01514
7	-0.5	107	-0.99639
7	-0.5	108	-0.984065
7	-0.5	109	-0.976207
7	-0.5	110	-0.975687
7	-0.5	111	-0.936191
7	-0.5	112	-0.89978
7	-0.5	113	-0.894257
7	-0.5	114	-0.861163
7	-0.5	115	-0.859666
7	-0.5	116	-0.853002
7	-0.5	117	-0.847175
7	-0.5	118	-0.839885
7	-0.5	119	-0.832029
7	-0.5	120	-0.826373
7	-0.5	121	-0.815175
7	-0.5	122	-0.803152
7	-0.5	123	-0.801952
7	-0.5	124	-0.793436
7	-0.5	125	-0.782325
7	-0.5	126	-0.767023
7	-0.5	127	-0.748875
7	-0.5	128	-0.739758
7	-0.5	129	-0.737299
7	-0.5	130	-0.730659
7	-0.5	131	-0.707491
7	-0.5	132	-0.704936
7	-0.5	133	-0.704104
7	-0.5	134	-0.685968
7	-0.5	135	-0.685081
7	-0.5	136	-0.683167
7	-0.5	137	-0.659853
7	-0.5	138	-0.647575
7	-0.5	139	-0.633671
7	-0.5	140	-0.633258
7	-0.5	141	-0.630053
7	-0.5	142	-0.622849
7	-0.5	143	-0.577068
7	-0.5	144	-0.55761
7	-0.5	145	-0.542184
7	-0.5	146	-0.525677
7	-0.5	147	-0.524406
7	-0.5	148	-0.520048
7	-0.5	149	-0.506143
7	-0.5	150	-0.493857
7	-0.5	151	-0.479952
7	-0.5	152	-0.475594
7	-0.5	153	-0.474323
7	-0.5	154	-0.457816
7	-0.5	155	-0.44239
7	-0.5	156	-0.422932
7	-0.5	157	-0.377151
7	-0.5	158	-0.369947
7	-0.5	159	-0.366742
7	-0.5	160	-0.366329
7	-0.5	161	-0.352425
7	-0.5	162	-0.340147
7	-0.5	163	-0.316833
7	-0.5	164	-0.314919
7	-0.5	165	-0.314032
7	-0.5	166	-0.295896
7	-0.5	167	-0.295064
7	-0.5	168	-0.292509
7	-0.5	169	-0.269341
7	-0.5	170	-0.262701
7	-0.5	171	-0.260242
7	-0.5	172	-0.251125
7	-0.5	173	-0.232977
7	-0.5	174	-0.217675
7	-0.5	175	-0.206564
7	-0.5	176	-0.198048
7	-0.5	177	-0.196848
7	-0.5	178	-0.184825
7	-0.5	179	-0.173627
7	-0.5	180	-0.167971
7	-0.5	181	-0.160115
7	-0.5	182	-0.152825
7	-0.5	183	-0.146998
7	-0.5	184	-0.140334
7	-0.5	185	-0.138837
7	-0.5	186	-0.105743
7	-0.5	187	-0.10022
7	-0.5	188	-0.0638086
7	-0.5	189	-0.0243127
7	-0.5	190	-0.0237933
7	-0.5	191	-0.0159347
7	-0.5	192	-0.00361044
7	-0.5	193	0.0151415
7	-0.5	194	0.0310793
7	-0.5	195	0.0589898
7	-0.5	196	0.0746087
7	-0.5	197	0.0911906
7	-0.5	198	0.0977885
7	-0.5	199	0.113197
7	-0.5	200	0.127594
7	-0.5	201	0.130126
7	-0.5	202	0.141513
7	-0.5	203	0.149185
7	-0.5	204	0.154634
7	-0.5	205	0.157379
7	-0.5	206	0.174696
7	-0.5	207	0.17571
7	-0.5	208	0.179239
7	-0.5	209	0.196877
7	-0.5	210	0.197429
7	-0.5	211	0.203989
7	-0.5	212	0.220846
7	-0.5	213	0.236623
7	-0.5	214	0.249862
7	-0.5	215	0.255678
7	-0.5	216	0.259436
7	-0.5	217	0.261852
7	-0.5	218	0.265454
7	-0.5	219	0.315684
7	-0.5	220	0.324664
7	-0.5	221	0.3441
7	-0.5	222	0.349156
7	-0.5	223	0.368658
7	-0.5	224	0.372176
7	-0.5	225	0.386955
7	-0.5	226	0.450154
7	-0.5	227	0.484989
7	-0.5	228	0.494534
7	-0.5	229	0.520888
7	-0.5	230	0.522218
7	-0.5	231	0.531035
7	-0.5	232	0.5452
7	-0.5	233	0.54914
7	-0.5	234	0.552662
7	-0.5	235	0.571665
7	-0.5	236	0.590755
7	-0.5	237	0.598185
7	-0.5	238	0.606028
7	-0.5	239	0.609187
7	-0.5	240	0.6162
7	-0.5	241	0.624727
7	-0.5	242	0.652297
7	-0.5	243	0.669096
7	-0.5	244	0.673827
7	-0.5	245	0.692532
7	-0.5	246	0.709306
7	-0.5	247	0.727265
7	-0.5	248	0.751996
7	-0.5	249	0.75847
7	-0.5	250	0.802411
7	-0.5	251	0.843238
7	-0.5	252	0.84582
7	-0.5	253	0.86785
7	-0.5	254	0.875184
7	-0.5	255	0.879358
7	-0.5	256	0.893847
7	-0.5	257	0.940247
7	-0.5	258	0.957312
7	-0.5	259	0.991553
7	-0.5	260	1.00163
7	-0.5	261	1.01576
7	-0.5	262	1.02595
7	-0.5	263	1.0643
7	-0.5	264	1.06585
7	-0.5	265	1.09038
7	-0.5	266	1.09231
7	-0.5	267	1.1693
7	-0.5	268	1.18842
7	-0.5	269	1.19261
7	-0.5	270	1.19845
7	-0.5	271	1.20971
7	-0.5	272	1.23842
7	-0.5	273	1.24935
7	-0.5	274	1.2598
7	-0.5	275	1.29951
7	-0.5	276	1.34645
7	-0.5	277	1.43506
7	-0.5	278	1.47538
7	-0.5	279	1.49917
7	-0.5	280	1.50706
7	-0.5	281	1.53414
7	-0.5	282	1.54413
7	-0.5	283	1.5601
7	-0.5	284	1.57505
7	-0.5	285	1.60908
7	-0.5	286	1.64805
7	-0.5	287	1.73186
7	-0.5	288	1.74724
7	-0.5	289	1.83745
7	-0.5	290	1.91415
7	-0.5	291	1.97238
7	-0.5	292	1.97779
7	-0.5	293	2.03969
7	-0.5	294	2.10386
7	-0.5	295	2.25778
7	-0.5	296	2.30566
7	-0.5	297	2.46155
7	-0.5	298	2.60317
7	-0.5	299	2.95791
7	0.5	0	-3.95791
7	0.5	1	-3.60317
7	0.5	2	-3.46155
7	0.5	3	-3.30566
7	0.5	4	-3.25778
7	0.5	5	-3.10386
7	0.5	6	-3.03969
7	0.5	7	-2.97779
7	0.5	8	-2.97238
7	0.5	9	-2.91415
7	0.5	10	-2.83745
7	0.5	11	-2.74724
7	0.5	12	-2.73186
7	0.5	13	-2.64805
7	0.5	14	-2.60908
7	0.5	15	-2.57505
7	0.5	16	-2.5601
7	0.5	17	-2.54413
7	0.5	18	-2.53414
7	0.5	19	-2.50706
7	0.5	20	-2.49917
7	0.5	21	-2.47538
7	0.5	22	-2.43506
7	0.5	23	-2.34645
7	0.5	24	-2.29951
7	0.5	25	-2.2598
7	0.5	26	-2.24935
7	0.5	27	-2.23842
7	0.5	28	-2.20971
7	0.5	29	-2.19845
7	0.5	30	-2.19261
7	0.5	31	-2.18842
7	0.5	32	-2.1693
7	0.5	33	-2.09231
7	0.5	34	-2.09038
7	0.5	35	-2.06585
7	0.5	36	-2.0643
7	0.5	37	-2.02595
7	0.5	38	-2.01576
7	0.5	39	-2.00163
7	0.5	40	-1.99155
7	0.5	41	-1.95731
7	0.5	42	-1.94025
7	0.5	43	-1.89385
7	0.5	44	-1.87936
7	0.5	45	-1.87518
7	0.5	46	-1.86785
7	0.5	47	-1.84582
7	0.5	48	-1.84324
7	0.5	49	-1.80241
7	0.5	50	-1.75847
7	0.5	51	-1.752
7	0.5	52	-1.72726
7	0.5	53	-1.70931
7	0.5	54	-1.69253
7	0.5	55	-1.67383
7	0.5	56	-1.6691
7	0.5	57	-1.6523
7	0.5	58	-1.62473
7	0.5	59	-1.6162
7	0.5	60	-1.60919
7	0.5	61	-1.60603
7	0.5	62	-1.59819
7	0.5	63	-1.59076
7	0.5	64	-1.57166
7	0.5	65	-1.55266
7	0.5	66	-1.54914
7	0.5	67	-1.5452
7	0.5	68	-1.53103
7	0.5	69	-1.52222
7	0.5	70	-1.52089
7	0.5	71	-1.49453
7	0.5	72	-1.48499
7	0.5	73	-1.45015
7	0.5	74	-1.38696
7	0.5	75	-1.37218
7	0.5	76	-1.36866
7	0.5	77	-1.34916
7	0.5	78	-1.3441
7	0.5	79	-1.32466
7	0.5	80	-1.31568
7	0.5	81	-1.26545
7	0.5	82	-1.26185
7	0.5	83	-1.25944
7	0.5	84	-1.25568
7	0.5	85	-1.24986
7	0.5	86	-1.23662
7	0.5	87	-1.22085
7	0.5	88	-1.20399
7	0.5	89	-1.19743
7	0.5	90	-1.19688
7	0.5	91	-1.17924
7	0.5	92	-1.17571
7	0.5	93	-1.1747
7	0.5	94	-1.15738
7	0.5	95	-1.15463
7	0.5	96	-1.14918
7	0.5	97	-1.14151
7	0.5	98	-1.13013
7	0.5	99	-1.12759
7	0.5	100	-1.1132
7	0.5	101	-1.09779
7	0.5	102	-1.09119
7	0.5	103	-1.07461
7	0.5	104	-1.05899
7	0.5	105	-1.03108
7	0.5	106	-1.01514
7	0.5	107	-0.99639
7	0.5	108	-0.984065
7	0.5	109	-0.976207
7	0.5	110	-0.975687
7	0.5	111	-0.936191
7	0.5	112	-0.89978
7	0.5	113	-0.894257
7	0.5	114	-0.861163
7	0.5	115	-0.859666
7	0.5	116	-0.853002
7	0.5	117	-0.847175
7	0.5	118	-0.839885
7	0.5	119	-0.832029
7	0.5	120	-0.826373
7	0.5	121	-0.815175
7	0.5	122	-0.803152
7	0.5	123	-0.801952
7	0.5	124	-0.793436
7	0.5	125	-0.782325
7	0.5	126	-0.767023
7	0.5	127	-0.748875
7	0.5	128	-0.739758
7	0.5	129	-0.737299
7	0.5	130	-0.730659
7	0.5	131	-0.707491
7	0.5	132	-0.704936
7	0.5	133	-0.704104
7	0.5	134	-0.685968
7	0.5	135	-0.685081
7	0.5	136	-0.683167
7	0.5	137	-0.659853
7	0.5	138	-0.647575
7	0.5	139	-0.633671
7	0.5	140	-0.633258
7	0.5	141	-0.630053
7	0.5	142	-0.622849
7	0.5	143	-0.577068
7	0.5	144	-0.55761
7	0.5	145	-0.542184
7	0.5	146	-0.525677
7	0.5	147	-0.524406
7	0.5	148	-0.520048
7	0.5	149	-0.506143
7	0.5	150	-0.493857
7	0.5	151	-0.479952
7	0.5	152	-0.475594
7	0.5	153	-0.474323
7	0.5	154	-0.457816
7	0.5	155	-0.44239
7	0.5	156	-0.422932
7	0.5	157	-0.377151
7	0.5	158	-0.369947
7	0.5	159	-0.366742
7	0.5	160	-0.366329
7	0.5	161	-0.352425
7	0.5	162	-0.340147
7	0.5	163	-0.316833
7	0.5	164	-0.314919
7	0.5	165	-0.314032
7	0.5	166	-0.295896
7	0.5	167	-0.295064
7	0.5	168	-0.292509
7	0.5	169	-0.269341
7	0.5	170	-0.262701
7	0.5	171	-0.260242
7	0.5	172	-0.251125
7	0.5	173	-0.232977
7	0.5	174	-0.217675
7	0.5	175	-0.206564
7	0.5	176	-0.198048
7	0.5	177	-0.196848
7	0.5	178	-0.184825
7	0.5	179	-0.173627
7	0.5	180	-0.167971
7	0.5	181	-0.160115
7	0.5	182	-0.152825
7	0.5	183	-0.146998
7	0.5	184	-0.140334
7	0.5	185	-0.138837
7	0.5	186	-0.105743
7	0.5	187	-0.10022
7	0.5	188	-0.0638086
7	0.5	189	-0.0243127
7	0.5	190	-0.0237933
7	0.5	191	-0.0159347
7	0.5	192	-0.00361044
7	0.5	193	0.0151415
7	0.5	194	0.0310793
7	0.5	195	0.0589898
7	0.5	196	0.0746087
7	0.5	197	0.0911906
7	0.5	198	0.0977885
7	0.5	199	0.113197
7	0.5	200	0.127594
7	0.5	201	0.130126
7	0.5	202	0.141513
7	0.5	203	0.149185
7	0.5	204	0.154634
7	0.5	205	0.157379
7	0.5	206	0.174696
7	0.5	207	0.17571
7	0.5	208	0.179239
7	0.5	209	0.196877
7	0.5	210	0.197429
7	0.5	211	0.203989
7	0.5	212	0.220846
7	0.5	213	0.236623
7	0.5	214	0.249862
7	0.5	215	0.255678
7	0.5	216	0.259436
7	0.5	217	0.261852
7	0.5	218	0.265454
7	0.5	219	0.315684
7	0.5	220	0.324664
7	0.5	221	0.3441
7	0.5	222	0.349156
7	0.5	223	0.368658
7	0.5	224	0.372176
7	0.5	225	0.386955
7	0.5	226	0.450154
7	0.5	227	0.484989
7	0.5	228	0.494534
7	0.5	229	0.520888
7	0.5	230	0.522218
7	0.5	231	0.531035
7	0.5	232	0.5452
7	0.5	233	0.54914
7	0.5	234	0.552662
7	0.5	235	0.571665
7	0.5	236	0.590755
7	0.5	237	0.598185
7	0.5	238	0.606028
7	0.5	239	0.609187
7	0.5	240	0.6162
7	0.5	241	0.624727
7	0.5	242	0.652297
7	0.5	243	0.669096
7	0.5	244	0.673827
7	0.5	245	0.692532
7	0.5	246	0.709306
7	0.5	247	0.727265
7	0.5	248	0.751996
7	0.5	249	0.75847
7	0.5	250	0.802411
7	0.5	251	0.843238
7	0.5	252	0.84582
7	0.5	253	0.86785
7	0.5	254	0.875184
7	0.5	255	0.879358
7	0.5	256	0.893847
7	0.5	257	0.940247
7	0.5	258	0.957312
7	0.5	259	0.991553
7	0.5	260	1.00163
7	0.5	261	1.01576
7	0.5	262	1.02595
7	0.5	263	1.0643
7	0.5	264	1.06585
7	0.5	265	1.09038
7	0.5	266	1.09231
7	0.5	267	1.1693
7	0.5	268	1.18842
7	0.5	269	1.19261
7	0.5	270	1.19845
7	0.5	271	1.20971
7	0.5	272	1.23842
7	0.5	273	1.24935
7	0.5	274	1.2598
7	0.5	275	1.29951
7	0.5	276	1.34645
7	0.5	277	1.43506
7	0.5	278	1.47538
7	0.5	279	1.49917
7	0.5	280	1.50706
7	0.5	281	1.53414
7	0.5	282	1.54413
7	0.5	283	1.5601
7	0.5	284	1.57505
7	0.5	285	1.60908
7	0.5	286	1.64805
7	0.5	287	1.73186
7	0.5	288	1.74724
7	0.5	289	1.83745
7	0.5	290	1.91415
7	0.5	291	1.97238
7	0.5	292	1.97779
7	0.5	293	2.03969
7	0.5	294	2.10386
7	0.5	295	2.25778
7	0.5	296	2.30566
7	0.5	297	2.46155
7	0.5	298	2.60317
7	0.5	299	2.95791
7	1.5	0	-3.30566
7	1.5	1	-2.97779
7	1.5	2	-2.83745
7	1.5	3	-2.54413
7	1.5	4	-2.50706
7	1.5	5	-2.49917
7	1.5	6	-2.34645
7	1.5	7	-2.19845
7	1.5	8	-2.19261
7	1.5	9	-2.02595
7	1.5	10	-2.01576
7	1.5	11	-2.00163
7	1.5	12	-1.94025
7	1.5	13	-1.87936
7	1.5	14	-1.84324
7	1.5	15	-1.69253
7	1.5	16	-1.6162
7	1.5	17	-1.59819
7	1.5	18	-1.59076
7	1.5	19	-1.55266
7	1.5	20	-1.5452
7	1.5	21	-1.53103
7	1.5	22	-1.52089
7	1.5	23	-1.45015
7	1.5	24	-1.3441
7	1.5	25	-1.26545
7	1.5	26	-1.20399
7	1.5	27	-1.19688
7	1.5	28	-1.1747
7	1.5	29	-1.14918
7	1.5	30	-1.14151
7	1.5	31	-1.12759
7	1.5	32	-1.09779
7	1.5	33	-1.07461
7	1.5	34	-1.05899
7	1.5	35	-0.975687
7	1.5	36	-0.861163
7	1.5	37	-0.832029
7	1.5	38	-0.793436
7	1.5	39	-0.782325
7	1.5	40	-0.739758
7	1.5	41	-0.704104
7	1.5	42	-0.683167
7	1.5	43	-0.659853
7	1.5	44	-0.647575
7	1.5	45	-0.633258
7	1.5	46	-0.630053
7	1.5	47	-0.577068
7	1.5	48	-0.479952
7	1.5	49	-0.474323
7	1.5	50	-0.369947
7	1.5	51	-0.314032
7	1.5	52	-0.295896
7	1.5	53	-0.292509
7	1.5	54	-0.262701
7	1.5	55	-0.232977
7	1.5	56	-0.206564
7	1.5	57	-0.198048
7	1.5	58	-0.173627
7	1.5	59	-0.152825
7	1.5	60	-0.105743
7	1.5	61	-0.00361044
7	1.5	62	0.113197
7	1.5	63	0.127594
7	1.5	64	0.154634
7	1.5	65	0.174696
7	1.5	66	0.179239
7	1.5	67	0.196877
7	1.5	68	0.249862
7	1.5	69	0.255678
7	1.5	70	0.261852
7	1.5	71	0.324664
7	1.5	72	0.368658
7	1.5	73	0.531035
7	1.5	74	0.571665
7	1.5	75	0.598185
7	1.5	76	0.609187
7	1.5	77	0.652297
7	1.5	78	0.727265
7	1.5	79	0.751996
7	1.5	80	0.875184
7	1.5	81	1.00163
7	1.5	82	1.06585
7	1.5	83	1.09038
7	1.5	84	1.20971
7	1.5	85	1.2598
7	1.5	86	1.49917
7	1.5	87	1.57505
7	1.5	88	1.73186
7	1.5	89	1.97238
7	2.5	0	-1.87936
7	2.5	1	-1.5452
7	2.5	2	-1.07461
7	2.5	3	-0.577068
7	2.5	4	-0.173627
7	2.5	5	0.249862
8	-2	0	-2.42456
8	-2	1	-1.95397
8	-2	2	-1.61981
8	-2	3	-1.45643
8	-2	4	-1.12227
8	-2	5	-1.05298
8	-2	6	-0.718827
8	-2	7	-0.651677
8	-2	8	-0.629496
8	-2	9	-0.295338
8	-2	10	-0.248236
8	-2	11	0.175254
8	-2	12	0.249305
8	-2	13	0.672794
8	-2	14	1.07624
8	-1	0	-3.38421
8	-1	1	-3.07374
8	-1	2	-2.89346
8	-1	3	-2.72169
8	-1	4	-2.57318
8	-1	5	-2.49005
8	-1	6	-2.42509
8	-1	7	-2.42456
8	-1	8	-2.22078
8	-1	9	-2.14571
8	-1	10	-2.09811
8	-1	11	-2.08042
8	-1	12	-2.07624
8	-1	13	-2.02308
8	-1	14	-1.98695
8	-1	15	-1.95397
8	-1	16	-1.85709
8	-1	17	-1.73983
8	-1	18	-1.71434
8	-1	19	-1.70102
8	-1	20	-1.67279
8	-1	21	-1.66091
8	-1	22	-1.62193
8	-1	23	-1.61981
8	-1	24	-1.56299
8	-1	25	-1.53802
8	-1	26	-1.52199
8	-1	27	-1.45643
8	-1	28	-1.38194
8	-1	29	-1.35381
8	-1	30	-1.33508
8	-1	31	-1.2493
8	-1	32	-1.21699
8	-1	33	-1.20062
8	-1	34	-1.1788
8	-1	35	-1.17525
8	-1	36	-1.17355
8	-1	37	-1.14278
8	-1	38	-1.12227
8	-1	39	-1.08074
8	-1	40	-1.05298
8	-1	41	-1.03953
8	-1	42	-0.997618
8	-1	43	-0.985336
8	-1	44	-0.873314
8	-1	45	-0.850994
8	-1	46	-0.780113
8	-1	47	-0.77184
8	-1	48	-0.751764
8	-1	49	-0.731817
8	-1	50	-0.728183
8	-1	51	-0.718827
8	-1	52	-0.704662
8	-1	53	-0.700314
8	-1	54	-0.683107
8	-1	55	-0.651677
8	-1	56	-0.629496
8	-1	57	-0.625421
8	-1	58	-0.616896
8	-1	59	-0.507163
8	-1	60	-0.492837
8	-1	61	-0.383104
8	-1	62	-0.374579
8	-1	63	-0.370504
8	-1	64	-0.348323
8	-1	65	-0.316893
8	-1	66	-0.299686
8	-1	67	-0.295338
8	-1	68	-0.281173
8	-1	69	-0.271817
8	-1	70	-0.268183
8	-1	71	-0.248236
8	-1	72	-0.22816
8	-1	73	-0.219887
8	-1	74	-0.149006
8	-1	75	-0.126686
8	-1	76	-0.0146636
8	-1	77	-0.00238155
8	-1	78	0.0395275
8	-1	79	0.052985
8	-1	80	0.0807444
8	-1	81	0.122269
8	-1	82	0.142776
8	-1	83	0.173553
8	-1	84	0.175254
8	-1	85	0.178799
8	-1	86	0.200621
8	-1	87	0.216994
8	-1	88	0.249305
8	-1	89	0.335078
8	-1	90	0.353812
8	-1	91	0.381942
8	-1	92	0.456426
8	-1	93	0.521995
8	-1	94	0.538021
8	-1	95	0.562992
8	-1	96	0.619809
8	-1	97	0.621932
8	-1	98	0.660908
8	-1	99	0.672794
8	-1	100	0.701022
8	-1	101	0.714339
8	-1	102	0.739834
8	-1	103	0.857091
8	-1	104	0.953967
8	-1	105	0.986955
8	-1	106	1.02308
8	-1	107	1.07624
8	-1	108	1.08042
8	-1	109	1.09811
8	-1	110	1.14571
8	-1	111	1.22078
8	-1	112	1.42456
8	-1	113	1.42509
8	-1	114	1.49005
8	-1	115	1.57318
8	-1	116	1.72169
8	-1	117	1.89346
8	-1	118	2.07374
8	-1	119	2.38421
8	0	0	-3.61778
8	0	1	-3.38421
8	0	2	-3.16568
8	0	3	-3.07374
8	0	4	-3.05156
8	0	5	-2.89346
8	0	6	-2.76728
8	0	7	-2.72169
8	0	8	-2.6659
8	0	9	-2.57318
8	0	10	-2.5595
8	0	11	-2.50581
8	0	12	-2.49005
8	0	13	-2.42509
8	0	14	-2.42456
8	0	15	-2.37522
8	0	16	-2.24991
8	0	17	-2.22078
8	0	18	-2.18786
8	0	19	-2.14571
8	0	20	-2.12612
8	0	21	-2.10073
8	0	22	-2.09811
8	0	23	-2.08042
8	0	24	-2.07624
8	0	25	-2.0416
8	0	26	-2.02308
8	0	27	-1.98695
8	0	28	-1.95397
8	0	29	-1.86884
8	0	30	-1.86306
8	0	31	-1.85709
8	0	32	-1.81086
8	0	33	-1.74838
8	0	34	-1.73983
8	0	35	-1.71434
8	0	36	-1.7088
8	0	37	-1.70102
8	0	38	-1.67279
8	0	39	-1.67012
8	0	40	-1.66091
8	0	41	-1.65343
8	0	42	-1.62193
8	0	43	-1.61982
8	0	44	-1.61981
8	0	45	-1.56299
8	0	46	-1.53802
8	0	47	-1.52199
8	0	48	-1.51926
8	0	49	-1.45643
8	0	50	-1.43237
8	0	51	-1.39436
8	0	52	-1.38194
8	0	53	-1.37889
8	0	54	-1.35444
8	0	55	-1.35381
8	0	56	-1.33508
8	0	57	-1.31366
8	0	58	-1.2585
8	0	59	-1.2493
8	0	60	-1.24015
8	0	61	-1.21699
8	0	62	-1.20062
8	0	63	-1.18412
8	0	64	-1.1788
8	0	65	-1.1758
8	0	66	-1.17525
8	0	67	-1.17355
8	0	68	-1.14292
8	0	69	-1.14278
8	0	70	-1.12227
8	0	71	-1.08074
8	0	72	-1.05298
8	0	73	-1.04985
8	0	74	-1.03953
8	0	75	-1.03247
8	0	76	-0.997618
8	0	77	-0.985336
8	0	78	-0.979758
8	0	79	-0.921743
8	0	80	-0.902935
8	0	81	-0.873314
8	0	82	-0.870037
8	0	83	-0.850994
8	0	84	-0.834217
8	0	85	-0.819294
8	0	86	-0.797568
8	0	87	-0.780113
8	0	88	-0.77184
8	0	89	-0.751764
8	0	90	-0.743383
8	0	91	-0.742168
8	0	92	-0.731817
8	0	93	-0.728183
8	0	94	-0.718827
8	0	95	-0.704662
8	0	96	-0.700314
8	0	97	-0.693043
8	0	98	-0.689822
8	0	99	-0.683107
8	0	100	-0.651677
8	0	101	-0.629496
8	0	102	-0.626771
8	0	103	-0.625421
8	0	104	-0.616896
8	0	105	-0.574052
8	0	106	-0.535784
8	0	107	-0.507163
8	0	108	-0.492837
8	0	109	-0.488832
8	0	110	-0.453612
8	0	111	-0.449438
8	0	112	-0.401164
8	0	113	-0.383104
8	0	114	-0.374579
8	0	115	-0.370504
8	0	116	-0.35739
8	0	117	-0.34842
8	0	118	-0.348323
8	0	119	-0.316893
8	0	120	-0.315492
8	0	121	-0.299686
8	0	122	-0.295338
8	0	123	-0.29025
8	0	124	-0.281173
8	0	125	-0.276841
8	0	126	-0.271817
8	0	127	-0.268183
8	0	128	-0.248236
8	0	129	-0.22816
8	0	130	-0.219887
8	0	131	-0.219415
8	0	132	-0.171099
8	0	133	-0.149006
8	0	134	-0.132697
8	0	135	-0.126686
8	0	136	-0.115503
8	0	137	-0.0376684
8	0	138	-0.0146636
8	0	139	-0.0104231
8	0	140	-0.00238155
8	0	141	4.80054e-16
8	0	142	0.0395275
8	0	143	0.052985
8	0	144	0.0663605
8	0	145	0.0729712
8	0	146	0.0807444
8	0	147	0.103278
8	0	148	0.122269
8	0	149	0.12342
8	0	150	0.138616
8	0	151	0.142776
8	0	152	0.173553
8	0	153	0.175254
8	0	154	0.178799
8	0	155	0.180941
8	0	156	0.200621
8	0	157	0.215875
8	0	158	0.216994
8	0	159	0.249305
8	0	160	0.306557
8	0	161	0.317225
8	0	162	0.335078
8	0	163	0.348724
8	0	164	0.353812
8	0	165	0.3653
8	0	166	0.366502
8	0	167	0.381942
8	0	168	0.456426
8	0	169	0.476466
8	0	170	0.521995
8	0	171	0.532768
8	0	172	0.538021
8	0	173	0.544707
8	0	174	0.562992
8	0	175	0.591409
8	0	176	0.619809
8	0	177	0.621932
8	0	178	0.648862
8	0	179	0.660908
8	0	180	0.663529
8	0	181	0.668536
8	0	182	0.672794
8	0	183	0.701022
8	0	184	0.714339
8	0	185	0.732019
8	0	186	0.739834
8	0	187	0.783792
8	0	188	0.85303
8	0	189	0.857091
8	0	190	0.945338
8	0	191	0.953967
8	0	192	0.961537
8	0	193	0.986955
8	0	194	1.0175
8	0	195	1.02308
8	0	196	1.04292
8	0	197	1.07624
8	0	198	1.08042
8	0	199	1.09717
8	0	200	1.09811
8	0	201	1.14571
8	0	202	1.1698
8	0	203	1.22078
8	0	204	1.23323
8	0	205	1.36205
8	0	206	1.37829
8	0	207	1.42456
8	0	208	1.42509
8	0	209	1.42738
8	0	210	1.47538
8	0	211	1.49005
8	0	212	1.57318
8	0	213	1.58736
8	0	214	1.72169
8	0	215	1.72673
8	0	216	1.75904
8	0	217	1.89346
8	0	218	1.90633
8	0	219	2.07374
8	0	220	2.07593
8	0	221	2.08325
8	0	222	2.38421
8	0	223	2.42497
8	0	224	2.85876
8	1	0	-3.38421
8	1	1	-3.07374
8	1	2	-2.89346
8	1	3	-2.72169
8	1	4	-2.57318
8	1	5	-2.49005
8	1	6	-2.42509
8	1	7	-2.42456
8	1	8	-2.22078
8	1	9	-2.14571
8	1	10	-2.09811
8	1	11	-2.08042
8	1	12	-2.07624
8	1	13	-2.02308
8	1	14	-1.98695
8	1	15	-1.95397
8	1	16	-1.85709
8	1	17	-1.73983
8	1	18	-1.71434
8	1	19	-1.70102
8	1	20	-1.67279
8	1	21	-1.66091
8	1	22	-1.62193
8	1	23	-1.61981
8	1	24	-1.56299
8	1	25	-1.53802
8	1	26	-1.52199
8	1	27	-1.45643
8	1	28	-1.38194
8	1	29	-1.35381
8	1	30	-1.33508
8	1	31	-1.2493
8	1	32	-1.21699
8	1	33	-1.20062
8	1	34	-1.1788
8	1	35	-1.17525
8	1	36	-1.17355
8	1	37	-1.14278
8	1	38	-1.12227
8	1	39	-1.08074
8	1	40	-1.05298
8	1	41	-1.03953
8	1	42	-0.997618
8	1	43	-0.985336
8	1	44	-0.873314
8	1	45	-0.850994
8	1	46	-0.780113
8	1	47	-0.77184
8	1	48	-0.751764
8	1	49	-0.731817
8	1	50	-0.728183
8	1	51	-0.718827
8	1	52	-0.704662
8	1	53	-0.700314
8	1	54	-0.683107
8	1	55	-0.651677
8	1	56	-0.629496
8	1	57	-0.625421
8	1	58	-0.616896
8	1	59	-0.507163
8	1	60	-0.492837
8	1	61	-0.383104
8	1	62	-0.374579
8	1	63	-0.370504
8	1	64	-0.348323
8	1	65	-0.316893
8	1	66	-0.299686
8	1	67	-0.295338
8	1	68	-0.281173
8	1	69	-0.271817
8	1	70	-0.268183
8	1	71	-0.248236
8	1	72	-0.22816
8	1	73	-0.219887
8	1	74	-0.149006
8	1	75	-0.126686
8	1	76	-0.0146636
8	1	77	-0.00238155
8	1	78	0.0395275
8	1	79	0.052985
8	1	80	0.0807444
8	1	81	0.122269
8	1	82	0.142776
8	1	83	0.173553
8	1	84	0.175254
8	1	85	0.178799
8	1	86	0.200621
8	1	87	0.216994
8	1	88	0.249305
8	1	89	0.335078
8	1	90	0.353812
8	1	91	0.381942
8	1	92	0.456426
8	1	93	0.521995
8	1	94	0.538021
8	1	95	0.562992
8	1	96	0.619809
8	1	97	0.621932
8	1	98	0.660908
8	1	99	0.672794
8	1	100	0.701022
8	1	101	0.714339
8	1	102	0.739834
8	1	103	0.857091
8	1	104	0.953967
8	1	105	0.986955
8	1	106	1.02308
8	1	107	1.07624
8	1	108	1.08042
8	1	109	1.09811
8	1	110	1.14571
8	1	111	1.22078
8	1	112	1.42456
8	1	113	1.42509
8	1	114	1.49005
8	1	115	1.57318
8	1	116	1.72169
8	1	117	1.89346
8	1	118	2.07374
8	1	119	2.38421
8	2	0	-2.42456
8	2	1	-1.95397
8	2	2	-1.61981
8	2	3	-1.45643
8	2	4	-1.12227
8	2	5	-1.05298
8	2	6	-0.718827
8	2	7	-0.651677
8	2	8	-0.629496
8	2	9	-0.295338
8	2	10	-0.248236
8	2	11	0.175254
8	2	12	0.249305
8	2	13	0.672794
8	2	14	1.07624
9	-1.5	0	-2.49917
9	-1.5	1	-2.00163
9	-1.5	2	-1.59819
9	-1.5	3	-1.53103
9	-1.5	4	-1.19688
9	-1.5	5	-1.1747
9	-1.5	6	-1.12759
9	-1.5	7	-0.793436
9	-1.5	8	-0.704104
9	-1.5	9	-0.630053
9	-1.5	10	-0.369947
9	-1.5	11	-0.295896
9	-1.5	12	-0.206564
9	-1.5	13	0.127594
9	-1.5	14	0.174696
9	-1.5	15	0.196877
9	-1.5	16	0.531035
9	-1.5	17	0.598185
9	-1.5	18	1.00163
9	-1.5	19	1.49917
9	-0.5	0	-2.97238
9	-0.5	1	-2.73186
9	-0.5	2	-2.57505
9	-0.5	3	-2.49917
9	-0.5	4	-2.2598
9	-0.5	5	-2.20971
9	-0.5	6	-2.09038
9	-0.5	7	-2.06585
9	-0.5	8	-2.00163
9	-0.5	9	-1.87518
9	-0.5	10	-1.752
9	-0.5	11	-1.72726
9	-0.5	12	-1.6523
9	-0.5	13	-1.60919
9	-0.5	14	-1.59819
9	-0.5	15	-1.57166
9	-0.5	16	-1.53103
9	-0.5	17	-1.36866
9	-0.5	18	-1.32466
9	-0.5	19	-1.26185
9	-0.5	20	-1.25568
9	-0.5	21	-1.24986
9	-0.5	22	-1.19688
9	-0.5	23	-1.17924
9	-0.5	24	-1.1747
9	-0.5	25	-1.15463
9	-0.5	26	-1.12759
9	-0.5	27	-1.1132
9	-0.5	28	-0.99639
9	-0.5	29	-0.894257
9	-0.5	30	-0.847175
9	-0.5	31	-0.826373
9	-0.5	32	-0.801952
9	-0.5	33	-0.793436
9	-0.5	34	-0.767023
9	-0.5	35	-0.737299
9	-0.5	36	-0.707491
9	-0.5	37	-0.704104
9	-0.5	38	-0.685968
9	-0.5	39	-0.630053
9	-0.5	40	-0.525677
9	-0.5	41	-0.520048
9	-0.5	42	-0.422932
9	-0.5	43	-0.369947
9	-0.5	44	-0.366742
9	-0.5	45	-0.352425
9	-0.5	46	-0.340147
9	-0.5	47	-0.316833
9	-0.5	48	-0.295896
9	-0.5	49	-0.260242
9	-0.5	50	-0.217675
9	-0.5	51	-0.206564
9	-0.5	52	-0.167971
9	-0.5	53	-0.138837
9	-0.5	54	-0.0243127
9	-0.5	55	0.0589898
9	-0.5	56	0.0746087
9	-0.5	57	0.0977885
9	-0.5	58	0.127594
9	-0.5	59	0.141513
9	-0.5	60	0.149185
9	-0.5	61	0.174696
9	-0.5	62	0.196877
9	-0.5	63	0.203989
9	-0.5	64	0.265454
9	-0.5	65	0.3441
9	-0.5	66	0.450154
9	-0.5	67	0.520888
9	-0.5	68	0.531035
9	-0.5	69	0.5452
9	-0.5	70	0.552662
9	-0.5	71	0.590755
9	-0.5	72	0.598185
9	-0.5	73	0.6162
9	-0.5	74	0.692532
9	-0.5	75	0.843238
9	-0.5	76	0.879358
9	-0.5	77	0.940247
9	-0.5	78	1.00163
9	-0.5	79	1.01576
9	-0.5	80	1.02595
9	-0.5	81	1.19261
9	-0.5	82	1.19845
9	-0.5	83	1.34645
9	-0.5	84	1.49917
9	-0.5	85	1.50706
9	-0.5	86	1.54413
9	-0.5	87	1.83745
9	-0.5	88	1.97779
9	-0.5	89	2.30566
9	0.5	0	-2.97238
9	0.5	1	-2.73186
9	0.5	2	-2.57505
9	0.5	3	-2.49917
9	0.5	4	-2.2598
9	0.5	5	-2.20971
9	0.5	6	-2.09038
9	0.5	7	-2.06585
9	0.5	8	-2.00163
9	0.5	9	-1.87518
9	0.5	10	-1.752
9	0.5	11	-1.72726
9	0.5	12	-1.6523
9	0.5	13	-1.60919
9	0.5	14	-1.59819
9	0.5	15	-1.57166
9	0.5	16	-1.53103
9	0.5	17	-1.36866
9	0.5	18	-1.32466
9	0.5	19	-1.26185
9	0.5	20	-1.25568
9	0.5	21	-1.24986
9	0.5	22	-1.19688
9	0.5	23	-1.17924
9	0.5	24	-1.1747
9	0.5	25	-1.15463
9	0.5	26	-1.12759
9	0.5	27	-1.1132
9	0.5	28	-0.99639
9	0.5	29	-0.894257
9	0.5	30	-0.847175
9	0.5	31	-0.826373
9	0.5	32	-0.801952
9	0.5	33	-0.793436
9	0.5	34	-0.767023
9	0.5	35	-0.737299
9	0.5	36	-0.707491
9	0.5	37	-0.704104
9	0.5	38	-0.685968
9	0.5	39	-0.630053
9	0.5	40	-0.525677
9	0.5	41	-0.520048
9	0.5	42	-0.422932
9	0.5	43	-0.369947
9	0.5	44	-0.366742
9	0.5	45	-0.352425
9	0.5	46	-0.340147
9	0.5	47	-0.316833
9	0.5	48	-0.295896
9	0.5	49	-0.260242
9	0.5	50	-0.217675
9	0.5	51	-0.206564
9	0.5	52	-0.167971
9	0.5	53	-0.138837
9	0.5	54	-0.0243127
9	0.5	55	0.0589898
9	0.5	56	0.0746087
9	0.5	57	0.0977885
9	0.5	58	0.127594
9	0.5	59	0.141513
9	0.5	60	0.149185
9	0.5	61	0.174696
9	0.5	62	0.196877
9	0.5	63	0.203989
9	0.5	64	0.265454
9	0.5	65	0.3441
9	0.5	66	0.450154
9	0.5	67	0.520888
9	0.5	68	0.531035
9	0.5	69	0.5452
9	0.5	70	0.552662
9	0.5	71	0.590755
9	0.5	72	0.598185
9	0.5	73	0.6162
9	0.5	74	0.692532
9	0.5	75	0.843238
9	0.5	76	0.879358
9	0.5	77	0.940247
9	0.5	78	1.00163
9	0.5	79	1.01576
9	0.5	80	1.02595
9	0.5	81	1.19261
9	0.5	82	1.19845
9	0.5	83	1.34645
9	0.5	84	1.49917
9	0.5	85	1.50706
9	0.5	86	1.54413
9	0.5	87	1.83745
9	0.5	88	1.97779
9	0.5	89	2.30566
9	1.5	0	-2.49917
9	1.5	1	-2.00163
9	1.5	2	-1.59819
9	1.5	3	-1.53103
9	1.5	4	-1.19688
9	1.5	5	-1.1747
9	1.5	6	-1.12759
9	1.5	7	-0.793436
9	1.5	8	-0.704104
9	1.5	9	-0.630053
9	1.5	10	-0.369947
9	1.5	11	-0.295896
9	1.5	12	-0.206564
9	1.5	13	0.127594
9	1.5	14	0.174696
9	1.5	15	0.196877
9	1.5	16	0.531035
9	1.5	17	0.598185
9	1.5	18	1.00163
9	1.5	19	1.49917
10	-1	0	-2.07624
10	-1	1	-1.67279
10	-1	2	-1.2493
10	-1	3	-1.17525
10	-1	4	-0.751764
10	-1	5	-0.704662
10	-1	6	-0.370504
10	-1	7	-0.348323
10	-1	8	-0.281173
10	-1	9	0.052985
10	-1	10	0.122269
10	-1	11	0.456426
10	-1	12	0.619809
10	-1	13	0.953967
10	-1	14	1.42456
10	0	0	-2.18786
10	0	1	-2.07624
10	0	2	-1.86884
10	0	3	-1.67279
10	0	4	-1.65343
10	0	5	-1.39436
10	0	6	-1.2493
10	0	7	-1.24015
10	0	8	-1.17525
10	0	9	-0.902935
10	0	10	-0.819294
10	0	11	-0.751764
10	0	12	-0.743383
10	0	13	-0.704662
10	0	14	-0.449438
10	0	15	-0.370504
10	0	16	-0.35739
10	0	17	-0.348323
10	0	18	-0.29025
10	0	19	-0.281173
10	0	20	3.05307e-16
10	0	21	0.052985
10	0	22	0.0663605
10	0	23	0.122269
10	0	24	0.138616
10	0	25	0.317225
10	0	26	0.456426
10	0	27	0.476466
10	0	28	0.619809
10	0	29	0.663529
10	0	30	0.953967
10	0	31	0.961537
10	0	32	1.09717
10	0	33	1.42456
10	0	34	1.42738
10	0	35	1.75904
10	1	0	-2.07624
10	1	1	-1.67279
10	1	2	-1.2493
10	1	3	-1.17525
10	1	4	-0.751764
10	1	5	-0.704662
10	1	6	-0.370504
10	1	7	-0.348323
10	1	8	-0.281173
10	1	9	0.052985
10	1	10	0.122269
10	1	11	0.456426
10	1	12	0.619809
10	1	13	0.953967
10	1	14	1.42456
11	-0.5	0	-1.24986
11	-0.5	1	-0.826373
11	-0.5	2	-0.422932
11	-0.5	3	0.0746087
11	-0.5	4	0.5452
11	-0.5	5	0.879358
11	0.5	0	-1.24986
11	0.5	1	-0.826373
11	0.5	2	-0.422932
11	0.5	3	0.0746087
11	0.5	4	0.5452
11	0.5	5	0.879358
12	0	0	0
