0	0	0	0
1	-0.5	0	-0.970942
1	-0.5	1	-0.748511
1	-0.5	2	-0.354605
1	-0.5	3	0.120537
1	-0.5	4	0.568065
1	-0.5	5	0.885456
1	0.5	0	-0.970942
1	0.5	1	-0.748511
1	0.5	2	-0.354605
1	0.5	3	0.120537
1	0.5	4	0.568065
1	0.5	5	0.885456
2	-1	0	-1.71945
2	-1	1	-1.32555
2	-1	2	-1.10312
2	-1	3	-0.850405
2	-1	4	-0.627974
2	-1	5	-0.402877
2	-1	6	-0.234068
2	-1	7	-0.180446
2	-1	8	-0.0854858
2	-1	9	0.136945
2	-1	10	0.21346
2	-1	11	0.530851
2	-1	12	0.688601
2	-1	13	1.00599
2	-1	14	1.45352
2	0	0	-1.90779
2	0	1	-1.71945
2	0	2	-1.64389
2	0	3	-1.45887
2	0	4	-1.32555
2	0	5	-1.24738
2	0	6	-1.10312
2	0	7	-1.01139
2	0	8	-0.850405
2	0	9	-0.791019
2	0	10	-0.681198
2	0	11	-0.627974
2	0	12	-0.520035
2	0	13	-0.402877
2	0	14	-0.351913
2	0	15	-0.234068
2	0	16	-0.202974
2	0	17	-0.180446
2	0	18	-0.104608
2	0	19	-0.0854858
2	0	20	-2.7415e-16
2	0	21	0.136945
2	0	22	0.149614
2	0	23	0.21346
2	0	24	0.229572
2	0	25	0.360316
2	0	26	0.530851
2	0	27	0.550546
2	0	28	0.688601
2	0	29	0.738974
2	0	30	1.00599
2	0	31	1.01656
2	0	32	1.14616
2	0	33	1.45352
2	0	34	1.4579
2	0	35	1.77143
2	1	0	-1.71945
2	1	1	-1.32555
2	1	2	-1.10312
2	1	3	-0.850405
2	1	4	-0.627974
2	1	5	-0.402877
2	1	6	-0.234068
2	1	7	-0.180446
2	1	8	-0.0854858
2	1	9	0.136945
2	1	10	0.21346
2	1	11	0.530851
2	1	12	0.688601
2	1	13	1.00599
2	1	14	1.45352
3	-1.5	0	-2.07406
3	-1.5	1	-1.59892
3	-1.5	2	-1.20501
3	-1.5	3	-1.15139
3	-1.5	4	-0.982579
3	-1.5	5	-0.833997
3	-1.5	6	-0.757482
3	-1.5	7	-0.535051
3	-1.5	8	-0.440091
3	-1.5	9	-0.28234
3	-1.5	10	-0.21766
3	-1.5	11	-0.0599093
3	-1.5	12	0.0350509
3	-1.5	13	0.257482
3	-1.5	14	0.333997
3	-1.5	15	0.482579
3	-1.5	16	0.651388
3	-1.5	17	0.70501
3	-1.5	18	1.09892
3	-1.5	19	1.57406
3	-0.5	0	-2.62715
3	-0.5	1	-2.38009
3	-0.5	2	-2.23548
3	-0.5	3	-2.07406
3	-0.5	4	-1.98328
3	-0.5	5	-1.93522
3	-0.5	6	-1.7759
3	-0.5	7	-1.753
3	-0.5	8	-1.60455
3	-0.5	9	-1.59892
3	-0.5	10	-1.52048
3	-0.5	11	-1.4492
3	-0.5	12	-1.38403
3	-0.5	13	-1.32722
3	-0.5	14	-1.2699
3	-0.5	15	-1.20501
3	-0.5	16	-1.15139
3	-0.5	17	-1.13068
3	-0.5	18	-1.11723
3	-0.5	19	-1.07684
3	-0.5	20	-1.03044
3	-0.5	21	-0.982579
3	-0.5	22	-0.970942
3	-0.5	23	-0.908419
3	-0.5	24	-0.848549
3	-0.5	25	-0.84225
3	-0.5	26	-0.833997
3	-0.5	27	-0.758506
3	-0.5	28	-0.757482
3	-0.5	29	-0.748511
3	-0.5	30	-0.70359
3	-0.5	31	-0.677187
3	-0.5	32	-0.575845
3	-0.5	33	-0.566725
3	-0.5	34	-0.544776
3	-0.5	35	-0.535051
3	-0.5	36	-0.453656
3	-0.5	37	-0.440091
3	-0.5	38	-0.436678
3	-0.5	39	-0.358812
3	-0.5	40	-0.354605
3	-0.5	41	-0.354558
3	-0.5	42	-0.28234
3	-0.5	43	-0.21766
3	-0.5	44	-0.21424
3	-0.5	45	-0.198154
3	-0.5	46	-0.171302
3	-0.5	47	-0.122281
3	-0.5	48	-0.108355
3	-0.5	49	-0.0599093
3	-0.5	50	-0.00948507
3	-0.5	51	0.0261804
3	-0.5	52	0.0350509
3	-0.5	53	0.0822569
3	-0.5	54	0.097712
3	-0.5	55	0.120537
3	-0.5	56	0.210798
3	-0.5	57	0.216932
3	-0.5	58	0.257482
3	-0.5	59	0.281711
3	-0.5	60	0.333997
3	-0.5	61	0.3683
3	-0.5	62	0.388127
3	-0.5	63	0.444478
3	-0.5	64	0.468475
3	-0.5	65	0.482579
3	-0.5	66	0.53579
3	-0.5	67	0.568065
3	-0.5	68	0.651388
3	-0.5	69	0.675686
3	-0.5	70	0.688387
3	-0.5	71	0.70501
3	-0.5	72	0.722677
3	-0.5	73	0.790293
3	-0.5	74	0.81003
3	-0.5	75	0.885456
3	-0.5	76	0.92061
3	-0.5	77	1.03021
3	-0.5	78	1.09892
3	-0.5	79	1.11517
3	-0.5	80	1.12437
3	-0.5	81	1.25042
3	-0.5	82	1.29269
3	-0.5	83	1.42732
3	-0.5	84	1.57406
3	-0.5	85	1.58575
3	-0.5	86	1.62711
3	-0.5	87	1.89736
3	-0.5	88	2.0335
3	-0.5	89	2.3417
3	0.5	0	-2.62715
3	0.5	1	-2.38009
3	0.5	2	-2.23548
3	0.5	3	-2.07406
3	0.5	4	-1.98328
3	0.5	5	-1.93522
3	0.5	6	-1.7759
3	0.5	7	-1.753
3	0.5	8	-1.60455
3	0.5	9	-1.59892
3	0.5	10	-1.52048
3	0.5	11	-1.4492
3	0.5	12	-1.38403
3	0.5	13	-1.32722
3	0.5	14	-1.2699
3	0.5	15	-1.20501
3	0.5	16	-1.15139
3	0.5	17	-1.13068
3	0.5	18	-1.11723
3	0.5	19	-1.07684
3	0.5	20	-1.03044
3	0.5	21	-0.982579
3	0.5	22	-0.970942
3	0.5	23	-0.908419
3	0.5	24	-0.848549
3	0.5	25	-0.84225
3	0.5	26	-0.833997
3	0.5	27	-0.758506
3	0.5	28	-0.757482
3	0.5	29	-0.748511
3	0.5	30	-0.70359
3	0.5	31	-0.677187
3	0.5	32	-0.575845
3	0.5	33	-0.566725
3	0.5	34	-0.544776
3	0.5	35	-0.535051
3	0.5	36	-0.453656
3	0.5	37	-0.440091
3	0.5	38	-0.436678
3	0.5	39	-0.358812
3	0.5	40	-0.354605
3	0.5	41	-0.354558
3	0.5	42	-0.28234
3	0.5	43	-0.21766
3	0.5	44	-0.21424
3	0.5	45	-0.198154
3	0.5	46	-0.171302
3	0.5	47	-0.122281
3	0.5	48	-0.108355
3	0.5	49	-0.0599093
3	0.5	50	-0.00948507
3	0.5	51	0.0261804
3	0.5	52	0.0350509
3	0.5	53	0.0822569
3	0.5	54	0.097712
3	0.5	55	0.120537
3	0.5	56	0.210798
3	0.5	57	0.216932
3	0.5	58	0.257482
3	0.5	59	0.281711
3	0.5	60	0.333997
3	0.5	61	0.3683
3	0.5	62	0.388127
3	0.5	63	0.444478
3	0.5	64	0.468475
3	0.5	65	0.482579
3	0.5	66	0.53579
3	0.5	67	0.568065
3	0.5	68	0.651388
3	0.5	69	0.675686
3	0.5	70	0.688387
3	0.5	71	0.70501
3	0.5	72	0.722677
3	0.5	73	0.790293
3	0.5	74	0.81003
3	0.5	75	0.885456
3	0.5	76	0.92061
3	0.5	77	1.03021
3	0.5	78	1.09892
3	0.5	79	1.11517
3	0.5	80	1.12437
3	0.5	81	1.25042
3	0.5	82	1.29269
3	0.5	83	1.42732
3	0.5	84	1.57406
3	0.5	85	1.58575
3	0.5	86	1.62711
3	0.5	87	1.89736
3	0.5	88	2.0335
3	0.5	89	2.3417
3	1.5	0	-2.07406
3	1.5	1	-1.59892
3	1.5	2	-1.20501
3	1.5	3	-1.15139
3	1.5	4	-0.982579
3	1.5	5	-0.833997
3	1.5	6	-0.757482
3	1.5	7	-0.535051
3	1.5	8	-0.440091
3	1.5	9	-0.28234
3	1.5	10	-0.21766
3	1.5	11	-0.0599093
3	1.5	12	0.0350509
3	1.5	13	0.257482
3	1.5	14	0.333997
3	1.5	15	0.482579
3	1.5	16	0.651388
3	1.5	17	0.70501
3	1.5	18	1.09892
3	1.5	19	1.57406
4	-2	0	-1.95352
4	-2	1	-1.50599
4	-2	2	-1.1886
4	-2	3	-1.03085
4	-2	4	-0.71346
4	-2	5	-0.636945
4	-2	6	-0.414514
4	-2	7	-0.319554
4	-2	8	-0.265932
4	-2	9	-0.0971229
4	-2	10	0.127974
4	-2	11	0.350405
4	-2	12	0.603116
4	-2	13	0.825547
4	-2	14	1.21945
4	-1	0	-2.96803
4	-1	1	-2.67952
4	-1	2	-2.49912
4	-1	3	-2.3099
4	-1	4	-2.19767
4	-1	5	-2.10355
4	-1	6	-2.05451
4	-1	7	-1.95352
4	-1	8	-1.85914
4	-1	9	-1.83271
4	-1	10	-1.77635
4	-1	11	-1.74745
4	-1	12	-1.71945
4	-1	13	-1.66126
4	-1	14	-1.60567
4	-1	15	-1.50599
4	-1	16	-1.4941
4	-1	17	-1.47258
4	-1	18	-1.41575
4	-1	19	-1.37973
4	-1	20	-1.35525
4	-1	21	-1.32555
4	-1	22	-1.28443
4	-1	23	-1.21453
4	-1	24	-1.1886
4	-1	25	-1.18486
4	-1	26	-1.17343
4	-1	27	-1.10312
4	-1	28	-1.09464
4	-1	29	-1.04745
4	-1	30	-1.03585
4	-1	31	-1.03085
4	-1	32	-0.950324
4	-1	33	-0.937377
4	-1	34	-0.89427
4	-1	35	-0.865632
4	-1	36	-0.850405
4	-1	37	-0.846462
4	-1	38	-0.819644
4	-1	39	-0.713724
4	-1	40	-0.71346
4	-1	41	-0.711467
4	-1	42	-0.686489
4	-1	43	-0.636945
4	-1	44	-0.633527
4	-1	45	-0.627974
4	-1	46	-0.560852
4	-1	47	-0.547869
4	-1	48	-0.541021
4	-1	49	-0.491809
4	-1	50	-0.482272
4	-1	51	-0.448773
4	-1	52	-0.414514
4	-1	53	-0.402877
4	-1	54	-0.380632
4	-1	55	-0.319554
4	-1	56	-0.309196
4	-1	57	-0.272468
4	-1	58	-0.265932
4	-1	59	-0.259046
4	-1	60	-0.240954
4	-1	61	-0.234068
4	-1	62	-0.227532
4	-1	63	-0.190804
4	-1	64	-0.180446
4	-1	65	-0.119368
4	-1	66	-0.0971229
4	-1	67	-0.0854858
4	-1	68	-0.0512267
4	-1	69	-0.0177282
4	-1	70	-0.00819087
4	-1	71	0.0410211
4	-1	72	0.0478685
4	-1	73	0.0608516
4	-1	74	0.127974
4	-1	75	0.133527
4	-1	76	0.136945
4	-1	77	0.186489
4	-1	78	0.211467
4	-1	79	0.21346
4	-1	80	0.213724
4	-1	81	0.319644
4	-1	82	0.346462
4	-1	83	0.350405
4	-1	84	0.365632
4	-1	85	0.39427
4	-1	86	0.437377
4	-1	87	0.450324
4	-1	88	0.530851
4	-1	89	0.535849
4	-1	90	0.547453
4	-1	91	0.594637
4	-1	92	0.603116
4	-1	93	0.673433
4	-1	94	0.684855
4	-1	95	0.688601
4	-1	96	0.714527
4	-1	97	0.78443
4	-1	98	0.825547
4	-1	99	0.855253
4	-1	100	0.879731
4	-1	101	0.915745
4	-1	102	0.972582
4	-1	103	0.994104
4	-1	104	1.00599
4	-1	105	1.10567
4	-1	106	1.16126
4	-1	107	1.21945
4	-1	108	1.24745
4	-1	109	1.27635
4	-1	110	1.33271
4	-1	111	1.35914
4	-1	112	1.45352
4	-1	113	1.55451
4	-1	114	1.60355
4	-1	115	1.69767
4	-1	116	1.8099
4	-1	117	1.99912
4	-1	118	2.17952
4	-1	119	2.46803
4	0	0	-3.28272
4	0	1	-2.96803
4	0	2	-2.84586
4	0	3	-2.67952
4	0	4	-2.65222
4	0	5	-2.50703
4	0	6	-2.49912
4	0	7	-2.36469
4	0	8	-2.3099
4	0	9	-2.27223
4	0	10	-2.19767
4	0	11	-2.16683
4	0	12	-2.10355
4	0	13	-2.05451
4	0	14	-2.03938
4	0	15	-1.9849
4	0	16	-1.95352
4	0	17	-1.90779
4	0	18	-1.85914
4	0	19	-1.83271
4	0	20	-1.80715
4	0	21	-1.77635
4	0	22	-1.74745
4	0	23	-1.74695
4	0	24	-1.74456
4	0	25	-1.71945
4	0	26	-1.66126
4	0	27	-1.64389
4	0	28	-1.61269
4	0	29	-1.60567
4	0	30	-1.51104
4	0	31	-1.50599
4	0	32	-1.4941
4	0	33	-1.48549
4	0	34	-1.47258
4	0	35	-1.45887
4	0	36	-1.43079
4	0	37	-1.41575
4	0	38	-1.37973
4	0	39	-1.35532
4	0	40	-1.35525
4	0	41	-1.33892
4	0	42	-1.32555
4	0	43	-1.28443
4	0	44	-1.24767
4	0	45	-1.24738
4	0	46	-1.21822
4	0	47	-1.21453
4	0	48	-1.1886
4	0	49	-1.18486
4	0	50	-1.17343
4	0	51	-1.1038
4	0	52	-1.10312
4	0	53	-1.09464
4	0	54	-1.06993
4	0	55	-1.05955
4	0	56	-1.04745
4	0	57	-1.03585
4	0	58	-1.03085
4	0	59	-1.01139
4	0	60	-1.00984
4	0	61	-1.00606
4	0	62	-0.950324
4	0	63	-0.937377
4	0	64	-0.894958
4	0	65	-0.89427
4	0	66	-0.882336
4	0	67	-0.865632
4	0	68	-0.850421
4	0	69	-0.850405
4	0	70	-0.846462
4	0	71	-0.822802
4	0	72	-0.819644
4	0	73	-0.791019
4	0	74	-0.719211
4	0	75	-0.713724
4	0	76	-0.71346
4	0	77	-0.711467
4	0	78	-0.699695
4	0	79	-0.686489
4	0	80	-0.681198
4	0	81	-0.636945
4	0	82	-0.633527
4	0	83	-0.631405
4	0	84	-0.627974
4	0	85	-0.609897
4	0	86	-0.57644
4	0	87	-0.560852
4	0	88	-0.547869
4	0	89	-0.541021
4	0	90	-0.520035
4	0	91	-0.502157
4	0	92	-0.491809
4	0	93	-0.482272
4	0	94	-0.475326
4	0	95	-0.448773
4	0	96	-0.448618
4	0	97	-0.437926
4	0	98	-0.414514
4	0	99	-0.402877
4	0	100	-0.380632
4	0	101	-0.367531
4	0	102	-0.351913
4	0	103	-0.33428
4	0	104	-0.319554
4	0	105	-0.309196
4	0	106	-0.272468
4	0	107	-0.265932
4	0	108	-0.259046
4	0	109	-0.245632
4	0	110	-0.240954
4	0	111	-0.234068
4	0	112	-0.227532
4	0	113	-0.20925
4	0	114	-0.202974
4	0	115	-0.190804
4	0	116	-0.180446
4	0	117	-0.175613
4	0	118	-0.156118
4	0	119	-0.152591
4	0	120	-0.119368
4	0	121	-0.104608
4	0	122	-0.0971229
4	0	123	-0.0854858
4	0	124	-0.0814068
4	0	125	-0.0512267
4	0	126	-0.0177282
4	0	127	-0.00819087
4	0	128	-0.00478507
4	0	129	-4.7045e-16
4	0	130	0.0179245
4	0	131	0.0410211
4	0	132	0.0478685
4	0	133	0.0587298
4	0	134	0.0608516
4	0	135	0.125067
4	0	136	0.127974
4	0	137	0.133527
4	0	138	0.136945
4	0	139	0.139408
4	0	140	0.149614
4	0	141	0.179542
4	0	142	0.186489
4	0	143	0.211467
4	0	144	0.21346
4	0	145	0.213724
4	0	146	0.226094
4	0	147	0.229572
4	0	148	0.302556
4	0	149	0.319644
4	0	150	0.327239
4	0	151	0.346462
4	0	152	0.350405
4	0	153	0.360316
4	0	154	0.365378
4	0	155	0.365632
4	0	156	0.39427
4	0	157	0.398892
4	0	158	0.437377
4	0	159	0.448276
4	0	160	0.450324
4	0	161	0.521588
4	0	162	0.526618
4	0	163	0.530851
4	0	164	0.535849
4	0	165	0.54494
4	0	166	0.547453
4	0	167	0.550546
4	0	168	0.594637
4	0	169	0.603116
4	0	170	0.673433
4	0	171	0.684855
4	0	172	0.684941
4	0	173	0.688601
4	0	174	0.7009
4	0	175	0.714527
4	0	176	0.731604
4	0	177	0.738974
4	0	178	0.76911
4	0	179	0.78443
4	0	180	0.795265
4	0	181	0.825547
4	0	182	0.855253
4	0	183	0.879731
4	0	184	0.902409
4	0	185	0.915745
4	0	186	0.971395
4	0	187	0.972582
4	0	188	0.982624
4	0	189	0.994104
4	0	190	1.00599
4	0	191	1.01656
4	0	192	1.0919
4	0	193	1.10567
4	0	194	1.10922
4	0	195	1.14616
4	0	196	1.16126
4	0	197	1.21945
4	0	198	1.24745
4	0	199	1.25763
4	0	200	1.27635
4	0	201	1.29742
4	0	202	1.33271
4	0	203	1.35059
4	0	204	1.35914
4	0	205	1.42176
4	0	206	1.45352
4	0	207	1.4579
4	0	208	1.49782
4	0	209	1.55451
4	0	210	1.58173
4	0	211	1.60355
4	0	212	1.69767
4	0	213	1.71474
4	0	214	1.77143
4	0	215	1.8099
4	0	216	1.81778
4	0	217	1.99912
4	0	218	2.01189
4	0	219	2.14185
4	0	220	2.17952
4	0	221	2.19032
4	0	222	2.46803
4	0	223	2.51567
4	0	224	2.9214
4	1	0	-2.96803
4	1	1	-2.67952
4	1	2	-2.49912
4	1	3	-2.3099
4	1	4	-2.19767
4	1	5	-2.10355
4	1	6	-2.05451
4	1	7	-1.95352
4	1	8	-1.85914
4	1	9	-1.83271
4	1	10	-1.77635
4	1	11	-1.74745
4	1	12	-1.71945
4	1	13	-1.66126
4	1	14	-1.60567
4	1	15	-1.50599
4	1	16	-1.4941
4	1	17	-1.47258
4	1	18	-1.41575
4	1	19	-1.37973
4	1	20	-1.35525
4	1	21	-1.32555
4	1	22	-1.28443
4	1	23	-1.21453
4	1	24	-1.1886
4	1	25	-1.18486
4	1	26	-1.17343
4	1	27	-1.10312
4	1	28	-1.09464
4	1	29	-1.04745
4	1	30	-1.03585
4	1	31	-1.03085
4	1	32	-0.950324
4	1	33	-0.937377
4	1	34	-0.89427
4	1	35	-0.865632
4	1	36	-0.850405
4	1	37	-0.846462
4	1	38	-0.819644
4	1	39	-0.713724
4	1	40	-0.71346
4	1	41	-0.711467
4	1	42	-0.686489
4	1	43	-0.636945
4	1	44	-0.633527
4	1	45	-0.627974
4	1	46	-0.560852
4	1	47	-0.547869
4	1	48	-0.541021
4	1	49	-0.491809
4	1	50	-0.482272
4	1	51	-0.448773
4	1	52	-0.414514
4	1	53	-0.402877
4	1	54	-0.380632
4	1	55	-0.319554
4	1	56	-0.309196
4	1	57	-0.272468
4	1	58	-0.265932
4	1	59	-0.259046
4	1	60	-0.240954
4	1	61	-0.234068
4	1	62	-0.227532
4	1	63	-0.190804
4	1	64	-0.180446
4	1	65	-0.119368
4	1	66	-0.0971229
4	1	67	-0.0854858
4	1	68	-0.0512267
4	1	69	-0.0177282
4	1	70	-0.00819087
4	1	71	0.0410211
4	1	72	0.0478685
4	1	73	0.0608516
4	1	74	0.127974
4	1	75	0.133527
4	1	76	0.136945
4	1	77	0.186489
4	1	78	0.211467
4	1	79	0.21346
4	1	80	0.213724
4	1	81	0.319644
4	1	82	0.346462
4	1	83	0.350405
4	1	84	0.365632
4	1	85	0.39427
4	1	86	0.437377
4	1	87	0.450324
4	1	88	0.530851
4	1	89	0.535849
4	1	90	0.547453
4	1	91	0.594637
4	1	92	0.603116
4	1	93	0.673433
4	1	94	0.684855
4	1	95	0.688601
4	1	96	0.714527
4	1	97	0.78443
4	1	98	0.825547
4	1	99	0.855253
4	1	100	0.879731
4	1	101	0.915745
4	1	102	0.972582
4	1	103	0.994104
4	1	104	1.00599
4	1	105	1.10567
4	1	106	1.16126
4	1	107	1.21945
4	1	108	1.24745
4	1	109	1.27635
4	1	110	1.33271
4	1	111	1.35914
4	1	112	1.45352
4	1	113	1.55451
4	1	114	1.60355
4	1	115	1.69767
4	1	116	1.8099
4	1	117	1.99912
4	1	118	2.17952
4	1	119	2.46803
4	2	0	-1.95352
4	2	1	-1.50599
4	2	2	-1.1886
4	2	3	-1.03085
4	2	4	-0.71346
4	2	5	-0.636945
4	2	6	-0.414514
4	2	7	-0.319554
4	2	8	-0.265932
4	2	9	-0.0971229
4	2	10	0.127974
4	2	11	0.350405
4	2	12	0.603116
4	2	13	0.825547
4	2	14	1.21945
5	-2.5	0	-1.38546
5	-2.5	1	-1.06806
5	-2.5	2	-0.620537
5	-2.5	3	-0.145395
5	-2.5	4	0.248511
5	-2.5	5	0.470942
5	-1.5	0	-2.8417
5	-1.5	1	-2.5335
5	-1.5	2	-2.39736
5	-1.5	3	-2.12711
5	-1.5	4	-2.08575
5	-1.5	5	-2.07406
5	-1.5	6	-1.92732
5	-1.5	7	-1.79269
5	-1.5	8	-1.75042
5	-1.5	9	-1.62437
5	-1.5	10	-1.61517
5	-1.5	11	-1.59892
5	-1.5	12	-1.53021
5	-1.5	13	-1.42061
5	-1.5	14	-1.38546
5	-1.5	15	-1.31003
5	-1.5	16	-1.29029
5	-1.5	17	-1.22268
5	-1.5	18	-1.20501
5	-1.5	19	-1.18839
5	-1.5	20	-1.17569
5	-1.5	21	-1.15139
5	-1.5	22	-1.06806
5	-1.5	23	-1.03579
5	-1.5	24	-0.982579
5	-1.5	25	-0.968475
5	-1.5	26	-0.944478
5	-1.5	27	-0.888127
5	-1.5	28	-0.8683
5	-1.5	29	-0.833997
5	-1.5	30	-0.781711
5	-1.5	31	-0.757482
5	-1.5	32	-0.716932
5	-1.5	33	-0.710798
5	-1.5	34	-0.620537
5	-1.5	35	-0.597712
5	-1.5	36	-0.582257
5	-1.5	37	-0.535051
5	-1.5	38	-0.52618
5	-1.5	39	-0.490515
5	-1.5	40	-0.440091
5	-1.5	41	-0.391645
5	-1.5	42	-0.377719
5	-1.5	43	-0.328698
5	-1.5	44	-0.301846
5	-1.5	45	-0.28576
5	-1.5	46	-0.28234
5	-1.5	47	-0.21766
5	-1.5	48	-0.145442
5	-1.5	49	-0.145395
5	-1.5	50	-0.141188
5	-1.5	51	-0.0633223
5	-1.5	52	-0.0599093
5	-1.5	53	-0.0463438
5	-1.5	54	0.0350509
5	-1.5	55	0.0447764
5	-1.5	56	0.0667247
5	-1.5	57	0.0758446
5	-1.5	58	0.177187
5	-1.5	59	0.20359
5	-1.5	60	0.248511
5	-1.5	61	0.257482
5	-1.5	62	0.258506
5	-1.5	63	0.333997
5	-1.5	64	0.34225
5	-1.5	65	0.348549
5	-1.5	66	0.408419
5	-1.5	67	0.470942
5	-1.5	68	0.482579
5	-1.5	69	0.530436
5	-1.5	70	0.576842
5	-1.5	71	0.617228
5	-1.5	72	0.630677
5	-1.5	73	0.651388
5	-1.5	74	0.70501
5	-1.5	75	0.7699
5	-1.5	76	0.827224
5	-1.5	77	0.884026
5	-1.5	78	0.949201
5	-1.5	79	1.02048
5	-1.5	80	1.09892
5	-1.5	81	1.10455
5	-1.5	82	1.253
5	-1.5	83	1.2759
5	-1.5	84	1.43522
5	-1.5	85	1.48328
5	-1.5	86	1.57406
5	-1.5	87	1.73548
5	-1.5	88	1.88009
5	-1.5	89	2.12715
5	-0.5	0	-3.57247
5	-0.5	1	-3.20426
5	-0.5	2	-3.09509
5	-0.5	3	-2.8895
5	-0.5	4	-2.8417
5	-0.5	5	-2.73123
5	-0.5	6	-2.67693
5	-0.5	7	-2.62715
5	-0.5	8	-2.5335
5	-0.5	9	-2.49013
5	-0.5	10	-2.40302
5	-0.5	11	-2.39736
5	-0.5	12	-2.38009
5	-0.5	13	-2.36312
5	-0.5	14	-2.28259
5	-0.5	15	-2.23548
5	-0.5	16	-2.18548
5	-0.5	17	-2.12962
5	-0.5	18	-2.12711
5	-0.5	19	-2.09536
5	-0.5	20	-2.08575
5	-0.5	21	-2.07406
5	-0.5	22	-2.06491
5	-0.5	23	-1.98328
5	-0.5	24	-1.96607
5	-0.5	25	-1.93522
5	-0.5	26	-1.93345
5	-0.5	27	-1.92732
5	-0.5	28	-1.91666
5	-0.5	29	-1.83568
5	-0.5	30	-1.79269
5	-0.5	31	-1.78973
5	-0.5	32	-1.7759
5	-0.5	33	-1.75896
5	-0.5	34	-1.753
5	-0.5	35	-1.75042
5	-0.5	36	-1.75008
5	-0.5	37	-1.70758
5	-0.5	38	-1.62437
5	-0.5	39	-1.61868
5	-0.5	40	-1.61517
5	-0.5	41	-1.60455
5	-0.5	42	-1.6027
5	-0.5	43	-1.59892
5	-0.5	44	-1.57499
5	-0.5	45	-1.53487
5	-0.5	46	-1.53021
5	-0.5	47	-1.52048
5	-0.5	48	-1.48451
5	-0.5	49	-1.4492
5	-0.5	50	-1.442
5	-0.5	51	-1.42061
5	-0.5	52	-1.41127
5	-0.5	53	-1.38546
5	-0.5	54	-1.38541
5	-0.5	55	-1.38403
5	-0.5	56	-1.37213
5	-0.5	57	-1.32722
5	-0.5	58	-1.31358
5	-0.5	59	-1.31003
5	-0.5	60	-1.29029
5	-0.5	61	-1.27483
5	-0.5	62	-1.2699
5	-0.5	63	-1.23975
5	-0.5	64	-1.22268
5	-0.5	65	-1.20501
5	-0.5	66	-1.19956
5	-0.5	67	-1.18839
5	-0.5	68	-1.17569
5	-0.5	69	-1.16737
5	-0.5	70	-1.15698
5	-0.5	71	-1.15139
5	-0.5	72	-1.14485
5	-0.5	73	-1.13068
5	-0.5	74	-1.11723
5	-0.5	75	-1.09027
5	-0.5	76	-1.07684
5	-0.5	77	-1.06806
5	-0.5	78	-1.06335
5	-0.5	79	-1.03579
5	-0.5	80	-1.03044
5	-0.5	81	-1.01918
5	-0.5	82	-0.982579
5	-0.5	83	-0.970942
5	-0.5	84	-0.968475
5	-0.5	85	-0.953668
5	-0.5	86	-0.944478
5	-0.5	87	-0.930909
5	-0.5	88	-0.914962
5	-0.5	89	-0.911923
5	-0.5	90	-0.908419
5	-0.5	91	-0.892355
5	-0.5	92	-0.888127
5	-0.5	93	-0.8683
5	-0.5	94	-0.866177
5	-0.5	95	-0.849651
5	-0.5	96	-0.848549
5	-0.5	97	-0.84225
5	-0.5	98	-0.833997
5	-0.5	99	-0.820299
5	-0.5	100	-0.781711
5	-0.5	101	-0.770142
5	-0.5	102	-0.758506
5	-0.5	103	-0.757843
5	-0.5	104	-0.757482
5	-0.5	105	-0.748511
5	-0.5	106	-0.724692
5	-0.5	107	-0.716932
5	-0.5	108	-0.710798
5	-0.5	109	-0.70359
5	-0.5	110	-0.688272
5	-0.5	111	-0.677187
5	-0.5	112	-0.673622
5	-0.5	113	-0.620537
5	-0.5	114	-0.619559
5	-0.5	115	-0.597712
5	-0.5	116	-0.595842
5	-0.5	117	-0.582257
5	-0.5	118	-0.575845
5	-0.5	119	-0.566725
5	-0.5	120	-0.566256
5	-0.5	121	-0.544776
5	-0.5	122	-0.538858
5	-0.5	123	-0.535051
5	-0.5	124	-0.531937
5	-0.5	125	-0.52618
5	-0.5	126	-0.505319
5	-0.5	127	-0.490515
5	-0.5	128	-0.488815
5	-0.5	129	-0.469278
5	-0.5	130	-0.457696
5	-0.5	131	-0.453656
5	-0.5	132	-0.440091
5	-0.5	133	-0.436678
5	-0.5	134	-0.391652
5	-0.5	135	-0.391645
5	-0.5	136	-0.385959
5	-0.5	137	-0.377719
5	-0.5	138	-0.358812
5	-0.5	139	-0.355019
5	-0.5	140	-0.354605
5	-0.5	141	-0.354558
5	-0.5	142	-0.336757
5	-0.5	143	-0.328698
5	-0.5	144	-0.315679
5	-0.5	145	-0.308411
5	-0.5	146	-0.301846
5	-0.5	147	-0.28576
5	-0.5	148	-0.283205
5	-0.5	149	-0.28234
5	-0.5	150	-0.21766
5	-0.5	151	-0.216795
5	-0.5	152	-0.21424
5	-0.5	153	-0.198154
5	-0.5	154	-0.191589
5	-0.5	155	-0.184321
5	-0.5	156	-0.171302
5	-0.5	157	-0.163243
5	-0.5	158	-0.145442
5	-0.5	159	-0.145395
5	-0.5	160	-0.144981
5	-0.5	161	-0.141188
5	-0.5	162	-0.122281
5	-0.5	163	-0.114041
5	-0.5	164	-0.108355
5	-0.5	165	-0.108348
5	-0.5	166	-0.0633223
5	-0.5	167	-0.0599093
5	-0.5	168	-0.0463438
5	-0.5	169	-0.0423043
5	-0.5	170	-0.0307222
5	-0.5	171	-0.0111851
5	-0.5	172	-0.00948507
5	-0.5	173	0.00531861
5	-0.5	174	0.0261804
5	-0.5	175	0.0319372
5	-0.5	176	0.0350509
5	-0.5	177	0.0388583
5	-0.5	178	0.0447764
5	-0.5	179	0.0662563
5	-0.5	180	0.0667247
5	-0.5	181	0.0758446
5	-0.5	182	0.0822569
5	-0.5	183	0.0958419
5	-0.5	184	0.097712
5	-0.5	185	0.119559
5	-0.5	186	0.120537
5	-0.5	187	0.173622
5	-0.5	188	0.177187
5	-0.5	189	0.188272
5	-0.5	190	0.20359
5	-0.5	191	0.210798
5	-0.5	192	0.216932
5	-0.5	193	0.224692
5	-0.5	194	0.248511
5	-0.5	195	0.257482
5	-0.5	196	0.257843
5	-0.5	197	0.258506
5	-0.5	198	0.270142
5	-0.5	199	0.281711
5	-0.5	200	0.320299
5	-0.5	201	0.333997
5	-0.5	202	0.34225
5	-0.5	203	0.348549
5	-0.5	204	0.349651
5	-0.5	205	0.366177
5	-0.5	206	0.3683
5	-0.5	207	0.388127
5	-0.5	208	0.392355
5	-0.5	209	0.408419
5	-0.5	210	0.411923
5	-0.5	211	0.414962
5	-0.5	212	0.430909
5	-0.5	213	0.444478
5	-0.5	214	0.453668
5	-0.5	215	0.468475
5	-0.5	216	0.470942
5	-0.5	217	0.482579
5	-0.5	218	0.519175
5	-0.5	219	0.530436
5	-0.5	220	0.53579
5	-0.5	221	0.563349
5	-0.5	222	0.568065
5	-0.5	223	0.576842
5	-0.5	224	0.590274
5	-0.5	225	0.617228
5	-0.5	226	0.630677
5	-0.5	227	0.644855
5	-0.5	228	0.651388
5	-0.5	229	0.656982
5	-0.5	230	0.667369
5	-0.5	231	0.675686
5	-0.5	232	0.688387
5	-0.5	233	0.699561
5	-0.5	234	0.70501
5	-0.5	235	0.722677
5	-0.5	236	0.739755
5	-0.5	237	0.7699
5	-0.5	238	0.774834
5	-0.5	239	0.790293
5	-0.5	240	0.81003
5	-0.5	241	0.81358
5	-0.5	242	0.827224
5	-0.5	243	0.87213
5	-0.5	244	0.884026
5	-0.5	245	0.88541
5	-0.5	246	0.885456
5	-0.5	247	0.911271
5	-0.5	248	0.92061
5	-0.5	249	0.942
5	-0.5	250	0.949201
5	-0.5	251	0.984512
5	-0.5	252	1.02048
5	-0.5	253	1.03021
5	-0.5	254	1.03487
5	-0.5	255	1.07499
5	-0.5	256	1.09892
5	-0.5	257	1.1027
5	-0.5	258	1.10455
5	-0.5	259	1.11517
5	-0.5	260	1.11868
5	-0.5	261	1.12437
5	-0.5	262	1.20758
5	-0.5	263	1.25008
5	-0.5	264	1.25042
5	-0.5	265	1.253
5	-0.5	266	1.25896
5	-0.5	267	1.2759
5	-0.5	268	1.28973
5	-0.5	269	1.29269
5	-0.5	270	1.33568
5	-0.5	271	1.41666
5	-0.5	272	1.42732
5	-0.5	273	1.43345
5	-0.5	274	1.43522
5	-0.5	275	1.46607
5	-0.5	276	1.48328
5	-0.5	277	1.56491
5	-0.5	278	1.57406
5	-0.5	279	1.58575
5	-0.5	280	1.59536
5	-0.5	281	1.62711
5	-0.5	282	1.62962
5	-0.5	283	1.68548
5	-0.5	284	1.73548
5	-0.5	285	1.78259
5	-0.5	286	1.86312
5	-0.5	287	1.88009
5	-0.5	288	1.89736
5	-0.5	289	1.90302
5	-0.5	290	1.99013
5	-0.5	291	2.0335
5	-0.5	292	2.12715
5	-0.5	293	2.17693
5	-0.5	294	2.23123
5	-0.5	295	2.3417
5	-0.5	296	2.3895
5	-0.5	297	2.59509
5	-0.5	298	2.70426
5	-0.5	299	3.07247
5	0.5	0	-3.57247
5	0.5	1	-3.20426
5	0.5	2	-3.09509
5	0.5	3	-2.8895
5	0.5	4	-2.8417
5	0.5	5	-2.73123
5	0.5	6	-2.67693
5	0.5	7	-2.62715
5	0.5	8	-2.5335
5	0.5	9	-2.49013
5	0.5	10	-2.40302
5	0.5	11	-2.39736
5	0.5	12	-2.38009
5	0.5	13	-2.36312
5	0.5	14	-2.28259
5	0.5	15	-2.23548
5	0.5	16	-2.18548
5	0.5	17	-2.12962
5	0.5	18	-2.12711
5	0.5	19	-2.09536
5	0.5	20	-2.08575
5	0.5	21	-2.07406
5	0.5	22	-2.06491
5	0.5	23	-1.98328
5	0.5	24	-1.96607
5	0.5	25	-1.93522
5	0.5	26	-1.93345
5	0.5	27	-1.92732
5	0.5	28	-1.91666
5	0.5	29	-1.83568
5	0.5	30	-1.79269
5	0.5	31	-1.78973
5	0.5	32	-1.7759
5	0.5	33	-1.75896
5	0.5	34	-1.753
5	0.5	35	-1.75042
5	0.5	36	-1.75008
5	0.5	37	-1.70758
5	0.5	38	-1.62437
5	0.5	39	-1.61868
5	0.5	40	-1.61517
5	0.5	41	-1.60455
5	0.5	42	-1.6027
5	0.5	43	-1.59892
5	0.5	44	-1.57499
5	0.5	45	-1.53487
5	0.5	46	-1.53021
5	0.5	47	-1.52048
5	0.5	48	-1.48451
5	0.5	49	-1.4492
5	0.5	50	-1.442
5	0.5	51	-1.42061
5	0.5	52	-1.41127
5	0.5	53	-1.38546
5	0.5	54	-1.38541
5	0.5	55	-1.38403
5	0.5	56	-1.37213
5	0.5	57	-1.32722
5	0.5	58	-1.31358
5	0.5	59	-1.31003
5	0.5	60	-1.29029
5	0.5	61	-1.27483
5	0.5	62	-1.2699
5	0.5	63	-1.23975
5	0.5	64	-1.22268
5	0.5	65	-1.20501
5	0.5	66	-1.19956
5	0.5	67	-1.18839
5	0.5	68	-1.17569
5	0.5	69	-1.16737
5	0.5	70	-1.15698
5	0.5	71	-1.15139
5	0.5	72	-1.14485
5	0.5	73	-1.13068
5	0.5	74	-1.11723
5	0.5	75	-1.09027
5	0.5	76	-1.07684
5	0.5	77	-1.06806
5	0.5	78	-1.06335
5	0.5	79	-1.03579
5	0.5	80	-1.03044
5	0.5	81	-1.01918
5	0.5	82	-0.982579
5	0.5	83	-0.970942
5	0.5	84	-0.968475
5	0.5	85	-0.953668
5	0.5	86	-0.944478
5	0.5	87	-0.930909
5	0.5	88	-0.914962
5	0.5	89	-0.911923
5	0.5	90	-0.908419
5	0.5	91	-0.892355
5	0.5	92	-0.888127
5	0.5	93	-0.8683
5	0.5	94	-0.866177
5	0.5	95	-0.849651
5	0.5	96	-0.848549
5	0.5	97	-0.84225
5	0.5	98	-0.833997
5	0.5	99	-0.820299
5	0.5	100	-0.781711
5	0.5	101	-0.770142
5	0.5	102	-0.758506
5	0.5	103	-0.757843
5	0.5	104	-0.757482
5	0.5	105	-0.748511
5	0.5	106	-0.724692
5	0.5	107	-0.716932
5	0.5	108	-0.710798
5	0.5	109	-0.70359
5	0.5	110	-0.688272
5	0.5	111	-0.677187
5	0.5	112	-0.673622
5	0.5	113	-0.620537
5	0.5	114	-0.619559
5	0.5	115	-0.597712
5	0.5	116	-0.595842
5	0.5	117	-0.582257
5	0.5	118	-0.575845
5	0.5	119	-0.566725
5	0.5	120	-0.566256
5	0.5	121	-0.544776
5	0.5	122	-0.538858
5	0.5	123	-0.535051
5	0.5	124	-0.531937
5	0.5	125	-0.52618
5	0.5	126	-0.505319
5	0.5	127	-0.490515
5	0.5	128	-0.488815
5	0.5	129	-0.469278
5	0.5	130	-0.457696
5	0.5	131	-0.453656
5	0.5	132	-0.440091
5	0.5	133	-0.436678
5	0.5	134	-0.391652
5	0.5	135	-0.391645
5	0.5	136	-0.385959
5	0.5	137	-0.377719
5	0.5	138	-0.358812
5	0.5	139	-0.355019
5	0.5	140	-0.354605
5	0.5	141	-0.354558
5	0.5	142	-0.336757
5	0.5	143	-0.328698
5	0.5	144	-0.315679
5	0.5	145	-0.308411
5	0.5	146	-0.301846
5	0.5	147	-0.28576
5	0.5	148	-0.283205
5	0.5	149	-0.28234
5	0.5	150	-0.21766
5	0.5	151	-0.216795
5	0.5	152	-0.21424
5	0.5	153	-0.198154
5	0.5	154	-0.191589
5	0.5	155	-0.184321
5	0.5	156	-0.171302
5	0.5	157	-0.163243
5	0.5	158	-0.145442
5	0.5	159	-0.145395
5	0.5	160	-0.144981
5	0.5	161	-0.141188
5	0.5	162	-0.122281
5	0.5	163	-0.114041
5	0.5	164	-0.108355
5	0.5	165	-0.108348
5	0.5	166	-0.0633223
5	0.5	167	-0.0599093
5	0.5	168	-0.0463438
5	0.5	169	-0.0423043
5	0.5	170	-0.0307222
5	0.5	171	-0.0111851
5	0.5	172	-0.00948507
5	0.5	173	0.00531861
5	0.5	174	0.0261804
5	0.5	175	0.0319372
5	0.5	176	0.0350509
5	0.5	177	0.0388583
5	0.5	178	0.0447764
5	0.5	179	0.0662563
5	0.5	180	0.0667247
5	0.5	181	0.0758446
5	0.5	182	0.0822569
5	0.5	183	0.0958419
5	0.5	184	0.097712
5	0.5	185	0.119559
5	0.5	186	0.120537
5	0.5	187	0.173622
5	0.5	188	0.177187
5	0.5	189	0.188272
5	0.5	190	0.20359
5	0.5	191	0.210798
5	0.5	192	0.216932
5	0.5	193	0.224692
5	0.5	194	0.248511
5	0.5	195	0.257482
5	0.5	196	0.257843
5	0.5	197	0.258506
5	0.5	198	0.270142
5	0.5	199	0.281711
5	0.5	200	0.320299
5	0.5	201	0.333997
5	0.5	202	0.34225
5	0.5	203	0.348549
5	0.5	204	0.349651
5	0.5	205	0.366177
5	0.5	206	0.3683
5	0.5	207	0.388127
5	0.5	208	0.392355
5	0.5	209	0.408419
5	0.5	210	0.411923
5	0.5	211	0.414962
5	0.5	212	0.430909
5	0.5	213	0.444478
5	0.5	214	0.453668
5	0.5	215	0.468475
5	0.5	216	0.470942
5	0.5	217	0.482579
5	0.5	218	0.519175
5	0.5	219	0.530436
5	0.5	220	0.53579
5	0.5	221	0.563349
5	0.5	222	0.568065
5	0.5	223	0.576842
5	0.5	224	0.590274
5	0.5	225	0.617228
5	0.5	226	0.630677
5	0.5	227	0.644855
5	0.5	228	0.651388
5	0.5	229	0.656982
5	0.5	230	0.667369
5	0.5	231	0.675686
5	0.5	232	0.688387
5	0.5	233	0.699561
5	0.5	234	0.70501
5	0.5	235	0.722677
5	0.5	236	0.739755
5	0.5	237	0.7699
5	0.5	238	0.774834
5	0.5	239	0.790293
5	0.5	240	0.81003
5	0.5	241	0.81358
5	0.5	242	0.827224
5	0.5	243	0.87213
5	0.5	244	0.884026
5	0.5	245	0.88541
5	0.5	246	0.885456
5	0.5	247	0.911271
5	0.5	248	0.92061
5	0.5	249	0.942
5	0.5	250	0.949201
5	0.5	251	0.984512
5	0.5	252	1.02048
5	0.5	253	1.03021
5	0.5	254	1.03487
5	0.5	255	1.07499
5	0.5	256	1.09892
5	0.5	257	1.1027
5	0.5	258	1.10455
5	0.5	259	1.11517
5	0.5	260	1.11868
5	0.5	261	1.12437
5	0.5	262	1.20758
5	0.5	263	1.25008
5	0.5	264	1.25042
5	0.5	265	1.253
5	0.5	266	1.25896
5	0.5	267	1.2759
5	0.5	268	1.28973
5	0.5	269	1.29269
5	0.5	270	1.33568
5	0.5	271	1.41666
5	0.5	272	1.42732
5	0.5	273	1.43345
5	0.5	274	1.43522
5	0.5	275	1.46607
5	0.5	276	1.48328
5	0.5	277	1.56491
5	0.5	278	1.57406
5	0.5	279	1.58575
5	0.5	280	1.59536
5	0.5	281	1.62711
5	0.5	282	1.62962
5	0.5	283	1.68548
5	0.5	284	1.73548
5	0.5	285	1.78259
5	0.5	286	1.86312
5	0.5	287	1.88009
5	0.5	288	1.89736
5	0.5	289	1.90302
5	0.5	290	1.99013
5	0.5	291	2.0335
5	0.5	292	2.12715
5	0.5	293	2.17693
5	0.5	294	2.23123
5	0.5	295	2.3417
5	0.5	296	2.3895
5	0.5	297	2.59509
5	0.5	298	2.70426
5	0.5	299	3.07247
5	1.5	0	-2.8417
5	1.5	1	-2.5335
5	1.5	2	-2.39736
5	1.5	3	-2.12711
5	1.5	4	-2.08575
5	1.5	5	-2.07406
5	1.5	6	-1.92732
5	1.5	7	-1.79269
5	1.5	8	-1.75042
5	1.5	9	-1.62437
5	1.5	10	-1.61517
5	1.5	11	-1.59892
5	1.5	12	-1.53021
5	1.5	13	-1.42061
5	1.5	14	-1.38546
5	1.5	15	-1.31003
5	1.5	16	-1.29029
5	1.5	17	-1.22268
5	1.5	18	-1.20501
5	1.5	19	-1.18839
5	1.5	20	-1.17569
5	1.5	21	-1.15139
5	1.5	22	-1.06806
5	1.5	23	-1.03579
5	1.5	24	-0.982579
5	1.5	25	-0.968475
5	1.5	26	-0.944478
5	1.5	27	-0.888127
5	1.5	28	-0.8683
5	1.5	29	-0.833997
5	1.5	30	-0.781711
5	1.5	31	-0.757482
5	1.5	32	-0.716932
5	1.5	33	-0.710798
5	1.5	34	-0.620537
5	1.5	35	-0.597712
5	1.5	36	-0.582257
5	1.5	37	-0.535051
5	1.5	38	-0.52618
5	1.5	39	-0.490515
5	1.5	40	-0.440091
5	1.5	41	-0.391645
5	1.5	42	-0.377719
5	1.5	43	-0.328698
5	1.5	44	-0.301846
5	1.5	45	-0.28576
5	1.5	46	-0.28234
5	1.5	47	-0.21766
5	1.5	48	-0.145442
5	1.5	49	-0.145395
5	1.5	50	-0.141188
5	1.5	51	-0.0633223
5	1.5	52	-0.0599093
5	1.5	53	-0.0463438
5	1.5	54	0.0350509
5	1.5	55	0.0447764
5	1.5	56	0.0667247
5	1.5	57	0.0758446
5	1.5	58	0.177187
5	1.5	59	0.20359
5	1.5	60	0.248511
5	1.5	61	0.257482
5	1.5	62	0.258506
5	1.5	63	0.333997
5	1.5	64	0.34225
5	1.5	65	0.348549
5	1.5	66	0.408419
5	1.5	67	0.470942
5	1.5	68	0.482579
5	1.5	69	0.530436
5	1.5	70	0.576842
5	1.5	71	0.617228
5	1.5	72	0.630677
5	1.5	73	0.651388
5	1.5	74	0.70501
5	1.5	75	0.7699
5	1.5	76	0.827224
5	1.5	77	0.884026
5	1.5	78	0.949201
5	1.5	79	1.02048
5	1.5	80	1.09892
5	1.5	81	1.10455
5	1.5	82	1.253
5	1.5	83	1.2759
5	1.5	84	1.43522
5	1.5	85	1.48328
5	1.5	86	1.57406
5	1.5	87	1.73548
5	1.5	88	1.88009
5	1.5	89	2.12715
5	2.5	0	-1.38546
5	2.5	1	-1.06806
5	2.5	2	-0.620537
5	2.5	3	-0.145395
5	2.5	4	0.248511
5	2.5	5	0.470942
6	-3	0	-0.5
6	-2	0	-2.27143
6	-2	1	-1.9579
6	-2	2	-1.95352
6	-2	3	-1.64616
6	-2	4	-1.51656
6	-2	5	-1.50599
6	-2	6	-1.23897
6	-2	7	-1.1886
6	-2	8	-1.05055
6	-2	9	-1.03085
6	-2	10	-0.860316
6	-2	11	-0.729572
6	-2	12	-0.71346
6	-2	13	-0.649614
6	-2	14	-0.636945
6	-2	15	-0.5
6	-2	16	-0.414514
6	-2	17	-0.395392
6	-2	18	-0.319554
6	-2	19	-0.297026
6	-2	20	-0.265932
6	-2	21	-0.148087
6	-2	22	-0.0971229
6	-2	23	0.0200355
6	-2	24	0.127974
6	-2	25	0.181198
6	-2	26	0.291019
6	-2	27	0.350405
6	-2	28	0.511394
6	-2	29	0.603116
6	-2	30	0.747379
6	-2	31	0.825547
6	-2	32	0.958874
6	-2	33	1.14389
6	-2	34	1.21945
6	-2	35	1.40779
6	-1	0	-3.4214
6	-1	1	-3.01567
6	-1	2	-2.96803
6	-1	3	-2.69032
6	-1	4	-2.67952
6	-1	5	-2.64185
6	-1	6	-2.51189
6	-1	7	-2.49912
6	-1	8	-2.31778
6	-1	9	-2.3099
6	-1	10	-2.27143
6	-1	11	-2.21474
6	-1	12	-2.19767
6	-1	13	-2.10355
6	-1	14	-2.08173
6	-1	15	-2.05451
6	-1	16	-1.99782
6	-1	17	-1.9579
6	-1	18	-1.95352
6	-1	19	-1.92176
6	-1	20	-1.85914
6	-1	21	-1.85059
6	-1	22	-1.83271
6	-1	23	-1.79742
6	-1	24	-1.77635
6	-1	25	-1.75763
6	-1	26	-1.74745
6	-1	27	-1.71945
6	-1	28	-1.66126
6	-1	29	-1.64616
6	-1	30	-1.60922
6	-1	31	-1.60567
6	-1	32	-1.5919
6	-1	33	-1.51656
6	-1	34	-1.50599
6	-1	35	-1.4941
6	-1	36	-1.48262
6	-1	37	-1.47258
6	-1	38	-1.47139
6	-1	39	-1.41575
6	-1	40	-1.40241
6	-1	41	-1.37973
6	-1	42	-1.35525
6	-1	43	-1.32555
6	-1	44	-1.29527
6	-1	45	-1.28443
6	-1	46	-1.26911
6	-1	47	-1.23897
6	-1	48	-1.2316
6	-1	49	-1.21453
6	-1	50	-1.2009
6	-1	51	-1.1886
6	-1	52	-1.18494
6	-1	53	-1.18486
6	-1	54	-1.17343
6	-1	55	-1.10312
6	-1	56	-1.09464
6	-1	57	-1.05055
6	-1	58	-1.04745
6	-1	59	-1.04494
6	-1	60	-1.03585
6	-1	61	-1.03085
6	-1	62	-1.02662
6	-1	63	-1.02159
6	-1	64	-0.950324
6	-1	65	-0.948276
6	-1	66	-0.937377
6	-1	67	-0.898892
6	-1	68	-0.89427
6	-1	69	-0.865632
6	-1	70	-0.865378
6	-1	71	-0.860316
6	-1	72	-0.850405
6	-1	73	-0.846462
6	-1	74	-0.827239
6	-1	75	-0.819644
6	-1	76	-0.802556
6	-1	77	-0.729572
6	-1	78	-0.726094
6	-1	79	-0.713724
6	-1	80	-0.71346
6	-1	81	-0.711467
6	-1	82	-0.686489
6	-1	83	-0.679542
6	-1	84	-0.649614
6	-1	85	-0.639408
6	-1	86	-0.636945
6	-1	87	-0.633527
6	-1	88	-0.627974
6	-1	89	-0.625067
6	-1	90	-0.560852
6	-1	91	-0.55873
6	-1	92	-0.547869
6	-1	93	-0.541021
6	-1	94	-0.517924
6	-1	95	-0.5
6	-1	96	-0.495215
6	-1	97	-0.491809
6	-1	98	-0.482272
6	-1	99	-0.448773
6	-1	100	-0.418593
6	-1	101	-0.414514
6	-1	102	-0.402877
6	-1	103	-0.395392
6	-1	104	-0.380632
6	-1	105	-0.347409
6	-1	106	-0.343882
6	-1	107	-0.324387
6	-1	108	-0.319554
6	-1	109	-0.309196
6	-1	110	-0.297026
6	-1	111	-0.29075
6	-1	112	-0.272468
6	-1	113	-0.265932
6	-1	114	-0.259046
6	-1	115	-0.254368
6	-1	116	-0.240954
6	-1	117	-0.234068
6	-1	118	-0.227532
6	-1	119	-0.190804
6	-1	120	-0.180446
6	-1	121	-0.16572
6	-1	122	-0.148087
6	-1	123	-0.132469
6	-1	124	-0.119368
6	-1	125	-0.0971229
6	-1	126	-0.0854858
6	-1	127	-0.0620737
6	-1	128	-0.0513815
6	-1	129	-0.0512267
6	-1	130	-0.0246737
6	-1	131	-0.0177282
6	-1	132	-0.00819087
6	-1	133	0.00215699
6	-1	134	0.0200355
6	-1	135	0.0410211
6	-1	136	0.0478685
6	-1	137	0.0608516
6	-1	138	0.0764401
6	-1	139	0.109897
6	-1	140	0.127974
6	-1	141	0.131405
6	-1	142	0.133527
6	-1	143	0.136945
6	-1	144	0.181198
6	-1	145	0.186489
6	-1	146	0.199695
6	-1	147	0.211467
6	-1	148	0.21346
6	-1	149	0.213724
6	-1	150	0.219211
6	-1	151	0.291019
6	-1	152	0.319644
6	-1	153	0.322802
6	-1	154	0.346462
6	-1	155	0.350405
6	-1	156	0.350421
6	-1	157	0.365632
6	-1	158	0.382336
6	-1	159	0.39427
6	-1	160	0.394958
6	-1	161	0.437377
6	-1	162	0.450324
6	-1	163	0.506061
6	-1	164	0.509836
6	-1	165	0.511394
6	-1	166	0.530851
6	-1	167	0.535849
6	-1	168	0.547453
6	-1	169	0.559549
6	-1	170	0.569927
6	-1	171	0.594637
6	-1	172	0.603116
6	-1	173	0.603801
6	-1	174	0.673433
6	-1	175	0.684855
6	-1	176	0.688601
6	-1	177	0.714527
6	-1	178	0.718217
6	-1	179	0.747379
6	-1	180	0.747673
6	-1	181	0.78443
6	-1	182	0.825547
6	-1	183	0.838916
6	-1	184	0.855253
6	-1	185	0.855321
6	-1	186	0.879731
6	-1	187	0.915745
6	-1	188	0.930794
6	-1	189	0.958874
6	-1	190	0.972582
6	-1	191	0.985486
6	-1	192	0.994104
6	-1	193	1.00599
6	-1	194	1.01104
6	-1	195	1.10567
6	-1	196	1.11269
6	-1	197	1.14389
6	-1	198	1.16126
6	-1	199	1.21945
6	-1	200	1.24456
6	-1	201	1.24695
6	-1	202	1.24745
6	-1	203	1.27635
6	-1	204	1.30715
6	-1	205	1.33271
6	-1	206	1.35914
6	-1	207	1.40779
6	-1	208	1.45352
6	-1	209	1.4849
6	-1	210	1.53938
6	-1	211	1.55451
6	-1	212	1.60355
6	-1	213	1.66683
6	-1	214	1.69767
6	-1	215	1.77223
6	-1	216	1.8099
6	-1	217	1.86469
6	-1	218	1.99912
6	-1	219	2.00703
6	-1	220	2.15222
6	-1	221	2.17952
6	-1	222	2.34586
6	-1	223	2.46803
6	-1	224	2.78272
6	0	0	-3.78225
6	0	1	-3.4214
6	0	2	-3.28272
6	0	3	-3.02988
6	0	4	-3.01567
6	0	5	-2.96803
6	0	6	-2.84586
6	0	7	-2.81463
6	0	8	-2.69032
6	0	9	-2.67952
6	0	10	-2.67439
6	0	11	-2.65222
6	0	12	-2.64185
6	0	13	-2.51189
6	0	14	-2.50703
6	0	15	-2.49912
6	0	16	-2.43292
6	0	17	-2.36469
6	0	18	-2.31778
6	0	19	-2.3099
6	0	20	-2.30313
6	0	21	-2.27223
6	0	22	-2.27143
6	0	23	-2.21474
6	0	24	-2.20124
6	0	25	-2.19767
6	0	26	-2.16683
6	0	27	-2.13593
6	0	28	-2.10355
6	0	29	-2.08173
6	0	30	-2.05451
6	0	31	-2.03938
6	0	32	-1.99782
6	0	33	-1.9849
6	0	34	-1.96546
6	0	35	-1.9579
6	0	36	-1.95352
6	0	37	-1.92176
6	0	38	-1.90779
6	0	39	-1.85914
6	0	40	-1.85059
6	0	41	-1.8386
6	0	42	-1.83271
6	0	43	-1.80715
6	0	44	-1.79742
6	0	45	-1.77779
6	0	46	-1.77635
6	0	47	-1.75763
6	0	48	-1.74745
6	0	49	-1.74695
6	0	50	-1.74456
6	0	51	-1.71945
6	0	52	-1.66442
6	0	53	-1.66126
6	0	54	-1.64616
6	0	55	-1.64389
6	0	56	-1.61269
6	0	57	-1.60922
6	0	58	-1.60567
6	0	59	-1.5919
6	0	60	-1.57354
6	0	61	-1.52152
6	0	62	-1.51656
6	0	63	-1.51104
6	0	64	-1.50599
6	0	65	-1.4941
6	0	66	-1.48549
6	0	67	-1.48262
6	0	68	-1.47258
6	0	69	-1.47139
6	0	70	-1.45887
6	0	71	-1.45
6	0	72	-1.43079
6	0	73	-1.41575
6	0	74	-1.40241
6	0	75	-1.39735
6	0	76	-1.37973
6	0	77	-1.35532
6	0	78	-1.35525
6	0	79	-1.33892
6	0	80	-1.32555
6	0	81	-1.29527
6	0	82	-1.29381
6	0	83	-1.28443
6	0	84	-1.28258
6	0	85	-1.26911
6	0	86	-1.24767
6	0	87	-1.24738
6	0	88	-1.23897
6	0	89	-1.2316
6	0	90	-1.21822
6	0	91	-1.21453
6	0	92	-1.2009
6	0	93	-1.1886
6	0	94	-1.18494
6	0	95	-1.18486
6	0	96	-1.17369
6	0	97	-1.17343
6	0	98	-1.1038
6	0	99	-1.10312
6	0	100	-1.09858
6	0	101	-1.09464
6	0	102	-1.07326
6	0	103	-1.06993
6	0	104	-1.05955
6	0	105	-1.05055
6	0	106	-1.04745
6	0	107	-1.04494
6	0	108	-1.03648
6	0	109	-1.03585
6	0	110	-1.03085
6	0	111	-1.02662
6	0	112	-1.02159
6	0	113	-1.01139
6	0	114	-1.00984
6	0	115	-1.00606
6	0	116	-0.950324
6	0	117	-0.948276
6	0	118	-0.937377
6	0	119	-0.932398
6	0	120	-0.898892
6	0	121	-0.894958
6	0	122	-0.89427
6	0	123	-0.882336
6	0	124	-0.865632
6	0	125	-0.865378
6	0	126	-0.865057
6	0	127	-0.860316
6	0	128	-0.857057
6	0	129	-0.850421
6	0	130	-0.850405
6	0	131	-0.846462
6	0	132	-0.827239
6	0	133	-0.822802
6	0	134	-0.819644
6	0	135	-0.802556
6	0	136	-0.791019
6	0	137	-0.784807
6	0	138	-0.73162
6	0	139	-0.729572
6	0	140	-0.726094
6	0	141	-0.719211
6	0	142	-0.713724
6	0	143	-0.71346
6	0	144	-0.711467
6	0	145	-0.699695
6	0	146	-0.686489
6	0	147	-0.681198
6	0	148	-0.679542
6	0	149	-0.661693
6	0	150	-0.649614
6	0	151	-0.639408
6	0	152	-0.636945
6	0	153	-0.633527
6	0	154	-0.631405
6	0	155	-0.627974
6	0	156	-0.625067
6	0	157	-0.609897
6	0	158	-0.603198
6	0	159	-0.57644
6	0	160	-0.560852
6	0	161	-0.55873
6	0	162	-0.547869
6	0	163	-0.541021
6	0	164	-0.535784
6	0	165	-0.520035
6	0	166	-0.517924
6	0	167	-0.502157
6	0	168	-0.5
6	0	169	-0.495215
6	0	170	-0.491809
6	0	171	-0.482272
6	0	172	-0.478564
6	0	173	-0.475326
6	0	174	-0.47355
6	0	175	-0.448773
6	0	176	-0.448618
6	0	177	-0.437926
6	0	178	-0.418593
6	0	179	-0.414514
6	0	180	-0.402877
6	0	181	-0.395392
6	0	182	-0.388449
6	0	183	-0.380632
6	0	184	-0.367531
6	0	185	-0.351913
6	0	186	-0.347409
6	0	187	-0.343882
6	0	188	-0.33428
6	0	189	-0.324387
6	0	190	-0.319554
6	0	191	-0.310528
6	0	192	-0.309196
6	0	193	-0.297026
6	0	194	-0.29075
6	0	195	-0.27386
6	0	196	-0.272468
6	0	197	-0.265932
6	0	198	-0.259046
6	0	199	-0.254368
6	0	200	-0.245632
6	0	201	-0.240954
6	0	202	-0.234068
6	0	203	-0.227532
6	0	204	-0.22614
6	0	205	-0.20925
6	0	206	-0.202974
6	0	207	-0.190804
6	0	208	-0.189472
6	0	209	-0.180446
6	0	210	-0.175613
6	0	211	-0.16572
6	0	212	-0.156118
6	0	213	-0.152591
6	0	214	-0.148087
6	0	215	-0.132469
6	0	216	-0.119368
6	0	217	-0.111551
6	0	218	-0.104608
6	0	219	-0.0971229
6	0	220	-0.0854858
6	0	221	-0.0814068
6	0	222	-0.0620737
6	0	223	-0.0513815
6	0	224	-0.0512267
6	0	225	-0.0264496
6	0	226	-0.0246737
6	0	227	-0.0214362
6	0	228	-0.0177282
6	0	229	-0.00819087
6	0	230	-0.00478507
6	0	231	-2.78237e-16
6	0	232	0.00215699
6	0	233	0.0179245
6	0	234	0.0200355
6	0	235	0.0357836
6	0	236	0.0410211
6	0	237	0.0478685
6	0	238	0.0587298
6	0	239	0.0608516
6	0	240	0.0764401
6	0	241	0.103198
6	0	242	0.109897
6	0	243	0.125067
6	0	244	0.127974
6	0	245	0.131405
6	0	246	0.133527
6	0	247	0.136945
6	0	248	0.139408
6	0	249	0.149614
6	0	250	0.161693
6	0	251	0.179542
6	0	252	0.181198
6	0	253	0.186489
6	0	254	0.199695
6	0	255	0.211467
6	0	256	0.21346
6	0	257	0.213724
6	0	258	0.219211
6	0	259	0.226094
6	0	260	0.229572
6	0	261	0.23162
6	0	262	0.284807
6	0	263	0.291019
6	0	264	0.302556
6	0	265	0.319644
6	0	266	0.322802
6	0	267	0.327239
6	0	268	0.346462
6	0	269	0.350405
6	0	270	0.350421
6	0	271	0.357057
6	0	272	0.360316
6	0	273	0.365057
6	0	274	0.365378
6	0	275	0.365632
6	0	276	0.382336
6	0	277	0.39427
6	0	278	0.394958
6	0	279	0.398892
6	0	280	0.432398
6	0	281	0.437377
6	0	282	0.448276
6	0	283	0.450324
6	0	284	0.506061
6	0	285	0.509836
6	0	286	0.511394
6	0	287	0.521588
6	0	288	0.526618
6	0	289	0.530851
6	0	290	0.535849
6	0	291	0.536479
6	0	292	0.54494
6	0	293	0.547453
6	0	294	0.550546
6	0	295	0.559549
6	0	296	0.569927
6	0	297	0.573256
6	0	298	0.594637
6	0	299	0.598584
6	0	300	0.603116
6	0	301	0.603801
6	0	302	0.673433
6	0	303	0.673693
6	0	304	0.684855
6	0	305	0.684941
6	0	306	0.688601
6	0	307	0.7009
6	0	308	0.714527
6	0	309	0.718217
6	0	310	0.731604
6	0	311	0.738974
6	0	312	0.747379
6	0	313	0.747673
6	0	314	0.76911
6	0	315	0.782578
6	0	316	0.78443
6	0	317	0.793813
6	0	318	0.795265
6	0	319	0.825547
6	0	320	0.838916
6	0	321	0.855253
6	0	322	0.855321
6	0	323	0.879731
6	0	324	0.897346
6	0	325	0.902409
6	0	326	0.915745
6	0	327	0.930794
6	0	328	0.95
6	0	329	0.958874
6	0	330	0.971395
6	0	331	0.972582
6	0	332	0.982624
6	0	333	0.985486
6	0	334	0.994104
6	0	335	1.00599
6	0	336	1.01104
6	0	337	1.01656
6	0	338	1.02152
6	0	339	1.07354
6	0	340	1.0919
6	0	341	1.10567
6	0	342	1.10922
6	0	343	1.11269
6	0	344	1.14389
6	0	345	1.14616
6	0	346	1.16126
6	0	347	1.16442
6	0	348	1.21945
6	0	349	1.24456
6	0	350	1.24695
6	0	351	1.24745
6	0	352	1.25763
6	0	353	1.27635
6	0	354	1.27779
6	0	355	1.29742
6	0	356	1.30715
6	0	357	1.33271
6	0	358	1.3386
6	0	359	1.35059
6	0	360	1.35914
6	0	361	1.40779
6	0	362	1.42176
6	0	363	1.45352
6	0	364	1.4579
6	0	365	1.46546
6	0	366	1.4849
6	0	367	1.49782
6	0	368	1.53938
6	0	369	1.55451
6	0	370	1.58173
6	0	371	1.60355
6	0	372	1.63593
6	0	373	1.66683
6	0	374	1.69767
6	0	375	1.70124
6	0	376	1.71474
6	0	377	1.77143
6	0	378	1.77223
6	0	379	1.80313
6	0	380	1.8099
6	0	381	1.81778
6	0	382	1.86469
6	0	383	1.93292
6	0	384	1.99912
6	0	385	2.00703
6	0	386	2.01189
6	0	387	2.14185
6	0	388	2.15222
6	0	389	2.17439
6	0	390	2.17952
6	0	391	2.19032
6	0	392	2.31463
6	0	393	2.34586
6	0	394	2.46803
6	0	395	2.51567
6	0	396	2.52988
6	0	397	2.78272
6	0	398	2.9214
6	0	399	3.28225
6	1	0	-3.4214
6	1	1	-3.01567
6	1	2	-2.96803
6	1	3	-2.69032
6	1	4	-2.67952
6	1	5	-2.64185
6	1	6	-2.51189
6	1	7	-2.49912
6	1	8	-2.31778
6	1	9	-2.3099
6	1	10	-2.27143
6	1	11	-2.21474
6	1	12	-2.19767
6	1	13	-2.10355
6	1	14	-2.08173
6	1	15	-2.05451
6	1	16	-1.99782
6	1	17	-1.9579
6	1	18	-1.95352
6	1	19	-1.92176
6	1	20	-1.85914
6	1	21	-1.85059
6	1	22	-1.83271
6	1	23	-1.79742
6	1	24	-1.77635
6	1	25	-1.75763
6	1	26	-1.74745
6	1	27	-1.71945
6	1	28	-1.66126
6	1	29	-1.64616
6	1	30	-1.60922
6	1	31	-1.60567
6	1	32	-1.5919
6	1	33	-1.51656
6	1	34	-1.50599
6	1	35	-1.4941
6	1	36	-1.48262
6	1	37	-1.47258
6	1	38	-1.47139
6	1	39	-1.41575
6	1	40	-1.40241
6	1	41	-1.37973
6	1	42	-1.35525
6	1	43	-1.32555
6	1	44	-1.29527
6	1	45	-1.28443
6	1	46	-1.26911
6	1	47	-1.23897
6	1	48	-1.2316
6	1	49	-1.21453
6	1	50	-1.2009
6	1	51	-1.1886
6	1	52	-1.18494
6	1	53	-1.18486
6	1	54	-1.17343
6	1	55	-1.10312
6	1	56	-1.09464
6	1	57	-1.05055
6	1	58	-1.04745
6	1	59	-1.04494
6	1	60	-1.03585
6	1	61	-1.03085
6	1	62	-1.02662
6	1	63	-1.02159
6	1	64	-0.950324
6	1	65	-0.948276
6	1	66	-0.937377
6	1	67	-0.898892
6	1	68	-0.89427
6	1	69	-0.865632
6	1	70	-0.865378
6	1	71	-0.860316
6	1	72	-0.850405
6	1	73	-0.846462
6	1	74	-0.827239
6	1	75	-0.819644
6	1	76	-0.802556
6	1	77	-0.729572
6	1	78	-0.726094
6	1	79	-0.713724
6	1	80	-0.71346
6	1	81	-0.711467
6	1	82	-0.686489
6	1	83	-0.679542
6	1	84	-0.649614
6	1	85	-0.639408
6	1	86	-0.636945
6	1	87	-0.633527
6	1	88	-0.627974
6	1	89	-0.625067
6	1	90	-0.560852
6	1	91	-0.55873
6	1	92	-0.547869
6	1	93	-0.541021
6	1	94	-0.517924
6	1	95	-0.5
6	1	96	-0.495215
6	1	97	-0.491809
6	1	98	-0.482272
6	1	99	-0.448773
6	1	100	-0.418593
6	1	101	-0.414514
6	1	102	-0.402877
6	1	103	-0.395392
6	1	104	-0.380632
6	1	105	-0.347409
6	1	106	-0.343882
6	1	107	-0.324387
6	1	108	-0.319554
6	1	109	-0.309196
6	1	110	-0.297026
6	1	111	-0.29075
6	1	112	-0.272468
6	1	113	-0.265932
6	1	114	-0.259046
6	1	115	-0.254368
6	1	116	-0.240954
6	1	117	-0.234068
6	1	118	-0.227532
6	1	119	-0.190804
6	1	120	-0.180446
6	1	121	-0.16572
6	1	122	-0.148087
6	1	123	-0.132469
6	1	124	-0.119368
6	1	125	-0.0971229
6	1	126	-0.0854858
6	1	127	-0.0620737
6	1	128	-0.0513815
6	1	129	-0.0512267
6	1	130	-0.0246737
6	1	131	-0.0177282
6	1	132	-0.00819087
6	1	133	0.00215699
6	1	134	0.0200355
6	1	135	0.0410211
6	1	136	0.0478685
6	1	137	0.0608516
6	1	138	0.0764401
6	1	139	0.109897
6	1	140	0.127974
6	1	141	0.131405
6	1	142	0.133527
6	1	143	0.136945
6	1	144	0.181198
6	1	145	0.186489
6	1	146	0.199695
6	1	147	0.211467
6	1	148	0.21346
6	1	149	0.213724
6	1	150	0.219211
6	1	151	0.291019
6	1	152	0.319644
6	1	153	0.322802
6	1	154	0.346462
6	1	155	0.350405
6	1	156	0.350421
6	1	157	0.365632
6	1	158	0.382336
6	1	159	0.39427
6	1	160	0.394958
6	1	161	0.437377
6	1	162	0.450324
6	1	163	0.506061
6	1	164	0.509836
6	1	165	0.511394
6	1	166	0.530851
6	1	167	0.535849
6	1	168	0.547453
6	1	169	0.559549
6	1	170	0.569927
6	1	171	0.594637
6	1	172	0.603116
6	1	173	0.603801
6	1	174	0.673433
6	1	175	0.684855
6	1	176	0.688601
6	1	177	0.714527
6	1	178	0.718217
6	1	179	0.747379
6	1	180	0.747673
6	1	181	0.78443
6	1	182	0.825547
6	1	183	0.838916
6	1	184	0.855253
6	1	185	0.855321
6	1	186	0.879731
6	1	187	0.915745
6	1	188	0.930794
6	1	189	0.958874
6	1	190	0.972582
6	1	191	0.985486
6	1	192	0.994104
6	1	193	1.00599
6	1	194	1.01104
6	1	195	1.10567
6	1	196	1.11269
6	1	197	1.14389
6	1	198	1.16126
6	1	199	1.21945
6	1	200	1.24456
6	1	201	1.24695
6	1	202	1.24745
6	1	203	1.27635
6	1	204	1.30715
6	1	205	1.33271
6	1	206	1.35914
6	1	207	1.40779
6	1	208	1.45352
6	1	209	1.4849
6	1	210	1.53938
6	1	211	1.55451
6	1	212	1.60355
6	1	213	1.66683
6	1	214	1.69767
6	1	215	1.77223
6	1	216	1.8099
6	1	217	1.86469
6	1	218	1.99912
6	1	219	2.00703
6	1	220	2.15222
6	1	221	2.17952
6	1	222	2.34586
6	1	223	2.46803
6	1	224	2.78272
6	2	0	-2.27143
6	2	1	-1.9579
6	2	2	-1.95352
6	2	3	-1.64616
6	2	4	-1.51656
6	2	5	-1.50599
6	2	6	-1.23897
6	2	7	-1.1886
6	2	8	-1.05055
6	2	9	-1.03085
6	2	10	-0.860316
6	2	11	-0.729572
6	2	12	-0.71346
6	2	13	-0.649614
6	2	14	-0.636945
6	2	15	-0.5
6	2	16	-0.414514
6	2	17	-0.395392
6	2	18	-0.319554
6	2	19	-0.297026
6	2	20	-0.265932
6	2	21	-0.148087
6	2	22	-0.0971229
6	2	23	0.0200355
6	2	24	0.127974
6	2	25	0.181198
6	2	26	0.291019
6	2	27	0.350405
6	2	28	0.511394
6	2	29	0.603116
6	2	30	0.747379
6	2	31	0.825547
6	2	32	0.958874
6	2	33	1.14389
6	2	34	1.21945
6	2	35	1.40779
6	3	0	-0.5
7	-2.5	0	-1.38546
7	-2.5	1	-1.06806
7	-2.5	2	-0.620537
7	-2.5	3	-0.145395
7	-2.5	4	0.248511
7	-2.5	5	0.470942
7	-1.5	0	-2.8417
7	-1.5	1	-2.5335
7	-1.5	2	-2.39736
7	-1.5	3	-2.12711
7	-1.5	4	-2.08575
7	-1.5	5	-2.07406
7	-1.5	6	-1.92732
7	-1.5	7	-1.79269
7	-1.5	8	-1.75042
7	-1.5	9	-1.62437
7	-1.5	10	-1.61517
7	-1.5	11	-1.59892
7	-1.5	12	-1.53021
7	-1.5	13	-1.42061
7	-1.5	14	-1.38546
7	-1.5	15	-1.31003
7	-1.5	16	-1.29029
7	-1.5	17	-1.22268
7	-1.5	18	-1.20501
7	-1.5	19	-1.18839
7	-1.5	20	-1.17569
7	-1.5	21	-1.15139
7	-1.5	22	-1.06806
7	-1.5	23	-1.03579
7	-1.5	24	-0.982579
7	-1.5	25	-0.968475
7	-1.5	26	-0.944478
7	-1.5	27	-0.888127
7	-1.5	28	-0.8683
7	-1.5	29	-0.833997
7	-1.5	30	-0.781711
7	-1.5	31	-0.757482
7	-1.5	32	-0.716932
7	-1.5	33	-0.710798
7	-1.5	34	-0.620537
7	-1.5	35	-0.597712
7	-1.5	36	-0.582257
7	-1.5	37	-0.535051
7	-1.5	38	-0.52618
7	-1.5	39	-0.490515
7	-1.5	40	-0.440091
7	-1.5	41	-0.391645
7	-1.5	42	-0.377719
7	-1.5	43	-0.328698
7	-1.5	44	-0.301846
7	-1.5	45	-0.28576
7	-1.5	46	-0.28234
7	-1.5	47	-0.21766
7	-1.5	48	-0.145442
7	-1.5	49	-0.145395
7	-1.5	50	-0.141188
7	-1.5	51	-0.0633223
7	-1.5	52	-0.0599093
7	-1.5	53	-0.0463438
7	-1.5	54	0.0350509
7	-1.5	55	0.0447764
7	-1.5	56	0.0667247
7	-1.5	57	0.0758446
7	-1.5	58	0.177187
7	-1.5	59	0.20359
7	-1.5	60	0.248511
7	-1.5	61	0.257482
7	-1.5	62	0.258506
7	-1.5	63	0.333997
7	-1.5	64	0.34225
7	-1.5	65	0.348549
7	-1.5	66	0.408419
7	-1.5	67	0.470942
7	-1.5	68	0.482579
7	-1.5	69	0.530436
7	-1.5	70	0.576842
7	-1.5	71	0.617228
7	-1.5	72	0.630677
7	-1.5	73	0.651388
7	-1.5	74	0.70501
7	-1.5	75	0.7699
7	-1.5	76	0.827224
7	-1.5	77	0.884026
7	-1.5	78	0.949201
7	-1.5	79	1.02048
7	-1.5	80	1.09892
7	-1.5	81	1.10455
7	-1.5	82	1.253
7	-1.5	83	1.2759
7	-1.5	84	1.43522
7	-1.5	85	1.48328
7	-1.5	86	1.57406
7	-1.5	87	1.73548
7	-1.5	88	1.88009
7	-1.5	89	2.12715
7	-0.5	0	-3.57247
7	-0.5	1	-3.20426
7	-0.5	2	-3.09509
7	-0.5	3	-2.8895
7	-0.5	4	-2.8417
7	-0.5	5	-2.73123
7	-0.5	6	-2.67693
7	-0.5	7	-2.62715
7	-0.5	8	-2.5335
7	-0.5	9	-2.49013
7	-0.5	10	-2.40302
7	-0.5	11	-2.39736
7	-0.5	12	-2.38009
7	-0.5	13	-2.36312
7	-0.5	14	-2.28259
7	-0.5	15	-2.23548
7	-0.5	16	-2.18548
7	-0.5	17	-2.12962
7	-0.5	18	-2.12711
7	-0.5	19	-2.09536
7	-0.5	20	-2.08575
7	-0.5	21	-2.07406
7	-0.5	22	-2.06491
7	-0.5	23	-1.98328
7	-0.5	24	-1.96607
7	-0.5	25	-1.93522
7	-0.5	26	-1.93345
7	-0.5	27	-1.92732
7	-0.5	28	-1.91666
7	-0.5	29	-1.83568
7	-0.5	30	-1.79269
7	-0.5	31	-1.78973
7	-0.5	32	-1.7759
7	-0.5	33	-1.75896
7	-0.5	34	-1.753
7	-0.5	35	-1.75042
7	-0.5	36	-1.75008
7	-0.5	37	-1.70758
7	-0.5	38	-1.62437
7	-0.5	39	-1.61868
7	-0.5	40	-1.61517
7	-0.5	41	-1.60455
7	-0.5	42	-1.6027
7	-0.5	43	-1.59892
7	-0.5	44	-1.57499
7	-0.5	45	-1.53487
7	-0.5	46	-1.53021
7	-0.5	47	-1.52048
7	-0.5	48	-1.48451
7	-0.5	49	-1.4492
7	-0.5	50	-1.442
7	-0.5	51	-1.42061
7	-0.5	52	-1.41127
7	-0.5	53	-1.38546
7	-0.5	54	-1.38541
7	-0.5	55	-1.38403
7	-0.5	56	-1.37213
7	-0.5	57	-1.32722
7	-0.5	58	-1.31358
7	-0.5	59	-1.31003
7	-0.5	60	-1.29029
7	-0.5	61	-1.27483
7	-0.5	62	-1.2699
7	-0.5	63	-1.23975
7	-0.5	64	-1.22268
7	-0.5	65	-1.20501
7	-0.5	66	-1.19956
7	-0.5	67	-1.18839
7	-0.5	68	-1.17569
7	-0.5	69	-1.16737
7	-0.5	70	-1.15698
7	-0.5	71	-1.15139
7	-0.5	72	-1.14485
7	-0.5	73	-1.13068
7	-0.5	74	-1.11723
7	-0.5	75	-1.09027
7	-0.5	76	-1.07684
7	-0.5	77	-1.06806
7	-0.5	78	-1.06335
7	-0.5	79	-1.03579
7	-0.5	80	-1.03044
7	-0.5	81	-1.01918
7	-0.5	82	-0.982579
7	-0.5	83	-0.970942
7	-0.5	84	-0.968475
7	-0.5	85	-0.953668
7	-0.5	86	-0.944478
7	-0.5	87	-0.930909
7	-0.5	88	-0.914962
7	-0.5	89	-0.911923
7	-0.5	90	-0.908419
7	-0.5	91	-0.892355
7	-0.5	92	-0.888127
7	-0.5	93	-0.8683
7	-0.5	94	-0.866177
7	-0.5	95	-0.849651
7	-0.5	96	-0.848549
7	-0.5	97	-0.84225
7	-0.5	98	-0.833997
7	-0.5	99	-0.820299
7	-0.5	100	-0.781711
7	-0.5	101	-0.770142
7	-0.5	102	-0.758506
7	-0.5	103	-0.757843
7	-0.5	104	-0.757482
7	-0.5	105	-0.748511
7	-0.5	106	-0.724692
7	-0.5	107	-0.716932
7	-0.5	108	-0.710798
7	-0.5	109	-0.70359
7	-0.5	110	-0.688272
7	-0.5	111	-0.677187
7	-0.5	112	-0.673622
7	-0.5	113	-0.620537
7	-0.5	114	-0.619559
7	-0.5	115	-0.597712
7	-0.5	116	-0.595842
7	-0.5	117	-0.582257
7	-0.5	118	-0.575845
7	-0.5	119	-0.566725
7	-0.5	120	-0.566256
7	-0.5	121	-0.544776
7	-0.5	122	-0.538858
7	-0.5	123	-0.535051
7	-0.5	124	-0.531937
7	-0.5	125	-0.52618
7	-0.5	126	-0.505319
7	-0.5	127	-0.490515
7	-0.5	128	-0.488815
7	-0.5	129	-0.469278
7	-0.5	130	-0.457696
7	-0.5	131	-0.453656
7	-0.5	132	-0.440091
7	-0.5	133	-0.436678
7	-0.5	134	-0.391652
7	-0.5	135	-0.391645
7	-0.5	136	-0.385959
7	-0.5	137	-0.377719
7	-0.5	138	-0.358812
7	-0.5	139	-0.355019
7	-0.5	140	-0.354605
7	-0.5	141	-0.354558
7	-0.5	142	-0.336757
7	-0.5	143	-0.328698
7	-0.5	144	-0.315679
7	-0.5	145	-0.308411
7	-0.5	146	-0.301846
7	-0.5	147	-0.28576
7	-0.5	148	-0.283205
7	-0.5	149	-0.28234
7	-0.5	150	-0.21766
7	-0.5	151	-0.216795
7	-0.5	152	-0.21424
7	-0.5	153	-0.198154
7	-0.5	154	-0.191589
7	-0.5	155	-0.184321
7	-0.5	156	-0.171302
7	-0.5	157	-0.163243
7	-0.5	158	-0.145442
7	-0.5	159	-0.145395
7	-0.5	160	-0.144981
7	-0.5	161	-0.141188
7	-0.5	162	-0.122281
7	-0.5	163	-0.114041
7	-0.5	164	-0.108355
7	-0.5	165	-0.108348
7	-0.5	166	-0.0633223
7	-0.5	167	-0.0599093
7	-0.5	168	-0.0463438
7	-0.5	169	-0.0423043
7	-0.5	170	-0.0307222
7	-0.5	171	-0.0111851
7	-0.5	172	-0.00948507
7	-0.5	173	0.00531861
7	-0.5	174	0.0261804
7	-0.5	175	0.0319372
7	-0.5	176	0.0350509
7	-0.5	177	0.0388583
7	-0.5	178	0.0447764
7	-0.5	179	0.0662563
7	-0.5	180	0.0667247
7	-0.5	181	0.0758446
7	-0.5	182	0.0822569
7	-0.5	183	0.0958419
7	-0.5	184	0.097712
7	-0.5	185	0.119559
7	-0.5	186	0.120537
7	-0.5	187	0.173622
7	-0.5	188	0.177187
7	-0.5	189	0.188272
7	-0.5	190	0.20359
7	-0.5	191	0.210798
7	-0.5	192	0.216932
7	-0.5	193	0.224692
7	-0.5	194	0.248511
7	-0.5	195	0.257482
7	-0.5	196	0.257843
7	-0.5	197	0.258506
7	-0.5	198	0.270142
7	-0.5	199	0.281711
7	-0.5	200	0.320299
7	-0.5	201	0.333997
7	-0.5	202	0.34225
7	-0.5	203	0.348549
7	-0.5	204	0.349651
7	-0.5	205	0.366177
7	-0.5	206	0.3683
7	-0.5	207	0.388127
7	-0.5	208	0.392355
7	-0.5	209	0.408419
7	-0.5	210	0.411923
7	-0.5	211	0.414962
7	-0.5	212	0.430909
7	-0.5	213	0.444478
7	-0.5	214	0.453668
7	-0.5	215	0.468475
7	-0.5	216	0.470942
7	-0.5	217	0.482579
7	-0.5	218	0.519175
7	-0.5	219	0.530436
7	-0.5	220	0.53579
7	-0.5	221	0.563349
7	-0.5	222	0.568065
7	-0.5	223	0.576842
7	-0.5	224	0.590274
7	-0.5	225	0.617228
7	-0.5	226	0.630677
7	-0.5	227	0.644855
7	-0.5	228	0.651388
7	-0.5	229	0.656982
7	-0.5	230	0.667369
7	-0.5	231	0.675686
7	-0.5	232	0.688387
7	-0.5	233	0.699561
7	-0.5	234	0.70501
7	-0.5	235	0.722677
7	-0.5	236	0.739755
7	-0.5	237	0.7699
7	-0.5	238	0.774834
7	-0.5	239	0.790293
7	-0.5	240	0.81003
7	-0.5	241	0.81358
7	-0.5	242	0.827224
7	-0.5	243	0.87213
7	-0.5	244	0.884026
7	-0.5	245	0.88541
7	-0.5	246	0.885456
7	-0.5	247	0.911271
7	-0.5	248	0.92061
7	-0.5	249	0.942
7	-0.5	250	0.949201
7	-0.5	251	0.984512
7	-0.5	252	1.02048
7	-0.5	253	1.03021
7	-0.5	254	1.03487
7	-0.5	255	1.07499
7	-0.5	256	1.09892
7	-0.5	257	1.1027
7	-0.5	258	1.10455
7	-0.5	259	1.11517
7	-0.5	260	1.11868
7	-0.5	261	1.12437
7	-0.5	262	1.20758
7	-0.5	263	1.25008
7	-0.5	264	1.25042
7	-0.5	265	1.253
7	-0.5	266	1.25896
7	-0.5	267	1.2759
7	-0.5	268	1.28973
7	-0.5	269	1.29269
7	-0.5	270	1.33568
7	-0.5	271	1.41666
7	-0.5	272	1.42732
7	-0.5	273	1.43345
7	-0.5	274	1.43522
7	-0.5	275	1.46607
7	-0.5	276	1.48328
7	-0.5	277	1.56491
7	-0.5	278	1.57406
7	-0.5	279	1.58575
7	-0.5	280	1.59536
7	-0.5	281	1.62711
7	-0.5	282	1.62962
7	-0.5	283	1.68548
7	-0.5	284	1.73548
7	-0.5	285	1.78259
7	-0.5	286	1.86312
7	-0.5	287	1.88009
7	-0.5	288	1.89736
7	-0.5	289	1.90302
7	-0.5	290	1.99013
7	-0.5	291	2.0335
7	-0.5	292	2.12715
7	-0.5	293	2.17693
7	-0.5	294	2.23123
7	-0.5	295	2.3417
7	-0.5	296	2.3895
7	-0.5	297	2.59509
7	-0.5	298	2.70426
7	-0.5	299	3.07247
7	0.5	0	-3.57247
7	0.5	1	-3.20426
7	0.5	2	-3.09509
7	0.5	3	-2.8895
7	0.5	4	-2.8417
7	0.5	5	-2.73123
7	0.5	6	-2.67693
7	0.5	7	-2.62715
7	0.5	8	-2.5335
7	0.5	9	-2.49013
7	0.5	10	-2.40302
7	0.5	11	-2.39736
7	0.5	12	-2.38009
7	0.5	13	-2.36312
7	0.5	14	-2.28259
7	0.5	15	-2.23548
7	0.5	16	-2.18548
7	0.5	17	-2.12962
7	0.5	18	-2.12711
7	0.5	19	-2.09536
7	0.5	20	-2.08575
7	0.5	21	-2.07406
7	0.5	22	-2.06491
7	0.5	23	-1.98328
7	0.5	24	-1.96607
7	0.5	25	-1.93522
7	0.5	26	-1.93345
7	0.5	27	-1.92732
7	0.5	28	-1.91666
7	0.5	29	-1.83568
7	0.5	30	-1.79269
7	0.5	31	-1.78973
7	0.5	32	-1.7759
7	0.5	33	-1.75896
7	0.5	34	-1.753
7	0.5	35	-1.75042
7	0.5	36	-1.75008
7	0.5	37	-1.70758
7	0.5	38	-1.62437
7	0.5	39	-1.61868
7	0.5	40	-1.61517
7	0.5	41	-1.60455
7	0.5	42	-1.6027
7	0.5	43	-1.59892
7	0.5	44	-1.57499
7	0.5	45	-1.53487
7	0.5	46	-1.53021
7	0.5	47	-1.52048
7	0.5	48	-1.48451
7	0.5	49	-1.4492
7	0.5	50	-1.442
7	0.5	51	-1.42061
7	0.5	52	-1.41127
7	0.5	53	-1.38546
7	0.5	54	-1.38541
7	0.5	55	-1.38403
7	0.5	56	-1.37213
7	0.5	57	-1.32722
7	0.5	58	-1.31358
7	0.5	59	-1.31003
7	0.5	60	-1.29029
7	0.5	61	-1.27483
7	0.5	62	-1.2699
7	0.5	63	-1.23975
7	0.5	64	-1.22268
7	0.5	65	-1.20501
7	0.5	66	-1.19956
7	0.5	67	-1.18839
7	0.5	68	-1.17569
7	0.5	69	-1.16737
7	0.5	70	-1.15698
7	0.5	71	-1.15139
7	0.5	72	-1.14485
7	0.5	73	-1.13068
7	0.5	74	-1.11723
7	0.5	75	-1.09027
7	0.5	76	-1.07684
7	0.5	77	-1.06806
7	0.5	78	-1.06335
7	0.5	79	-1.03579
7	0.5	80	-1.03044
7	0.5	81	-1.01918
7	0.5	82	-0.982579
7	0.5	83	-0.970942
7	0.5	84	-0.968475
7	0.5	85	-0.953668
7	0.5	86	-0.944478
7	0.5	87	-0.930909
7	0.5	88	-0.914962
7	0.5	89	-0.911923
7	0.5	90	-0.908419
7	0.5	91	-0.892355
7	0.5	92	-0.888127
7	0.5	93	-0.8683
7	0.5	94	-0.866177
7	0.5	95	-0.849651
7	0.5	96	-0.848549
7	0.5	97	-0.84225
7	0.5	98	-0.833997
7	0.5	99	-0.820299
7	0.5	100	-0.781711
7	0.5	101	-0.770142
7	0.5	102	-0.758506
7	0.5	103	-0.757843
7	0.5	104	-0.757482
7	0.5	105	-0.748511
7	0.5	106	-0.724692
7	0.5	107	-0.716932
7	0.5	108	-0.710798
7	0.5	109	-0.70359
7	0.5	110	-0.688272
7	0.5	111	-0.677187
7	0.5	112	-0.673622
7	0.5	113	-0.620537
7	0.5	114	-0.619559
7	0.5	115	-0.597712
7	0.5	116	-0.595842
7	0.5	117	-0.582257
7	0.5	118	-0.575845
7	0.5	119	-0.566725
7	0.5	120	-0.566256
7	0.5	121	-0.544776
7	0.5	122	-0.538858
7	0.5	123	-0.535051
7	0.5	124	-0.531937
7	0.5	125	-0.52618
7	0.5	126	-0.505319
7	0.5	127	-0.490515
7	0.5	128	-0.488815
7	0.5	129	-0.469278
7	0.5	130	-0.457696
7	0.5	131	-0.453656
7	0.5	132	-0.440091
7	0.5	133	-0.436678
7	0.5	134	-0.391652
7	0.5	135	-0.391645
7	0.5	136	-0.385959
7	0.5	137	-0.377719
7	0.5	138	-0.358812
7	0.5	139	-0.355019
7	0.5	140	-0.354605
7	0.5	141	-0.354558
7	0.5	142	-0.336757
7	0.5	143	-0.328698
7	0.5	144	-0.315679
7	0.5	145	-0.308411
7	0.5	146	-0.301846
7	0.5	147	-0.28576
7	0.5	148	-0.283205
7	0.5	149	-0.28234
7	0.5	150	-0.21766
7	0.5	151	-0.216795
7	0.5	152	-0.21424
7	0.5	153	-0.198154
7	0.5	154	-0.191589
7	0.5	155	-0.184321
7	0.5	156	-0.171302
7	0.5	157	-0.163243
7	0.5	158	-0.145442
7	0.5	159	-0.145395
7	0.5	160	-0.144981
7	0.5	161	-0.141188
7	0.5	162	-0.122281
7	0.5	163	-0.114041
7	0.5	164	-0.108355
7	0.5	165	-0.108348
7	0.5	166	-0.0633223
7	0.5	167	-0.0599093
7	0.5	168	-0.0463438
7	0.5	169	-0.0423043
7	0.5	170	-0.0307222
7	0.5	171	-0.0111851
7	0.5	172	-0.00948507
7	0.5	173	0.00531861
7	0.5	174	0.0261804
7	0.5	175	0.0319372
7	0.5	176	0.0350509
7	0.5	177	0.0388583
7	0.5	178	0.0447764
7	0.5	179	0.0662563
7	0.5	180	0.0667247
7	0.5	181	0.0758446
7	0.5	182	0.0822569
7	0.5	183	0.0958419
7	0.5	184	0.097712
7	0.5	185	0.119559
7	0.5	186	0.120537
7	0.5	187	0.173622
7	0.5	188	0.177187
7	0.5	189	0.188272
7	0.5	190	0.20359
7	0.5	191	0.210798
7	0.5	192	0.216932
7	0.5	193	0.224692
7	0.5	194	0.248511
7	0.5	195	0.257482
7	0.5	196	0.257843
7	0.5	197	0.258506
7	0.5	198	0.270142
7	0.5	199	0.281711
7	0.5	200	0.320299
7	0.5	201	0.333997
7	0.5	202	0.34225
7	0.5	203	0.348549
7	0.5	204	0.349651
7	0.5	205	0.366177
7	0.5	206	0.3683
7	0.5	207	0.388127
7	0.5	208	0.392355
7	0.5	209	0.408419
7	0.5	210	0.411923
7	0.5	211	0.414962
7	0.5	212	0.430909
7	0.5	213	0.444478
7	0.5	214	0.453668
7	0.5	215	0.468475
7	0.5	216	0.470942
7	0.5	217	0.482579
7	0.5	218	0.519175
7	0.5	219	0.530436
7	0.5	220	0.53579
7	0.5	221	0.563349
7	0.5	222	0.568065
7	0.5	223	0.576842
7	0.5	224	0.590274
7	0.5	225	0.617228
7	0.5	226	0.630677
7	0.5	227	0.644855
7	0.5	228	0.651388
7	0.5	229	0.656982
7	0.5	230	0.667369
7	0.5	231	0.675686
7	0.5	232	0.688387
7	0.5	233	0.699561
7	0.5	234	0.70501
7	0.5	235	0.722677
7	0.5	236	0.739755
7	0.5	237	0.7699
7	0.5	238	0.774834
7	0.5	239	0.790293
7	0.5	240	0.81003
7	0.5	241	0.81358
7	0.5	242	0.827224
7	0.5	243	0.87213
7	0.5	244	0.884026
7	0.5	245	0.88541
7	0.5	246	0.885456
7	0.5	247	0.911271
7	0.5	248	0.92061
7	0.5	249	0.942
7	0.5	250	0.949201
7	0.5	251	0.984512
7	0.5	252	1.02048
7	0.5	253	1.03021
7	0.5	254	1.03487
7	0.5	255	1.07499
7	0.5	256	1.09892
7	0.5	257	1.1027
7	0.5	258	1.10455
7	0.5	259	1.11517
7	0.5	260	1.11868
7	0.5	261	1.12437
7	0.5	262	1.20758
7	0.5	263	1.25008
7	0.5	264	1.25042
7	0.5	265	1.253
7	0.5	266	1.25896
7	0.5	267	1.2759
7	0.5	268	1.28973
7	0.5	269	1.29269
7	0.5	270	1.33568
7	0.5	271	1.41666
7	0.5	272	1.42732
7	0.5	273	1.43345
7	0.5	274	1.43522
7	0.5	275	1.46607
7	0.5	276	1.48328
7	0.5	277	1.56491
7	0.5	278	1.57406
7	0.5	279	1.58575
7	0.5	280	1.59536
7	0.5	281	1.62711
7	0.5	282	1.62962
7	0.5	283	1.68548
7	0.5	284	1.73548
7	0.5	285	1.78259
7	0.5	286	1.86312
7	0.5	287	1.88009
7	0.5	288	1.89736
7	0.5	289	1.90302
7	0.5	290	1.99013
7	0.5	291	2.0335
7	0.5	292	2.12715
7	0.5	293	2.17693
7	0.5	294	2.23123
7	0.5	295	2.3417
7	0.5	296	2.3895
7	0.5	297	2.59509
7	0.5	298	2.70426
7	0.5	299	3.07247
7	1.5	0	-2.8417
7	1.5	1	-2.5335
7	1.5	2	-2.39736
7	1.5	3	-2.12711
7	1.5	4	-2.08575
7	1.5	5	-2.07406
7	1.5	6	-1.92732
7	1.5	7	-1.79269
7	1.5	8	-1.75042
7	1.5	9	-1.62437
7	1.5	10	-1.61517
7	1.5	11	-1.59892
7	1.5	12	-1.53021
7	1.5	13	-1.42061
7	1.5	14	-1.38546
7	1.5	15	-1.31003
7	1.5	16	-1.29029
7	1.5	17	-1.22268
7	1.5	18	-1.20501
7	1.5	19	-1.18839
7	1.5	20	-1.17569
7	1.5	21	-1.15139
7	1.5	22	-1.06806
7	1.5	23	-1.03579
7	1.5	24	-0.982579
7	1.5	25	-0.968475
7	1.5	26	-0.944478
7	1.5	27	-0.888127
7	1.5	28	-0.8683
7	1.5	29	-0.833997
7	1.5	30	-0.781711
7	1.5	31	-0.757482
7	1.5	32	-0.716932
7	1.5	33	-0.710798
7	1.5	34	-0.620537
7	1.5	35	-0.597712
7	1.5	36	-0.582257
7	1.5	37	-0.535051
7	1.5	38	-0.52618
7	1.5	39	-0.490515
7	1.5	40	-0.440091
7	1.5	41	-0.391645
7	1.5	42	-0.377719
7	1.5	43	-0.328698
7	1.5	44	-0.301846
7	1.5	45	-0.28576
7	1.5	46	-0.28234
7	1.5	47	-0.21766
7	1.5	48	-0.145442
7	1.5	49	-0.145395
7	1.5	50	-0.141188
7	1.5	51	-0.0633223
7	1.5	52	-0.0599093
7	1.5	53	-0.0463438
7	1.5	54	0.0350509
7	1.5	55	0.0447764
7	1.5	56	0.0667247
7	1.5	57	0.0758446
7	1.5	58	0.177187
7	1.5	59	0.20359
7	1.5	60	0.248511
7	1.5	61	0.257482
7	1.5	62	0.258506
7	1.5	63	0.333997
7	1.5	64	0.34225
7	1.5	65	0.348549
7	1.5	66	0.408419
7	1.5	67	0.470942
7	1.5	68	0.482579
7	1.5	69	0.530436
7	1.5	70	0.576842
7	1.5	71	0.617228
7	1.5	72	0.630677
7	1.5	73	0.651388
7	1.5	74	0.70501
7	1.5	75	0.7699
7	1.5	76	0.827224
7	1.5	77	0.884026
7	1.5	78	0.949201
7	1.5	79	1.02048
7	1.5	80	1.09892
7	1.5	81	1.10455
7	1.5	82	1.253
7	1.5	83	1.2759
7	1.5	84	1.43522
7	1.5	85	1.48328
7	1.5	86	1.57406
7	1.5	87	1.73548
7	1.5	88	1.88009
7	1.5	89	2.12715
7	2.5	0	-1.38546
7	2.5	1	-1.06806
7	2.5	2	-0.620537
7	2.5	3	-0.145395
7	2.5	4	0.248511
7	2.5	5	0.470942
8	-2	0	-1.95352
8	-2	1	-1.50599
8	-2	2	-1.1886
8	-2	3	-1.03085
8	-2	4	-0.71346
8	-2	5	-0.636945
8	-2	6	-0.414514
8	-2	7	-0.319554
8	-2	8	-0.265932
8	-2	9	-0.0971229
8	-2	10	0.127974
8	-2	11	0.350405
8	-2	12	0.603116
8	-2	13	0.825547
8	-2	14	1.21945
8	-1	0	-2.96803
8	-1	1	-2.67952
8	-1	2	-2.49912
8	-1	3	-2.3099
8	-1	4	-2.19767
8	-1	5	-2.10355
8	-1	6	-2.05451
8	-1	7	-1.95352
8	-1	8	-1.85914
8	-1	9	-1.83271
8	-1	10	-1.77635
8	-1	11	-1.74745
8	-1	12	-1.71945
8	-1	13	-1.66126
8	-1	14	-1.60567
8	-1	15	-1.50599
8	-1	16	-1.4941
8	-1	17	-1.47258
8	-1	18	-1.41575
8	-1	19	-1.37973
8	-1	20	-1.35525
8	-1	21	-1.32555
8	-1	22	-1.28443
8	-1	23	-1.21453
8	-1	24	-1.1886
8	-1	25	-1.18486
8	-1	26	-1.17343
8	-1	27	-1.10312
8	-1	28	-1.09464
8	-1	29	-1.04745
8	-1	30	-1.03585
8	-1	31	-1.03085
8	-1	32	-0.950324
8	-1	33	-0.937377
8	-1	34	-0.89427
8	-1	35	-0.865632
8	-1	36	-0.850405
8	-1	37	-0.846462
8	-1	38	-0.819644
8	-1	39	-0.713724
8	-1	40	-0.71346
8	-1	41	-0.711467
8	-1	42	-0.686489
8	-1	43	-0.636945
8	-1	44	-0.633527
8	-1	45	-0.627974
8	-1	46	-0.560852
8	-1	47	-0.547869
8	-1	48	-0.541021
8	-1	49	-0.491809
8	-1	50	-0.482272
8	-1	51	-0.448773
8	-1	52	-0.414514
8	-1	53	-0.402877
8	-1	54	-0.380632
8	-1	55	-0.319554
8	-1	56	-0.309196
8	-1	57	-0.272468
8	-1	58	-0.265932
8	-1	59	-0.259046
8	-1	60	-0.240954
8	-1	61	-0.234068
8	-1	62	-0.227532
8	-1	63	-0.190804
8	-1	64	-0.180446
8	-1	65	-0.119368
8	-1	66	-0.0971229
8	-1	67	-0.0854858
8	-1	68	-0.0512267
8	-1	69	-0.0177282
8	-1	70	-0.00819087
8	-1	71	0.0410211
8	-1	72	0.0478685
8	-1	73	0.0608516
8	-1	74	0.127974
8	-1	75	0.133527
8	-1	76	0.136945
8	-1	77	0.186489
8	-1	78	0.211467
8	-1	79	0.21346
8	-1	80	0.213724
8	-1	81	0.319644
8	-1	82	0.346462
8	-1	83	0.350405
8	-1	84	0.365632
8	-1	85	0.39427
8	-1	86	0.437377
8	-1	87	0.450324
8	-1	88	0.530851
8	-1	89	0.535849
8	-1	90	0.547453
8	-1	91	0.594637
8	-1	92	0.603116
8	-1	93	0.673433
8	-1	94	0.684855
8	-1	95	0.688601
8	-1	96	0.714527
8	-1	97	0.78443
8	-1	98	0.825547
8	-1	99	0.855253
8	-1	100	0.879731
8	-1	101	0.915745
8	-1	102	0.972582
8	-1	103	0.994104
8	-1	104	1.00599
8	-1	105	1.10567
8	-1	106	1.16126
8	-1	107	1.21945
8	-1	108	1.24745
8	-1	109	1.27635
8	-1	110	1.33271
8	-1	111	1.35914
8	-1	112	1.45352
8	-1	113	1.55451
8	-1	114	1.60355
8	-1	115	1.69767
8	-1	116	1.8099
8	-1	117	1.99912
8	-1	118	2.17952
8	-1	119	2.46803
8	0	0	-3.28272
8	0	1	-2.96803
8	0	2	-2.84586
8	0	3	-2.67952
8	0	4	-2.65222
8	0	5	-2.50703
8	0	6	-2.49912
8	0	7	-2.36469
8	0	8	-2.3099
8	0	9	-2.27223
8	0	10	-2.19767
8	0	11	-2.16683
8	0	12	-2.10355
8	0	13	-2.05451
8	0	14	-2.03938
8	0	15	-1.9849
8	0	16	-1.95352
8	0	17	-1.90779
8	0	18	-1.85914
8	0	19	-1.83271
8	0	20	-1.80715
8	0	21	-1.77635
8	0	22	-1.74745
8	0	23	-1.74695
8	0	24	-1.74456
8	0	25	-1.71945
8	0	26	-1.66126
8	0	27	-1.64389
8	0	28	-1.61269
8	0	29	-1.60567
8	0	30	-1.51104
8	0	31	-1.50599
8	0	32	-1.4941
8	0	33	-1.48549
8	0	34	-1.47258
8	0	35	-1.45887
8	0	36	-1.43079
8	0	37	-1.41575
8	0	38	-1.37973
8	0	39	-1.35532
8	0	40	-1.35525
8	0	41	-1.33892
8	0	42	-1.32555
8	0	43	-1.28443
8	0	44	-1.24767
8	0	45	-1.24738
8	0	46	-1.21822
8	0	47	-1.21453
8	0	48	-1.1886
8	0	49	-1.18486
8	0	50	-1.17343
8	0	51	-1.1038
8	0	52	-1.10312
8	0	53	-1.09464
8	0	54	-1.06993
8	0	55	-1.05955
8	0	56	-1.04745
8	0	57	-1.03585
8	0	58	-1.03085
8	0	59	-1.01139
8	0	60	-1.00984
8	0	61	-1.00606
8	0	62	-0.950324
8	0	63	-0.937377
8	0	64	-0.894958
8	0	65	-0.89427
8	0	66	-0.882336
8	0	67	-0.865632
8	0	68	-0.850421
8	0	69	-0.850405
8	0	70	-0.846462
8	0	71	-0.822802
8	0	72	-0.819644
8	0	73	-0.791019
8	0	74	-0.719211
8	0	75	-0.713724
8	0	76	-0.71346
8	0	77	-0.711467
8	0	78	-0.699695
8	0	79	-0.686489
8	0	80	-0.681198
8	0	81	-0.636945
8	0	82	-0.633527
8	0	83	-0.631405
8	0	84	-0.627974
8	0	85	-0.609897
8	0	86	-0.57644
8	0	87	-0.560852
8	0	88	-0.547869
8	0	89	-0.541021
8	0	90	-0.520035
8	0	91	-0.502157
8	0	92	-0.491809
8	0	93	-0.482272
8	0	94	-0.475326
8	0	95	-0.448773
8	0	96	-0.448618
8	0	97	-0.437926
8	0	98	-0.414514
8	0	99	-0.402877
8	0	100	-0.380632
8	0	101	-0.367531
8	0	102	-0.351913
8	0	103	-0.33428
8	0	104	-0.319554
8	0	105	-0.309196
8	0	106	-0.272468
8	0	107	-0.265932
8	0	108	-0.259046
8	0	109	-0.245632
8	0	110	-0.240954
8	0	111	-0.234068
8	0	112	-0.227532
8	0	113	-0.20925
8	0	114	-0.202974
8	0	115	-0.190804
8	0	116	-0.180446
8	0	117	-0.175613
8	0	118	-0.156118
8	0	119	-0.152591
8	0	120	-0.119368
8	0	121	-0.104608
8	0	122	-0.0971229
8	0	123	-0.0854858
8	0	124	-0.0814068
8	0	125	-0.0512267
8	0	126	-0.0177282
8	0	127	-0.00819087
8	0	128	-0.00478507
8	0	129	-2.29482e-16
8	0	130	0.0179245
8	0	131	0.0410211
8	0	132	0.0478685
8	0	133	0.0587298
8	0	134	0.0608516
8	0	135	0.125067
8	0	136	0.127974
8	0	137	0.133527
8	0	138	0.136945
8	0	139	0.139408
8	0	140	0.149614
8	0	141	0.179542
8	0	142	0.186489
8	0	143	0.211467
8	0	144	0.21346
8	0	145	0.213724
8	0	146	0.226094
8	0	147	0.229572
8	0	148	0.302556
8	0	149	0.319644
8	0	150	0.327239
8	0	151	0.346462
8	0	152	0.350405
8	0	153	0.360316
8	0	154	0.365378
8	0	155	0.365632
8	0	156	0.39427
8	0	157	0.398892
8	0	158	0.437377
8	0	159	0.448276
8	0	160	0.450324
8	0	161	0.521588
8	0	162	0.526618
8	0	163	0.530851
8	0	164	0.535849
8	0	165	0.54494
8	0	166	0.547453
8	0	167	0.550546
8	0	168	0.594637
8	0	169	0.603116
8	0	170	0.673433
8	0	171	0.684855
8	0	172	0.684941
8	0	173	0.688601
8	0	174	0.7009
8	0	175	0.714527
8	0	176	0.731604
8	0	177	0.738974
8	0	178	0.76911
8	0	179	0.78443
8	0	180	0.795265
8	0	181	0.825547
8	0	182	0.855253
8	0	183	0.879731
8	0	184	0.902409
8	0	185	0.915745
8	0	186	0.971395
8	0	187	0.972582
8	0	188	0.982624
8	0	189	0.994104
8	0	190	1.00599
8	0	191	1.01656
8	0	192	1.0919
8	0	193	1.10567
8	0	194	1.10922
8	0	195	1.14616
8	0	196	1.16126
8	0	197	1.21945
8	0	198	1.24745
8	0	199	1.25763
8	0	200	1.27635
8	0	201	1.29742
8	0	202	1.33271
8	0	203	1.35059
8	0	204	1.35914
8	0	205	1.42176
8	0	206	1.45352
8	0	207	1.4579
8	0	208	1.49782
8	0	209	1.55451
8	0	210	1.58173
8	0	211	1.60355
8	0	212	1.69767
8	0	213	1.71474
8	0	214	1.77143
8	0	215	1.8099
8	0	216	1.81778
8	0	217	1.99912
8	0	218	2.01189
8	0	219	2.14185
8	0	220	2.17952
8	0	221	2.19032
8	0	222	2.46803
8	0	223	2.51567
8	0	224	2.9214
8	1	0	-2.96803
8	1	1	-2.67952
8	1	2	-2.49912
8	1	3	-2.3099
8	1	4	-2.19767
8	1	5	-2.10355
8	1	6	-2.05451
8	1	7	-1.95352
8	1	8	-1.85914
8	1	9	-1.83271
8	1	10	-1.77635
8	1	11	-1.74745
8	1	12	-1.71945
8	1	13	-1.66126
8	1	14	-1.60567
8	1	15	-1.50599
8	1	16	-1.4941
8	1	17	-1.47258
8	1	18	-1.41575
8	1	19	-1.37973
8	1	20	-1.35525
8	1	21	-1.32555
8	1	22	-1.28443
8	1	23	-1.21453
8	1	24	-1.1886
8	1	25	-1.18486
8	1	26	-1.17343
8	1	27	-1.10312
8	1	28	-1.09464
8	1	29	-1.04745
8	1	30	-1.03585
8	1	31	-1.03085
8	1	32	-0.950324
8	1	33	-0.937377
8	1	34	-0.89427
8	1	35	-0.865632
8	1	36	-0.850405
8	1	37	-0.846462
8	1	38	-0.819644
8	1	39	-0.713724
8	1	40	-0.71346
8	1	41	-0.711467
8	1	42	-0.686489
8	1	43	-0.636945
8	1	44	-0.633527
8	1	45	-0.627974
8	1	46	-0.560852
8	1	47	-0.547869
8	1	48	-0.541021
8	1	49	-0.491809
8	1	50	-0.482272
8	1	51	-0.448773
8	1	52	-0.414514
8	1	53	-0.402877
8	1	54	-0.380632
8	1	55	-0.319554
8	1	56	-0.309196
8	1	57	-0.272468
8	1	58	-0.265932
8	1	59	-0.259046
8	1	60	-0.240954
8	1	61	-0.234068
8	1	62	-0.227532
8	1	63	-0.190804
8	1	64	-0.180446
8	1	65	-0.119368
8	1	66	-0.0971229
8	1	67	-0.0854858
8	1	68	-0.0512267
8	1	69	-0.0177282
8	1	70	-0.00819087
8	1	71	0.0410211
8	1	72	0.0478685
8	1	73	0.0608516
8	1	74	0.127974
8	1	75	0.133527
8	1	76	0.136945
8	1	77	0.186489
8	1	78	0.211467
8	1	79	0.21346
8	1	80	0.213724
8	1	81	0.319644
8	1	82	0.346462
8	1	83	0.350405
8	1	84	0.365632
8	1	85	0.39427
8	1	86	0.437377
8	1	87	0.450324
8	1	88	0.530851
8	1	89	0.535849
8	1	90	0.547453
8	1	91	0.594637
8	1	92	0.603116
8	1	93	0.673433
8	1	94	0.684855
8	1	95	0.688601
8	1	96	0.714527
8	1	97	0.78443
8	1	98	0.825547
8	1	99	0.855253
8	1	100	0.879731
8	1	101	0.915745
8	1	102	0.972582
8	1	103	0.994104
8	1	104	1.00599
8	1	105	1.10567
8	1	106	1.16126
8	1	107	1.21945
8	1	108	1.24745
8	1	109	1.27635
8	1	110	1.33271
8	1	111	1.35914
8	1	112	1.45352
8	1	113	1.55451
8	1	114	1.60355
8	1	115	1.69767
8	1	116	1.8099
8	1	117	1.99912
8	1	118	2.17952
8	1	119	2.46803
8	2	0	-1.95352
8	2	1	-1.50599
8	2	2	-1.1886
8	2	3	-1.03085
8	2	4	-0.71346
8	2	5	-0.636945
8	2	6	-0.414514
8	2	7	-0.319554
8	2	8	-0.265932
8	2	9	-0.0971229
8	2	10	0.127974
8	2	11	0.350405
8	2	12	0.603116
8	2	13	0.825547
8	2	14	1.21945
9	-1.5	0	-2.07406
9	-1.5	1	-1.59892
9	-1.5	2	-1.20501
9	-1.5	3	-1.15139
9	-1.5	4	-0.982579
9	-1.5	5	-0.833997
9	-1.5	6	-0.757482
9	-1.5	7	-0.535051
9	-1.5	8	-0.440091
9	-1.5	9	-0.28234
9	-1.5	10	-0.21766
9	-1.5	11	-0.0599093
9	-1.5	12	0.0350509
9	-1.5	13	0.257482
9	-1.5	14	0.333997
9	-1.5	15	0.482579
9	-1.5	16	0.651388
9	-1.5	17	0.70501
9	-1.5	18	1.09892
9	-1.5	19	1.57406
9	-0.5	0	-2.62715
9	-0.5	1	-2.38009
9	-0.5	2	-2.23548
9	-0.5	3	-2.07406
9	-0.5	4	-1.98328
9	-0.5	5	-1.93522
9	-0.5	6	-1.7759
9	-0.5	7	-1.753
9	-0.5	8	-1.60455
9	-0.5	9	-1.59892
9	-0.5	10	-1.52048
9	-0.5	11	-1.4492
9	-0.5	12	-1.38403
9	-0.5	13	-1.32722
9	-0.5	14	-1.2699
9	-0.5	15	-1.20501
9	-0.5	16	-1.15139
9	-0.5	17	-1.13068
9	-0.5	18	-1.11723
9	-0.5	19	-1.07684
9	-0.5	20	-1.03044
9	-0.5	21	-0.982579
9	-0.5	22	-0.970942
9	-0.5	23	-0.908419
9	-0.5	24	-0.848549
9	-0.5	25	-0.84225
9	-0.5	26	-0.833997
9	-0.5	27	-0.758506
9	-0.5	28	-0.757482
9	-0.5	29	-0.748511
9	-0.5	30	-0.70359
9	-0.5	31	-0.677187
9	-0.5	32	-0.575845
9	-0.5	33	-0.566725
9	-0.5	34	-0.544776
9	-0.5	35	-0.535051
9	-0.5	36	-0.453656
9	-0.5	37	-0.440091
9	-0.5	38	-0.436678
9	-0.5	39	-0.358812
9	-0.5	40	-0.354605
9	-0.5	41	-0.354558
9	-0.5	42	-0.28234
9	-0.5	43	-0.21766
9	-0.5	44	-0.21424
9	-0.5	45	-0.198154
9	-0.5	46	-0.171302
9	-0.5	47	-0.122281
9	-0.5	48	-0.108355
9	-0.5	49	-0.0599093
9	-0.5	50	-0.00948507
9	-0.5	51	0.0261804
9	-0.5	52	0.0350509
9	-0.5	53	0.0822569
9	-0.5	54	0.097712
9	-0.5	55	0.120537
9	-0.5	56	0.210798
9	-0.5	57	0.216932
9	-0.5	58	0.257482
9	-0.5	59	0.281711
9	-0.5	60	0.333997
9	-0.5	61	0.3683
9	-0.5	62	0.388127
9	-0.5	63	0.444478
9	-0.5	64	0.468475
9	-0.5	65	0.482579
9	-0.5	66	0.53579
9	-0.5	67	0.568065
9	-0.5	68	0.651388
9	-0.5	69	0.675686
9	-0.5	70	0.688387
9	-0.5	71	0.70501
9	-0.5	72	0.722677
9	-0.5	73	0.790293
9	-0.5	74	0.81003
9	-0.5	75	0.885456
9	-0.5	76	0.92061
9	-0.5	77	1.03021
9	-0.5	78	1.09892
9	-0.5	79	1.11517
9	-0.5	80	1.12437
9	-0.5	81	1.25042
9	-0.5	82	1.29269
9	-0.5	83	1.42732
9	-0.5	84	1.57406
9	-0.5	85	1.58575
9	-0.5	86	1.62711
9	-0.5	87	1.89736
9	-0.5	88	2.0335
9	-0.5	89	2.3417
9	0.5	0	-2.62715
9	0.5	1	-2.38009
9	0.5	2	-2.23548
9	0.5	3	-2.07406
9	0.5	4	-1.98328
9	0.5	5	-1.93522
9	0.5	6	-1.7759
9	0.5	7	-1.753
9	0.5	8	-1.60455
9	0.5	9	-1.59892
9	0.5	10	-1.52048
9	0.5	11	-1.4492
9	0.5	12	-1.38403
9	0.5	13	-1.32722
9	0.5	14	-1.2699
9	0.5	15	-1.20501
9	0.5	16	-1.15139
9	0.5	17	-1.13068
9	0.5	18	-1.11723
9	0.5	19	-1.07684
9	0.5	20	-1.03044
9	0.5	21	-0.982579
9	0.5	22	-0.970942
9	0.5	23	-0.908419
9	0.5	24	-0.848549
9	0.5	25	-0.84225
9	0.5	26	-0.833997
9	0.5	27	-0.758506
9	0.5	28	-0.757482
9	0.5	29	-0.748511
9	0.5	30	-0.70359
9	0.5	31	-0.677187
9	0.5	32	-0.575845
9	0.5	33	-0.566725
9	0.5	34	-0.544776
9	0.5	35	-0.535051
9	0.5	36	-0.453656
9	0.5	37	-0.440091
9	0.5	38	-0.436678
9	0.5	39	-0.358812
9	0.5	40	-0.354605
9	0.5	41	-0.354558
9	0.5	42	-0.28234
9	0.5	43	-0.21766
9	0.5	44	-0.21424
9	0.5	45	-0.198154
9	0.5	46	-0.171302
9	0.5	47	-0.122281
9	0.5	48	-0.108355
9	0.5	49	-0.0599093
9	0.5	50	-0.00948507
9	0.5	51	0.0261804
9	0.5	52	0.0350509
9	0.5	53	0.0822569
9	0.5	54	0.097712
9	0.5	55	0.120537
9	0.5	56	0.210798
9	0.5	57	0.216932
9	0.5	58	0.257482
9	0.5	59	0.281711
9	0.5	60	0.333997
9	0.5	61	0.3683
9	0.5	62	0.388127
9	0.5	63	0.444478
9	0.5	64	0.468475
9	0.5	65	0.482579
9	0.5	66	0.53579
9	0.5	67	0.568065
9	0.5	68	0.651388
9	0.5	69	0.675686
9	0.5	70	0.688387
9	0.5	71	0.70501
9	0.5	72	0.722677
9	0.5	73	0.790293
9	0.5	74	0.81003
9	0.5	75	0.885456
9	0.5	76	0.92061
9	0.5	77	1.03021
9	0.5	78	1.09892
9	0.5	79	1.11517
9	0.5	80	1.12437
9	0.5	81	1.25042
9	0.5	82	1.29269
9	0.5	83	1.42732
9	0.5	84	1.57406
9	0.5	85	1.58575
9	0.5	86	1.62711
9	0.5	87	1.89736
9	0.5	88	2.0335
9	0.5	89	2.3417
9	1.5	0	-2.07406
9	1.5	1	-1.59892
9	1.5	2	-1.20501
9	1.5	3	-1.15139
9	1.5	4	-0.982579
9	1.5	5	-0.833997
9	1.5	6	-0.757482
9	1.5	7	-0.535051
9	1.5	8	-0.440091
9	1.5	9	-0.28234
9	1.5	10	-0.21766
9	1.5	11	-0.0599093
9	1.5	12	0.0350509
9	1.5	13	0.257482
9	1.5	14	0.333997
9	1.5	15	0.482579
9	1.5	16	0.651388
9	1.5	17	0.70501
9	1.5	18	1.09892
9	1.5	19	1.57406
10	-1	0	-1.71945
10	-1	1	-1.32555
10	-1	2	-1.10312
10	-1	3	-0.850405
10	-1	4	-0.627974
10	-1	5	-0.402877
10	-1	6	-0.234068
10	-1	7	-0.180446
10	-1	8	-0.0854858
10	-1	9	0.136945
10	-1	10	0.21346
10	-1	11	0.530851
10	-1	12	0.688601
10	-1	13	1.00599
10	-1	14	1.45352
10	0	0	-1.90779
10	0	1	-1.71945
10	0	2	-1.64389
10	0	3	-1.45887
10	0	4	-1.32555
10	0	5	-1.24738
10	0	6	-1.10312
10	0	7	-1.01139
10	0	8	-0.850405
10	0	9	-0.791019
10	0	10	-0.681198
10	0	11	-0.627974
10	0	12	-0.520035
10	0	13	-0.402877
10	0	14	-0.351913
10	0	15	-0.234068
10	0	16	-0.202974
10	0	17	-0.180446
10	0	18	-0.104608
10	0	19	-0.0854858
10	0	20	-6.67698e-17
10	0	21	0.136945
10	0	22	0.149614
10	0	23	0.21346
10	0	24	0.229572
10	0	25	0.360316
10	0	26	0.530851
10	0	27	0.550546
10	0	28	0.688601
10	0	29	0.738974
10	0	30	1.00599
10	0	31	1.01656
10	0	32	1.14616
10	0	33	1.45352
10	0	34	1.4579
10	0	35	1.77143
10	1	0	-1.71945
10	1	1	-1.32555
10	1	2	-1.10312
10	1	3	-0.850405
10	1	4	-0.627974
10	1	5	-0.402877
10	1	6	-0.234068
10	1	7	-0.180446
10	1	8	-0.0854858
10	1	9	0.136945
10	1	10	0.21346
10	1	11	0.530851
10	1	12	0.688601
10	1	13	1.00599
10	1	14	1.45352
11	-0.5	0	-0.970942
11	-0.5	1	-0.748511
11	-0.5	2	-0.354605
11	-0.5	3	0.120537
11	-0.5	4	0.568065
11	-0.5	5	0.885456
11	0.5	0	-0.970942
11	0.5	1	-0.748511
11	0.5	2	-0.354605
11	0.5	3	0.120537
11	0.5	4	0.568065
11	0.5	5	0.885456
12	0	0	0
