5	2.09133e-06
4.998	2.12412e-06
4.996	2.15738e-06
4.994	2.19113e-06
4.992	2.22537e-06
4.99	2.26011e-06
4.988	2.29535e-06
4.986	2.33109e-06
4.984	2.36736e-06
4.982	2.40415e-06
4.98	2.44146e-06
4.978	2.47932e-06
4.976	2.51771e-06
4.974	2.55666e-06
4.972	2.59617e-06
4.97	2.63624e-06
4.968	2.67689e-06
4.966	2.71811e-06
4.964	2.75992e-06
4.962	2.80233e-06
4.96	2.84534e-06
4.958	2.88896e-06
4.956	2.9332e-06
4.954	2.97807e-06
4.952	3.02357e-06
4.95	3.06971e-06
4.948	3.11651e-06
4.946	3.16396e-06
4.944	3.21209e-06
4.942	3.26088e-06
4.94	3.31037e-06
4.938	3.36054e-06
4.936	3.41142e-06
4.934	3.46301e-06
4.932	3.51533e-06
4.93	3.56837e-06
4.928	3.62215e-06
4.926	3.67667e-06
4.924	3.73196e-06
4.922	3.78801e-06
4.92	3.84484e-06
4.918	3.90245e-06
4.916	3.96086e-06
4.914	4.02008e-06
4.912	4.08011e-06
4.91	4.14097e-06
4.908	4.20267e-06
4.906	4.26521e-06
4.904	4.32862e-06
4.902	4.39288e-06
4.9	4.45803e-06
4.898	4.52407e-06
4.896	4.59101e-06
4.894	4.65886e-06
4.892	4.72764e-06
4.89	4.79735e-06
4.888	4.868e-06
4.886	4.93962e-06
4.884	5.0122e-06
4.882	5.08576e-06
4.88	5.16032e-06
4.878	5.23588e-06
4.876	5.31247e-06
4.874	5.39008e-06
4.872	5.46873e-06
4.87	5.54844e-06
4.868	5.62922e-06
4.866	5.71107e-06
4.864	5.79403e-06
4.862	5.87808e-06
4.86	5.96326e-06
4.858	6.04958e-06
4.856	6.13704e-06
4.854	6.22566e-06
4.852	6.31546e-06
4.85	6.40645e-06
4.848	6.49864e-06
4.846	6.59205e-06
4.844	6.68669e-06
4.842	6.78258e-06
4.84	6.87974e-06
4.838	6.97816e-06
4.836	7.07789e-06
4.834	7.17892e-06
4.832	7.28127e-06
4.83	7.38496e-06
4.828	7.49e-06
4.826	7.59642e-06
4.824	7.70422e-06
4.822	7.81343e-06
4.82	7.92405e-06
4.818	8.03611e-06
4.816	8.14963e-06
4.814	8.26461e-06
4.812	8.38108e-06
4.81	8.49906e-06
4.808	8.61856e-06
4.806	8.73959e-06
4.804	8.86219e-06
4.802	8.98636e-06
4.8	9.11212e-06
4.798	9.23949e-06
4.796	9.3685e-06
4.794	9.49916e-06
4.792	9.63148e-06
4.79	9.7655e-06
4.788	9.90122e-06
4.786	1.00387e-05
4.784	1.01779e-05
4.782	1.03188e-05
4.78	1.04616e-05
4.778	1.06061e-05
4.776	1.07525e-05
4.774	1.09007e-05
4.772	1.10508e-05
4.77	1.12028e-05
4.768	1.13567e-05
4.766	1.15126e-05
4.764	1.16704e-05
4.762	1.18302e-05
4.76	1.19919e-05
4.758	1.21557e-05
4.756	1.23216e-05
4.754	1.24895e-05
4.752	1.26595e-05
4.75	1.28316e-05
4.748	1.30059e-05
4.746	1.31823e-05
4.744	1.3361e-05
4.742	1.35418e-05
4.74	1.37249e-05
4.738	1.39102e-05
4.736	1.40978e-05
4.734	1.42877e-05
4.732	1.448e-05
4.73	1.46746e-05
4.728	1.48717e-05
4.726	1.50711e-05
4.724	1.5273e-05
4.722	1.54774e-05
4.72	1.56842e-05
4.718	1.58936e-05
4.716	1.61056e-05
4.714	1.63201e-05
4.712	1.65372e-05
4.71	1.6757e-05
4.708	1.69794e-05
4.706	1.72046e-05
4.704	1.74324e-05
4.702	1.76631e-05
4.7	1.78965e-05
4.698	1.81327e-05
4.696	1.83718e-05
4.694	1.86137e-05
4.692	1.88586e-05
4.69	1.91064e-05
4.688	1.93572e-05
4.686	1.9611e-05
4.684	1.98678e-05
4.682	2.01277e-05
4.68	2.03907e-05
4.678	2.06569e-05
4.676	2.09262e-05
4.674	2.11987e-05
4.672	2.14745e-05
4.67	2.17535e-05
4.668	2.20359e-05
4.666	2.23216e-05
4.664	2.26107e-05
4.662	2.29032e-05
4.66	2.31991e-05
4.658	2.34986e-05
4.656	2.38016e-05
4.654	2.41081e-05
4.652	2.44183e-05
4.65	2.47321e-05
4.648	2.50496e-05
4.646	2.53708e-05
4.644	2.56957e-05
4.642	2.60245e-05
4.64	2.63571e-05
4.638	2.66936e-05
4.636	2.7034e-05
4.634	2.73784e-05
4.632	2.77268e-05
4.63	2.80793e-05
4.628	2.84358e-05
4.626	2.87965e-05
4.624	2.91613e-05
4.622	2.95304e-05
4.62	2.99037e-05
4.618	3.02814e-05
4.616	3.06634e-05
4.614	3.10498e-05
4.612	3.14407e-05
4.61	3.1836e-05
4.608	3.22359e-05
4.606	3.26404e-05
4.604	3.30496e-05
4.602	3.34634e-05
4.6	3.38819e-05
4.598	3.43053e-05
4.596	3.47335e-05
4.594	3.51665e-05
4.592	3.56045e-05
4.59	3.60475e-05
4.588	3.64955e-05
4.586	3.69486e-05
4.584	3.74069e-05
4.582	3.78703e-05
4.58	3.8339e-05
4.578	3.88131e-05
4.576	3.92924e-05
4.574	3.97772e-05
4.572	4.02675e-05
4.57	4.07632e-05
4.568	4.12646e-05
4.566	4.17716e-05
4.564	4.22843e-05
4.562	4.28028e-05
4.56	4.33271e-05
4.558	4.38572e-05
4.556	4.43933e-05
4.554	4.49354e-05
4.552	4.54836e-05
4.55	4.60379e-05
4.548	4.65983e-05
4.546	4.7165e-05
4.544	4.77381e-05
4.542	4.83175e-05
4.54	4.89033e-05
4.538	4.94956e-05
4.536	5.00945e-05
4.534	5.07001e-05
4.532	5.13124e-05
4.53	5.19314e-05
4.528	5.25573e-05
4.526	5.31901e-05
4.524	5.38298e-05
4.522	5.44767e-05
4.52	5.51306e-05
4.518	5.57918e-05
4.516	5.64602e-05
4.514	5.7136e-05
4.512	5.78191e-05
4.51	5.85098e-05
4.508	5.92081e-05
4.506	5.9914e-05
4.504	6.06276e-05
4.502	6.1349e-05
4.5	6.20783e-05
4.498	6.28155e-05
4.496	6.35608e-05
4.494	6.43143e-05
4.492	6.50759e-05
4.49	6.58458e-05
4.488	6.6624e-05
4.486	6.74107e-05
4.484	6.8206e-05
4.482	6.90098e-05
4.48	6.98224e-05
4.478	7.06438e-05
4.476	7.1474e-05
4.474	7.23133e-05
4.472	7.31615e-05
4.47	7.4019e-05
4.468	7.48856e-05
4.466	7.57617e-05
4.464	7.66471e-05
4.462	7.75421e-05
4.46	7.84466e-05
4.458	7.93609e-05
4.456	8.0285e-05
4.454	8.1219e-05
4.452	8.21631e-05
4.45	8.31172e-05
4.448	8.40815e-05
4.446	8.50562e-05
4.444	8.60412e-05
4.442	8.70368e-05
4.44	8.80429e-05
4.438	8.90599e-05
4.436	9.00876e-05
4.434	9.11263e-05
4.432	9.2176e-05
4.43	9.32368e-05
4.428	9.4309e-05
4.426	9.53925e-05
4.424	9.64875e-05
4.422	9.75941e-05
4.42	9.87124e-05
4.418	9.98426e-05
4.416	0.000100985
4.414	0.000102139
4.412	0.000103305
4.41	0.000104484
4.408	0.000105675
4.406	0.000106879
4.404	0.000108095
4.402	0.000109324
4.4	0.000110566
4.398	0.000111821
4.396	0.00011309
4.394	0.000114371
4.392	0.000115666
4.39	0.000116975
4.388	0.000118297
4.386	0.000119633
4.384	0.000120984
4.382	0.000122348
4.38	0.000123726
4.378	0.000125119
4.376	0.000126527
4.374	0.000127949
4.372	0.000129386
4.37	0.000130838
4.368	0.000132305
4.366	0.000133787
4.364	0.000135285
4.362	0.000136798
4.36	0.000138327
4.358	0.000139872
4.356	0.000141433
4.354	0.00014301
4.352	0.000144604
4.35	0.000146213
4.348	0.00014784
4.346	0.000149483
4.344	0.000151144
4.342	0.000152821
4.34	0.000154516
4.338	0.000156229
4.336	0.000157959
4.334	0.000159706
4.332	0.000161472
4.33	0.000163256
4.328	0.000165059
4.326	0.00016688
4.324	0.000168719
4.322	0.000170578
4.32	0.000172455
4.318	0.000174352
4.316	0.000176269
4.314	0.000178205
4.312	0.00018016
4.31	0.000182136
4.308	0.000184132
4.306	0.000186149
4.304	0.000188186
4.302	0.000190244
4.3	0.000192322
4.298	0.000194423
4.296	0.000196544
4.294	0.000198687
4.292	0.000200852
4.29	0.000203039
4.288	0.000205249
4.286	0.000207481
4.284	0.000209735
4.282	0.000212012
4.28	0.000214313
4.278	0.000216637
4.276	0.000218984
4.274	0.000221356
4.272	0.000223751
4.27	0.000226171
4.268	0.000228615
4.266	0.000231084
4.264	0.000233578
4.262	0.000236097
4.26	0.000238641
4.258	0.000241212
4.256	0.000243808
4.254	0.00024643
4.252	0.000249079
4.25	0.000251755
4.248	0.000254458
4.246	0.000257187
4.244	0.000259945
4.242	0.00026273
4.24	0.000265543
4.238	0.000268384
4.236	0.000271254
4.234	0.000274153
4.232	0.000277081
4.23	0.000280038
4.228	0.000283025
4.226	0.000286042
4.224	0.000289089
4.222	0.000292167
4.22	0.000295276
4.218	0.000298415
4.216	0.000301586
4.214	0.000304789
4.212	0.000308024
4.21	0.000311291
4.208	0.000314591
4.206	0.000317923
4.204	0.000321289
4.202	0.000324689
4.2	0.000328122
4.198	0.00033159
4.196	0.000335092
4.194	0.000338629
4.192	0.000342201
4.19	0.000345809
4.188	0.000349452
4.186	0.000353132
4.184	0.000356849
4.182	0.000360602
4.18	0.000364392
4.178	0.00036822
4.176	0.000372087
4.174	0.000375991
4.172	0.000379934
4.17	0.000383916
4.168	0.000387938
4.166	0.000391999
4.164	0.0003961
4.162	0.000400242
4.16	0.000404425
4.158	0.00040865
4.156	0.000412916
4.154	0.000417224
4.152	0.000421574
4.15	0.000425968
4.148	0.000430404
4.146	0.000434885
4.144	0.000439409
4.142	0.000443978
4.14	0.000448592
4.138	0.000453252
4.136	0.000457957
4.134	0.000462708
4.132	0.000467506
4.13	0.000472351
4.128	0.000477244
4.126	0.000482185
4.124	0.000487174
4.122	0.000492212
4.12	0.000497299
4.118	0.000502436
4.116	0.000507624
4.114	0.000512862
4.112	0.000518151
4.11	0.000523492
4.108	0.000528885
4.106	0.000534331
4.104	0.00053983
4.102	0.000545383
4.1	0.000550989
4.098	0.000556651
4.096	0.000562367
4.094	0.00056814
4.092	0.000573968
4.09	0.000579853
4.088	0.000585795
4.086	0.000591795
4.084	0.000597854
4.082	0.000603971
4.08	0.000610148
4.078	0.000616384
4.076	0.000622681
4.074	0.000629039
4.072	0.000635459
4.07	0.000641941
4.068	0.000648485
4.066	0.000655093
4.064	0.000661765
4.062	0.000668501
4.06	0.000675303
4.058	0.00068217
4.056	0.000689104
4.054	0.000696104
4.052	0.000703172
4.05	0.000710308
4.048	0.000717513
4.046	0.000724787
4.044	0.000732131
4.042	0.000739547
4.04	0.000747033
4.038	0.000754591
4.036	0.000762222
4.034	0.000769927
4.032	0.000777705
4.03	0.000785558
4.028	0.000793487
4.026	0.000801491
4.024	0.000809572
4.022	0.000817731
4.02	0.000825968
4.018	0.000834283
4.016	0.000842679
4.014	0.000851154
4.012	0.000859711
4.01	0.000868349
4.008	0.00087707
4.006	0.000885875
4.004	0.000894763
4.002	0.000903736
4	0.000912795
3.998	0.00092194
3.996	0.000931172
3.994	0.000940493
3.992	0.000949902
3.99	0.0009594
3.988	0.000968989
3.986	0.000978669
3.984	0.000988441
3.982	0.000998306
3.98	0.00100826
3.978	0.00101832
3.976	0.00102847
3.974	0.00103871
3.972	0.00104905
3.97	0.00105949
3.968	0.00107003
3.966	0.00108067
3.964	0.00109141
3.962	0.00110225
3.96	0.0011132
3.958	0.00112424
3.956	0.00113539
3.954	0.00114665
3.952	0.00115801
3.95	0.00116949
3.948	0.00118106
3.946	0.00119275
3.944	0.00120455
3.942	0.00121646
3.94	0.00122848
3.938	0.00124062
3.936	0.00125287
3.934	0.00126523
3.932	0.00127771
3.93	0.00129031
3.928	0.00130302
3.926	0.00131586
3.924	0.00132882
3.922	0.0013419
3.92	0.0013551
3.918	0.00136842
3.916	0.00138187
3.914	0.00139545
3.912	0.00140915
3.91	0.00142298
3.908	0.00143694
3.906	0.00145104
3.904	0.00146526
3.902	0.00147962
3.9	0.00149411
3.898	0.00150874
3.896	0.0015235
3.894	0.0015384
3.892	0.00155344
3.89	0.00156862
3.888	0.00158395
3.886	0.00159941
3.884	0.00161502
3.882	0.00163078
3.88	0.00164668
3.878	0.00166273
3.876	0.00167894
3.874	0.00169529
3.872	0.00171179
3.87	0.00172845
3.868	0.00174526
3.866	0.00176223
3.864	0.00177936
3.862	0.00179665
3.86	0.0018141
3.858	0.00183171
3.856	0.00184948
3.854	0.00186742
3.852	0.00188552
3.85	0.0019038
3.848	0.00192224
3.846	0.00194086
3.844	0.00195965
3.842	0.00197861
3.84	0.00199775
3.838	0.00201706
3.836	0.00203656
3.834	0.00205624
3.832	0.00207609
3.83	0.00209614
3.828	0.00211637
3.826	0.00213678
3.824	0.00215739
3.822	0.00217818
3.82	0.00219917
3.818	0.00222036
3.816	0.00224174
3.814	0.00226332
3.812	0.00228509
3.81	0.00230707
3.808	0.00232926
3.806	0.00235165
3.804	0.00237424
3.802	0.00239705
3.8	0.00242006
3.798	0.00244329
3.796	0.00246674
3.794	0.0024904
3.792	0.00251428
3.79	0.00253838
3.788	0.0025627
3.786	0.00258725
3.784	0.00261203
3.782	0.00263704
3.78	0.00266227
3.778	0.00268774
3.776	0.00271345
3.774	0.00273939
3.772	0.00276558
3.77	0.00279201
3.768	0.00281868
3.766	0.0028456
3.764	0.00287276
3.762	0.00290018
3.76	0.00292785
3.758	0.00295578
3.756	0.00298397
3.754	0.00301242
3.752	0.00304113
3.75	0.00307011
3.748	0.00309935
3.746	0.00312887
3.744	0.00315866
3.742	0.00318872
3.74	0.00321907
3.738	0.00324969
3.736	0.0032806
3.734	0.0033118
3.732	0.00334328
3.73	0.00337506
3.728	0.00340713
3.726	0.0034395
3.724	0.00347217
3.722	0.00350514
3.72	0.00353842
3.718	0.00357201
3.716	0.0036059
3.714	0.00364012
3.712	0.00367465
3.71	0.0037095
3.708	0.00374467
3.706	0.00378018
3.704	0.00381601
3.702	0.00385217
3.7	0.00388868
3.698	0.00392552
3.696	0.0039627
3.694	0.00400023
3.692	0.00403811
3.69	0.00407634
3.688	0.00411493
3.686	0.00415388
3.684	0.00419319
3.682	0.00423286
3.68	0.00427291
3.678	0.00431333
3.676	0.00435413
3.674	0.00439531
3.672	0.00443687
3.67	0.00447882
3.668	0.00452116
3.666	0.0045639
3.664	0.00460704
3.662	0.00465058
3.66	0.00469453
3.658	0.00473889
3.656	0.00478366
3.654	0.00482886
3.652	0.00487448
3.65	0.00492052
3.648	0.004967
3.646	0.00501392
3.644	0.00506127
3.642	0.00510907
3.64	0.00515732
3.638	0.00520602
3.636	0.00525518
3.634	0.0053048
3.632	0.00535489
3.63	0.00540545
3.628	0.00545648
3.626	0.005508
3.624	0.00556
3.622	0.00561249
3.62	0.00566548
3.618	0.00571897
3.616	0.00577296
3.614	0.00582746
3.612	0.00588248
3.61	0.00593801
3.608	0.00599407
3.606	0.00605067
3.604	0.0061078
3.602	0.00616546
3.6	0.00622368
3.598	0.00628245
3.596	0.00634177
3.594	0.00640166
3.592	0.00646212
3.59	0.00652315
3.588	0.00658476
3.586	0.00664695
3.584	0.00670974
3.582	0.00677312
3.58	0.00683711
3.578	0.00690171
3.576	0.00696692
3.574	0.00703275
3.572	0.00709921
3.57	0.00716631
3.568	0.00723404
3.566	0.00730243
3.564	0.00737146
3.562	0.00744116
3.56	0.00751152
3.558	0.00758255
3.556	0.00765427
3.554	0.00772667
3.552	0.00779976
3.55	0.00787356
3.548	0.00794806
3.546	0.00802328
3.544	0.00809922
3.542	0.00817589
3.54	0.00825329
3.538	0.00833144
3.536	0.00841034
3.534	0.00849
3.532	0.00857042
3.53	0.00865162
3.528	0.0087336
3.526	0.00881637
3.524	0.00889993
3.522	0.0089843
3.52	0.00906949
3.518	0.0091555
3.516	0.00924233
3.514	0.00933001
3.512	0.00941853
3.51	0.00950791
3.508	0.00959815
3.506	0.00968926
3.504	0.00978125
3.502	0.00987414
3.5	0.00996792
3.498	0.0100626
3.496	0.0101582
3.494	0.0102547
3.492	0.0103522
3.49	0.0104506
3.488	0.01055
3.486	0.0106503
3.484	0.0107516
3.482	0.0108539
3.48	0.0109572
3.478	0.0110615
3.476	0.0111668
3.474	0.0112731
3.472	0.0113804
3.47	0.0114888
3.468	0.0115983
3.466	0.0117088
3.464	0.0118204
3.462	0.011933
3.46	0.0120468
3.458	0.0121616
3.456	0.0122776
3.454	0.0123947
3.452	0.012513
3.45	0.0126324
3.448	0.012753
3.446	0.0128747
3.444	0.0129976
3.442	0.0131217
3.44	0.0132471
3.438	0.0133736
3.436	0.0135014
3.434	0.0136304
3.432	0.0137607
3.43	0.0138922
3.428	0.014025
3.426	0.0141592
3.424	0.0142946
3.422	0.0144313
3.42	0.0145694
3.418	0.0147088
3.416	0.0148496
3.414	0.0149917
3.412	0.0151352
3.41	0.0152802
3.408	0.0154265
3.406	0.0155742
3.404	0.0157234
3.402	0.015874
3.4	0.0160261
3.398	0.0161797
3.396	0.0163348
3.394	0.0164914
3.392	0.0166494
3.39	0.0168091
3.388	0.0169702
3.386	0.017133
3.384	0.0172973
3.382	0.0174632
3.38	0.0176307
3.378	0.0177998
3.376	0.0179706
3.374	0.018143
3.372	0.0183171
3.37	0.0184929
3.368	0.0186704
3.366	0.0188496
3.364	0.0190305
3.362	0.0192131
3.36	0.0193976
3.358	0.0195838
3.356	0.0197718
3.354	0.0199616
3.352	0.0201532
3.35	0.0203467
3.348	0.020542
3.346	0.0207392
3.344	0.0209383
3.342	0.0211393
3.34	0.0213422
3.338	0.0215471
3.336	0.021754
3.334	0.0219628
3.332	0.0221736
3.33	0.0223864
3.328	0.0226013
3.326	0.0228182
3.324	0.0230372
3.322	0.0232582
3.32	0.0234814
3.318	0.0237067
3.316	0.0239341
3.314	0.0241637
3.312	0.0243954
3.31	0.0246293
3.308	0.0248655
3.306	0.0251039
3.304	0.0253445
3.302	0.0255874
3.3	0.0258326
3.298	0.0260801
3.296	0.0263299
3.294	0.0265821
3.292	0.0268366
3.29	0.0270935
3.288	0.0273528
3.286	0.0276146
3.284	0.0278788
3.282	0.0281454
3.28	0.0284145
3.278	0.0286861
3.276	0.0289603
3.274	0.029237
3.272	0.0295162
3.27	0.0297981
3.268	0.0300825
3.266	0.0303695
3.264	0.0306592
3.262	0.0309516
3.26	0.0312466
3.258	0.0315444
3.256	0.0318449
3.254	0.0321481
3.252	0.0324541
3.25	0.0327628
3.248	0.0330744
3.246	0.0333888
3.244	0.0337061
3.242	0.0340262
3.24	0.0343493
3.238	0.0346752
3.236	0.0350041
3.234	0.0353359
3.232	0.0356707
3.23	0.0360085
3.228	0.0363493
3.226	0.0366932
3.224	0.0370401
3.222	0.0373901
3.22	0.0377433
3.218	0.0380995
3.216	0.0384589
3.214	0.0388215
3.212	0.0391872
3.21	0.0395562
3.208	0.0399284
3.206	0.0403039
3.204	0.0406826
3.202	0.0410647
3.2	0.04145
3.198	0.0418387
3.196	0.0422308
3.194	0.0426263
3.192	0.0430251
3.19	0.0434274
3.188	0.0438332
3.186	0.0442424
3.184	0.0446551
3.182	0.0450713
3.18	0.0454911
3.178	0.0459144
3.176	0.0463413
3.174	0.0467718
3.172	0.047206
3.17	0.0476437
3.168	0.0480852
3.166	0.0485303
3.164	0.0489791
3.162	0.0494317
3.16	0.049888
3.158	0.0503481
3.156	0.050812
3.154	0.0512797
3.152	0.0517512
3.15	0.0522266
3.148	0.0527058
3.146	0.053189
3.144	0.053676
3.142	0.054167
3.14	0.054662
3.138	0.0551609
3.136	0.0556639
3.134	0.0561708
3.132	0.0566818
3.13	0.0571968
3.128	0.0577159
3.126	0.0582391
3.124	0.0587665
3.122	0.0592979
3.12	0.0598335
3.118	0.0603733
3.116	0.0609173
3.114	0.0614654
3.112	0.0620178
3.11	0.0625745
3.108	0.0631354
3.106	0.0637006
3.104	0.0642701
3.102	0.0648439
3.1	0.0654221
3.098	0.0660046
3.096	0.0665914
3.094	0.0671827
3.092	0.0677783
3.09	0.0683784
3.088	0.0689829
3.086	0.0695918
3.084	0.0702053
3.082	0.0708232
3.08	0.0714456
3.078	0.0720725
3.076	0.0727039
3.074	0.0733399
3.072	0.0739804
3.07	0.0746256
3.068	0.0752753
3.066	0.0759295
3.064	0.0765884
3.062	0.077252
3.06	0.0779201
3.058	0.0785929
3.056	0.0792704
3.054	0.0799526
3.052	0.0806394
3.05	0.0813309
3.048	0.0820272
3.046	0.0827281
3.044	0.0834338
3.042	0.0841442
3.04	0.0848594
3.038	0.0855793
3.036	0.086304
3.034	0.0870335
3.032	0.0877678
3.03	0.0885068
3.028	0.0892507
3.026	0.0899993
3.024	0.0907528
3.022	0.0915111
3.02	0.0922742
3.018	0.0930421
3.016	0.0938149
3.014	0.0945925
3.012	0.095375
3.01	0.0961623
3.008	0.0969545
3.006	0.0977516
3.004	0.0985535
3.002	0.0993602
3	0.100172
2.998	0.100988
2.996	0.10181
2.994	0.102636
2.992	0.103467
2.99	0.104303
2.988	0.105144
2.986	0.10599
2.984	0.10684
2.982	0.107696
2.98	0.108556
2.978	0.109421
2.976	0.110291
2.974	0.111166
2.972	0.112046
2.97	0.11293
2.968	0.11382
2.966	0.114714
2.964	0.115613
2.962	0.116517
2.96	0.117426
2.958	0.118339
2.956	0.119257
2.954	0.120181
2.952	0.121108
2.95	0.122041
2.948	0.122978
2.946	0.123921
2.944	0.124867
2.942	0.125819
2.94	0.126775
2.938	0.127736
2.936	0.128702
2.934	0.129672
2.932	0.130647
2.93	0.131627
2.928	0.132611
2.926	0.1336
2.924	0.134593
2.922	0.135591
2.92	0.136594
2.918	0.137601
2.916	0.138612
2.914	0.139628
2.912	0.140649
2.91	0.141674
2.908	0.142703
2.906	0.143737
2.904	0.144775
2.902	0.145817
2.9	0.146864
2.898	0.147915
2.896	0.14897
2.894	0.15003
2.892	0.151094
2.89	0.152162
2.888	0.153234
2.886	0.15431
2.884	0.155391
2.882	0.156475
2.88	0.157564
2.878	0.158656
2.876	0.159753
2.874	0.160853
2.872	0.161957
2.87	0.163065
2.868	0.164177
2.866	0.165293
2.864	0.166413
2.862	0.167536
2.86	0.168663
2.858	0.169794
2.856	0.170928
2.854	0.172066
2.852	0.173207
2.85	0.174352
2.848	0.1755
2.846	0.176652
2.844	0.177807
2.842	0.178966
2.84	0.180127
2.838	0.181292
2.836	0.18246
2.834	0.183631
2.832	0.184806
2.83	0.185983
2.828	0.187163
2.826	0.188346
2.824	0.189532
2.822	0.190721
2.82	0.191913
2.818	0.193108
2.816	0.194305
2.814	0.195505
2.812	0.196707
2.81	0.197912
2.808	0.199119
2.806	0.200329
2.804	0.201541
2.802	0.202755
2.8	0.203972
2.798	0.205191
2.796	0.206412
2.794	0.207635
2.792	0.20886
2.79	0.210087
2.788	0.211315
2.786	0.212546
2.784	0.213778
2.782	0.215012
2.78	0.216248
2.778	0.217485
2.776	0.218724
2.774	0.219964
2.772	0.221206
2.77	0.222449
2.768	0.223693
2.766	0.224938
2.764	0.226184
2.762	0.227431
2.76	0.22868
2.758	0.229929
2.756	0.231179
2.754	0.232429
2.752	0.233681
2.75	0.234933
2.748	0.236185
2.746	0.237438
2.744	0.238691
2.742	0.239945
2.74	0.241199
2.738	0.242453
2.736	0.243707
2.734	0.244961
2.732	0.246215
2.73	0.247468
2.728	0.248722
2.726	0.249975
2.724	0.251228
2.722	0.25248
2.72	0.253732
2.718	0.254983
2.716	0.256233
2.714	0.257483
2.712	0.258732
2.71	0.25998
2.708	0.261226
2.706	0.262472
2.704	0.263716
2.702	0.264959
2.7	0.266201
2.698	0.267441
2.696	0.26868
2.694	0.269917
2.692	0.271152
2.69	0.272386
2.688	0.273618
2.686	0.274847
2.684	0.276075
2.682	0.2773
2.68	0.278524
2.678	0.279744
2.676	0.280963
2.674	0.282179
2.672	0.283392
2.67	0.284603
2.668	0.285811
2.666	0.287016
2.664	0.288218
2.662	0.289418
2.66	0.290614
2.658	0.291807
2.656	0.292996
2.654	0.294182
2.652	0.295365
2.65	0.296544
2.648	0.29772
2.646	0.298891
2.644	0.300059
2.642	0.301223
2.64	0.302383
2.638	0.303539
2.636	0.304691
2.634	0.305838
2.632	0.306981
2.63	0.30812
2.628	0.309254
2.626	0.310383
2.624	0.311508
2.622	0.312628
2.62	0.313743
2.618	0.314853
2.616	0.315957
2.614	0.317057
2.612	0.318152
2.61	0.319241
2.608	0.320324
2.606	0.321402
2.604	0.322475
2.602	0.323541
2.6	0.324602
2.598	0.325657
2.596	0.326706
2.594	0.327749
2.592	0.328786
2.59	0.329817
2.588	0.330841
2.586	0.331859
2.584	0.33287
2.582	0.333875
2.58	0.334873
2.578	0.335864
2.576	0.336849
2.574	0.337826
2.572	0.338797
2.57	0.33976
2.568	0.340716
2.566	0.341665
2.564	0.342607
2.562	0.343541
2.56	0.344468
2.558	0.345387
2.556	0.346298
2.554	0.347202
2.552	0.348098
2.55	0.348986
2.548	0.349866
2.546	0.350737
2.544	0.351601
2.542	0.352456
2.54	0.353304
2.538	0.354142
2.536	0.354973
2.534	0.355794
2.532	0.356607
2.53	0.357412
2.528	0.358208
2.526	0.358994
2.524	0.359772
2.522	0.360541
2.52	0.361301
2.518	0.362052
2.516	0.362793
2.514	0.363526
2.512	0.364249
2.51	0.364962
2.508	0.365667
2.506	0.366361
2.504	0.367046
2.502	0.367722
2.5	0.368387
2.498	0.369043
2.496	0.369689
2.494	0.370325
2.492	0.370951
2.49	0.371567
2.488	0.372173
2.486	0.372769
2.484	0.373355
2.482	0.37393
2.48	0.374495
2.478	0.37505
2.476	0.375594
2.474	0.376128
2.472	0.376651
2.47	0.377164
2.468	0.377666
2.466	0.378157
2.464	0.378638
2.462	0.379107
2.46	0.379566
2.458	0.380014
2.456	0.380452
2.454	0.380878
2.452	0.381293
2.45	0.381697
2.448	0.38209
2.446	0.382472
2.444	0.382843
2.442	0.383203
2.44	0.383551
2.438	0.383888
2.436	0.384214
2.434	0.384528
2.432	0.384831
2.43	0.385123
2.428	0.385403
2.426	0.385672
2.424	0.385929
2.422	0.386175
2.42	0.386409
2.418	0.386631
2.416	0.386842
2.414	0.387041
2.412	0.387229
2.41	0.387405
2.408	0.387569
2.406	0.387722
2.404	0.387863
2.402	0.387992
2.4	0.388109
2.398	0.388215
2.396	0.388309
2.394	0.388391
2.392	0.388461
2.39	0.388519
2.388	0.388566
2.386	0.3886
2.384	0.388623
2.382	0.388634
2.38	0.388633
2.378	0.388621
2.376	0.388596
2.374	0.38856
2.372	0.388512
2.37	0.388451
2.368	0.388379
2.366	0.388296
2.364	0.3882
2.362	0.388092
2.36	0.387973
2.358	0.387842
2.356	0.387699
2.354	0.387544
2.352	0.387377
2.35	0.387199
2.348	0.387009
2.346	0.386807
2.344	0.386593
2.342	0.386368
2.34	0.386131
2.338	0.385882
2.336	0.385622
2.334	0.38535
2.332	0.385066
2.33	0.384771
2.328	0.384464
2.326	0.384145
2.324	0.383815
2.322	0.383474
2.32	0.383121
2.318	0.382757
2.316	0.382381
2.314	0.381994
2.312	0.381596
2.31	0.381186
2.308	0.380765
2.306	0.380333
2.304	0.379889
2.302	0.379435
2.3	0.378969
2.298	0.378493
2.296	0.378005
2.294	0.377506
2.292	0.376996
2.29	0.376476
2.288	0.375945
2.286	0.375402
2.284	0.374849
2.282	0.374286
2.28	0.373711
2.278	0.373126
2.276	0.372531
2.274	0.371925
2.272	0.371308
2.27	0.370681
2.268	0.370044
2.266	0.369397
2.264	0.368739
2.262	0.368071
2.26	0.367393
2.258	0.366705
2.256	0.366007
2.254	0.365299
2.252	0.364581
2.25	0.363854
2.248	0.363116
2.246	0.362369
2.244	0.361612
2.242	0.360846
2.24	0.360071
2.238	0.359285
2.236	0.358491
2.234	0.357687
2.232	0.356874
2.23	0.356052
2.228	0.355221
2.226	0.354381
2.224	0.353532
2.222	0.352674
2.22	0.351808
2.218	0.350932
2.216	0.350048
2.214	0.349156
2.212	0.348255
2.21	0.347346
2.208	0.346428
2.206	0.345502
2.204	0.344568
2.202	0.343626
2.2	0.342676
2.198	0.341718
2.196	0.340752
2.194	0.339779
2.192	0.338798
2.19	0.337809
2.188	0.336813
2.186	0.335809
2.184	0.334798
2.182	0.33378
2.18	0.332754
2.178	0.331722
2.176	0.330683
2.174	0.329636
2.172	0.328583
2.17	0.327523
2.168	0.326457
2.166	0.325384
2.164	0.324305
2.162	0.323219
2.16	0.322127
2.158	0.321029
2.156	0.319924
2.154	0.318814
2.152	0.317698
2.15	0.316576
2.148	0.315448
2.146	0.314314
2.144	0.313175
2.142	0.312031
2.14	0.310881
2.138	0.309726
2.136	0.308566
2.134	0.3074
2.132	0.30623
2.13	0.305055
2.128	0.303875
2.126	0.30269
2.124	0.301501
2.122	0.300307
2.12	0.299109
2.118	0.297906
2.116	0.296699
2.114	0.295488
2.112	0.294273
2.11	0.293054
2.108	0.291831
2.106	0.290604
2.104	0.289374
2.102	0.28814
2.1	0.286903
2.098	0.285662
2.096	0.284418
2.094	0.28317
2.092	0.28192
2.09	0.280666
2.088	0.27941
2.086	0.27815
2.084	0.276888
2.082	0.275624
2.08	0.274356
2.078	0.273087
2.076	0.271815
2.074	0.27054
2.072	0.269264
2.07	0.267985
2.068	0.266704
2.066	0.265422
2.064	0.264137
2.062	0.262851
2.06	0.261563
2.058	0.260274
2.056	0.258983
2.054	0.257691
2.052	0.256397
2.05	0.255103
2.048	0.253807
2.046	0.25251
2.044	0.251212
2.042	0.249914
2.04	0.248614
2.038	0.247314
2.036	0.246014
2.034	0.244713
2.032	0.243411
2.03	0.242109
2.028	0.240807
2.026	0.239505
2.024	0.238203
2.022	0.2369
2.02	0.235598
2.018	0.234296
2.016	0.232994
2.014	0.231693
2.012	0.230392
2.01	0.229092
2.008	0.227792
2.006	0.226492
2.004	0.225194
2.002	0.223896
2	0.2226
1.998	0.221304
1.996	0.220009
1.994	0.218716
1.992	0.217423
1.99	0.216132
1.988	0.214843
1.986	0.213554
1.984	0.212268
1.982	0.210983
1.98	0.209699
1.978	0.208417
1.976	0.207137
1.974	0.205859
1.972	0.204583
1.97	0.203309
1.968	0.202037
1.966	0.200767
1.964	0.1995
1.962	0.198234
1.96	0.196971
1.958	0.195711
1.956	0.194453
1.954	0.193197
1.952	0.191944
1.95	0.190694
1.948	0.189447
1.946	0.188202
1.944	0.18696
1.942	0.185722
1.94	0.184486
1.938	0.183253
1.936	0.182023
1.934	0.180797
1.932	0.179574
1.93	0.178354
1.928	0.177137
1.926	0.175924
1.924	0.174714
1.922	0.173508
1.92	0.172305
1.918	0.171106
1.916	0.16991
1.914	0.168719
1.912	0.167531
1.91	0.166347
1.908	0.165166
1.906	0.16399
1.904	0.162818
1.902	0.161649
1.9	0.160485
1.898	0.159325
1.896	0.158169
1.894	0.157017
1.892	0.155869
1.89	0.154726
1.888	0.153587
1.886	0.152452
1.884	0.151322
1.882	0.150196
1.88	0.149075
1.878	0.147958
1.876	0.146846
1.874	0.145738
1.872	0.144635
1.87	0.143537
1.868	0.142443
1.866	0.141354
1.864	0.14027
1.862	0.139191
1.86	0.138116
1.858	0.137047
1.856	0.135982
1.854	0.134922
1.852	0.133868
1.85	0.132818
1.848	0.131773
1.846	0.130734
1.844	0.129699
1.842	0.128669
1.84	0.127645
1.838	0.126626
1.836	0.125612
1.834	0.124603
1.832	0.123599
1.83	0.122601
1.828	0.121608
1.826	0.12062
1.824	0.119638
1.822	0.118661
1.82	0.117689
1.818	0.116722
1.816	0.115761
1.814	0.114806
1.812	0.113856
1.81	0.112911
1.808	0.111972
1.806	0.111038
1.804	0.110109
1.802	0.109186
1.8	0.108269
1.798	0.107357
1.796	0.106451
1.794	0.10555
1.792	0.104655
1.79	0.103765
1.788	0.102881
1.786	0.102003
1.784	0.10113
1.782	0.100263
1.78	0.0994011
1.778	0.098545
1.776	0.0976946
1.774	0.0968498
1.772	0.0960106
1.77	0.095177
1.768	0.0943491
1.766	0.0935268
1.764	0.0927102
1.762	0.0918992
1.76	0.0910939
1.758	0.0902942
1.756	0.0895001
1.754	0.0887117
1.752	0.087929
1.75	0.0871518
1.748	0.0863804
1.746	0.0856146
1.744	0.0848544
1.742	0.0840999
1.74	0.0833509
1.738	0.0826077
1.736	0.08187
1.734	0.081138
1.732	0.0804116
1.73	0.0796908
1.728	0.0789756
1.726	0.0782661
1.724	0.0775621
1.722	0.0768637
1.72	0.0761709
1.718	0.0754836
1.716	0.0748019
1.714	0.0741258
1.712	0.0734552
1.71	0.0727901
1.708	0.0721306
1.706	0.0714766
1.704	0.070828
1.702	0.070185
1.7	0.0695475
1.698	0.0689154
1.696	0.0682888
1.694	0.0676676
1.692	0.0670519
1.69	0.0664415
1.688	0.0658366
1.686	0.0652371
1.684	0.0646429
1.682	0.0640542
1.68	0.0634707
1.678	0.0628926
1.676	0.0623198
1.674	0.0617523
1.672	0.0611901
1.67	0.0606332
1.668	0.0600815
1.666	0.059535
1.664	0.0589938
1.662	0.0584578
1.66	0.0579269
1.658	0.0574013
1.656	0.0568807
1.654	0.0563653
1.652	0.0558551
1.65	0.0553499
1.648	0.0548497
1.646	0.0543547
1.644	0.0538646
1.642	0.0533796
1.64	0.0528996
1.638	0.0524246
1.636	0.0519545
1.634	0.0514893
1.632	0.0510291
1.63	0.0505737
1.628	0.0501233
1.626	0.0496777
1.624	0.0492369
1.622	0.0488009
1.62	0.0483697
1.618	0.0479433
1.616	0.0475216
1.614	0.0471046
1.612	0.0466924
1.61	0.0462848
1.608	0.0458819
1.606	0.0454836
1.604	0.0450899
1.602	0.0447008
1.6	0.0443163
1.598	0.0439363
1.596	0.0435609
1.594	0.0431899
1.592	0.0428234
1.59	0.0424614
1.588	0.0421037
1.586	0.0417505
1.584	0.0414017
1.582	0.0410572
1.58	0.0407171
1.578	0.0403812
1.576	0.0400497
1.574	0.0397224
1.572	0.0393993
1.57	0.0390805
1.568	0.0387658
1.566	0.0384553
1.564	0.0381489
1.562	0.0378467
1.56	0.0375486
1.558	0.0372545
1.556	0.0369644
1.554	0.0366784
1.552	0.0363964
1.55	0.0361184
1.548	0.0358443
1.546	0.0355741
1.544	0.0353078
1.542	0.0350454
1.54	0.0347868
1.538	0.0345321
1.536	0.0342812
1.534	0.034034
1.532	0.0337906
1.53	0.033551
1.528	0.033315
1.526	0.0330827
1.524	0.0328541
1.522	0.0326291
1.52	0.0324077
1.518	0.0321899
1.516	0.0319757
1.514	0.0317649
1.512	0.0315578
1.51	0.031354
1.508	0.0311538
1.506	0.030957
1.504	0.0307636
1.502	0.0305736
1.5	0.030387
1.498	0.0302037
1.496	0.0300238
1.494	0.0298471
1.492	0.0296737
1.49	0.0295036
1.488	0.0293367
1.486	0.029173
1.484	0.0290125
1.482	0.0288552
1.48	0.028701
1.478	0.0285499
1.476	0.0284019
1.474	0.028257
1.472	0.0281151
1.47	0.0279762
1.468	0.0278404
1.466	0.0277075
1.464	0.0275776
1.462	0.0274506
1.46	0.0273265
1.458	0.0272053
1.456	0.027087
1.454	0.0269716
1.452	0.0268589
1.45	0.0267491
1.448	0.026642
1.446	0.0265377
1.444	0.0264362
1.442	0.0263374
1.44	0.0262412
1.438	0.0261478
1.436	0.026057
1.434	0.0259688
1.432	0.0258833
1.43	0.0258003
1.428	0.0257199
1.426	0.0256421
1.424	0.0255668
1.422	0.025494
1.42	0.0254237
1.418	0.0253559
1.416	0.0252906
1.414	0.0252276
1.412	0.0251671
1.41	0.025109
1.408	0.0250533
1.406	0.0249999
1.404	0.0249489
1.402	0.0249002
1.4	0.0248537
1.398	0.0248096
1.396	0.0247677
1.394	0.0247281
1.392	0.0246907
1.39	0.0246555
1.388	0.0246225
1.386	0.0245917
1.384	0.024563
1.382	0.0245365
1.38	0.0245121
1.378	0.0244898
1.376	0.0244696
1.374	0.0244514
1.372	0.0244353
1.37	0.0244213
1.368	0.0244092
1.366	0.0243992
1.364	0.0243911
1.362	0.024385
1.36	0.0243809
1.358	0.0243787
1.356	0.0243784
1.354	0.02438
1.352	0.0243835
1.35	0.0243889
1.348	0.0243962
1.346	0.0244053
1.344	0.0244162
1.342	0.0244289
1.34	0.0244435
1.338	0.0244598
1.336	0.0244778
1.334	0.0244977
1.332	0.0245192
1.33	0.0245425
1.328	0.0245676
1.326	0.0245943
1.324	0.0246226
1.322	0.0246527
1.32	0.0246844
1.318	0.0247178
1.316	0.0247527
1.314	0.0247893
1.312	0.0248275
1.31	0.0248673
1.308	0.0249087
1.306	0.0249516
1.304	0.0249961
1.302	0.0250421
1.3	0.0250896
1.298	0.0251387
1.296	0.0251892
1.294	0.0252412
1.292	0.0252947
1.29	0.0253497
1.288	0.0254061
1.286	0.025464
1.284	0.0255233
1.282	0.025584
1.28	0.0256461
1.278	0.0257097
1.276	0.0257746
1.274	0.0258408
1.272	0.0259085
1.27	0.0259774
1.268	0.0260478
1.266	0.0261194
1.264	0.0261924
1.262	0.0262667
1.26	0.0263423
1.258	0.0264191
1.256	0.0264973
1.254	0.0265767
1.252	0.0266574
1.25	0.0267393
1.248	0.0268225
1.246	0.0269069
1.244	0.0269925
1.242	0.0270794
1.24	0.0271674
1.238	0.0272567
1.236	0.0273471
1.234	0.0274387
1.232	0.0275314
1.23	0.0276254
1.228	0.0277204
1.226	0.0278166
1.224	0.027914
1.222	0.0280125
1.22	0.0281121
1.218	0.0282128
1.216	0.0283146
1.214	0.0284175
1.212	0.0285215
1.21	0.0286265
1.208	0.0287327
1.206	0.0288398
1.204	0.0289481
1.202	0.0290574
1.2	0.0291677
1.198	0.0292791
1.196	0.0293915
1.194	0.029505
1.192	0.0296194
1.19	0.0297348
1.188	0.0298513
1.186	0.0299687
1.184	0.0300872
1.182	0.0302066
1.18	0.0303269
1.178	0.0304483
1.176	0.0305706
1.174	0.0306939
1.172	0.0308181
1.17	0.0309433
1.168	0.0310694
1.166	0.0311964
1.164	0.0313244
1.162	0.0314533
1.16	0.0315831
1.158	0.0317138
1.156	0.0318454
1.154	0.0319779
1.152	0.0321114
1.15	0.0322457
1.148	0.0323809
1.146	0.032517
1.144	0.0326539
1.142	0.0327917
1.14	0.0329304
1.138	0.03307
1.136	0.0332104
1.134	0.0333516
1.132	0.0334938
1.13	0.0336367
1.128	0.0337805
1.126	0.0339251
1.124	0.0340706
1.122	0.0342169
1.12	0.034364
1.118	0.034512
1.116	0.0346607
1.114	0.0348103
1.112	0.0349607
1.11	0.0351118
1.108	0.0352638
1.106	0.0354166
1.104	0.0355702
1.102	0.0357246
1.1	0.0358797
1.098	0.0360357
1.096	0.0361924
1.094	0.0363499
1.092	0.0365082
1.09	0.0366673
1.088	0.0368271
1.086	0.0369877
1.084	0.0371491
1.082	0.0373112
1.08	0.0374741
1.078	0.0376378
1.076	0.0378022
1.074	0.0379673
1.072	0.0381332
1.07	0.0382999
1.068	0.0384673
1.066	0.0386355
1.064	0.0388043
1.062	0.038974
1.06	0.0391444
1.058	0.0393155
1.056	0.0394873
1.054	0.0396599
1.052	0.0398332
1.05	0.0400073
1.048	0.040182
1.046	0.0403575
1.044	0.0405338
1.042	0.0407107
1.04	0.0408884
1.038	0.0410668
1.036	0.0412459
1.034	0.0414258
1.032	0.0416063
1.03	0.0417876
1.028	0.0419696
1.026	0.0421523
1.024	0.0423357
1.022	0.0425199
1.02	0.0427047
1.018	0.0428903
1.016	0.0430766
1.014	0.0432636
1.012	0.0434513
1.01	0.0436397
1.008	0.0438289
1.006	0.0440187
1.004	0.0442092
1.002	0.0444005
1	0.0445925
0.998	0.0447852
0.996	0.0449786
0.994	0.0451727
0.992	0.0453675
0.99	0.045563
0.988	0.0457593
0.986	0.0459562
0.984	0.0461539
0.982	0.0463523
0.98	0.0465513
0.978	0.0467511
0.976	0.0469517
0.974	0.0471529
0.972	0.0473548
0.97	0.0475575
0.968	0.0477609
0.966	0.047965
0.964	0.0481698
0.962	0.0483753
0.96	0.0485816
0.958	0.0487885
0.956	0.0489962
0.954	0.0492047
0.952	0.0494138
0.95	0.0496237
0.948	0.0498343
0.946	0.0500456
0.944	0.0502577
0.942	0.0504705
0.94	0.050684
0.938	0.0508982
0.936	0.0511132
0.934	0.051329
0.932	0.0515454
0.93	0.0517626
0.928	0.0519806
0.926	0.0521993
0.924	0.0524188
0.922	0.0526389
0.92	0.0528599
0.918	0.0530816
0.916	0.0533041
0.914	0.0535273
0.912	0.0537512
0.91	0.053976
0.908	0.0542015
0.906	0.0544277
0.904	0.0546548
0.902	0.0548826
0.9	0.0551112
0.898	0.0553405
0.896	0.0555706
0.894	0.0558016
0.892	0.0560332
0.89	0.0562657
0.888	0.056499
0.886	0.0567331
0.884	0.0569679
0.882	0.0572036
0.88	0.05744
0.878	0.0576773
0.876	0.0579154
0.874	0.0581543
0.872	0.0583939
0.87	0.0586345
0.868	0.0588758
0.866	0.0591179
0.864	0.0593609
0.862	0.0596047
0.86	0.0598493
0.858	0.0600948
0.856	0.0603411
0.854	0.0605882
0.852	0.0608362
0.85	0.0610851
0.848	0.0613348
0.846	0.0615853
0.844	0.0618367
0.842	0.062089
0.84	0.0623421
0.838	0.0625961
0.836	0.062851
0.834	0.0631067
0.832	0.0633634
0.83	0.0636209
0.828	0.0638793
0.826	0.0641386
0.824	0.0643988
0.822	0.0646599
0.82	0.0649219
0.818	0.0651848
0.816	0.0654486
0.814	0.0657133
0.812	0.0659789
0.81	0.0662455
0.808	0.066513
0.806	0.0667814
0.804	0.0670508
0.802	0.0673211
0.8	0.0675923
0.798	0.0678645
0.796	0.0681376
0.794	0.0684117
0.792	0.0686868
0.79	0.0689628
0.788	0.0692398
0.786	0.0695177
0.784	0.0697966
0.782	0.0700765
0.78	0.0703574
0.778	0.0706393
0.776	0.0709221
0.774	0.071206
0.772	0.0714908
0.77	0.0717767
0.768	0.0720635
0.766	0.0723514
0.764	0.0726403
0.762	0.0729302
0.76	0.0732211
0.758	0.0735131
0.756	0.0738061
0.754	0.0741001
0.752	0.0743951
0.75	0.0746912
0.748	0.0749884
0.746	0.0752866
0.744	0.0755858
0.742	0.0758861
0.74	0.0761875
0.738	0.07649
0.736	0.0767935
0.734	0.077098
0.732	0.0774037
0.73	0.0777104
0.728	0.0780183
0.726	0.0783272
0.724	0.0786372
0.722	0.0789483
0.72	0.0792604
0.718	0.0795737
0.716	0.0798881
0.714	0.0802037
0.712	0.0805203
0.71	0.080838
0.708	0.0811569
0.706	0.0814768
0.704	0.081798
0.702	0.0821202
0.7	0.0824435
0.698	0.082768
0.696	0.0830937
0.694	0.0834204
0.692	0.0837484
0.69	0.0840774
0.688	0.0844076
0.686	0.084739
0.684	0.0850715
0.682	0.0854052
0.68	0.08574
0.678	0.086076
0.676	0.0864132
0.674	0.0867515
0.672	0.087091
0.67	0.0874316
0.668	0.0877735
0.666	0.0881165
0.664	0.0884606
0.662	0.088806
0.66	0.0891525
0.658	0.0895002
0.656	0.0898491
0.654	0.0901992
0.652	0.0905505
0.65	0.0909029
0.648	0.0912566
0.646	0.0916114
0.644	0.0919674
0.642	0.0923246
0.64	0.092683
0.638	0.0930426
0.636	0.0934033
0.634	0.0937653
0.632	0.0941285
0.63	0.0944928
0.628	0.0948583
0.626	0.0952251
0.624	0.095593
0.622	0.0959621
0.62	0.0963324
0.618	0.0967039
0.616	0.0970766
0.614	0.0974505
0.612	0.0978256
0.61	0.0982018
0.608	0.0985793
0.606	0.0989579
0.604	0.0993377
0.602	0.0997187
0.6	0.100101
0.598	0.100484
0.596	0.100869
0.594	0.101254
0.592	0.101641
0.59	0.102029
0.588	0.102419
0.586	0.102809
0.584	0.1032
0.582	0.103593
0.58	0.103987
0.578	0.104382
0.576	0.104778
0.574	0.105175
0.572	0.105574
0.57	0.105973
0.568	0.106374
0.566	0.106776
0.564	0.107179
0.562	0.107583
0.56	0.107988
0.558	0.108394
0.556	0.108802
0.554	0.10921
0.552	0.10962
0.55	0.11003
0.548	0.110442
0.546	0.110855
0.544	0.111269
0.542	0.111684
0.54	0.1121
0.538	0.112517
0.536	0.112935
0.534	0.113354
0.532	0.113774
0.53	0.114196
0.528	0.114618
0.526	0.115041
0.524	0.115465
0.522	0.115891
0.52	0.116317
0.518	0.116744
0.516	0.117172
0.514	0.117601
0.512	0.118031
0.51	0.118462
0.508	0.118894
0.506	0.119327
0.504	0.119761
0.502	0.120195
0.5	0.120631
0.498	0.121067
0.496	0.121504
0.494	0.121942
0.492	0.122381
0.49	0.122821
0.488	0.123262
0.486	0.123703
0.484	0.124145
0.482	0.124588
0.48	0.125032
0.478	0.125477
0.476	0.125922
0.474	0.126368
0.472	0.126815
0.47	0.127262
0.468	0.12771
0.466	0.128159
0.464	0.128608
0.462	0.129059
0.46	0.129509
0.458	0.129961
0.456	0.130413
0.454	0.130865
0.452	0.131318
0.45	0.131772
0.448	0.132227
0.446	0.132681
0.444	0.133137
0.442	0.133592
0.44	0.134049
0.438	0.134506
0.436	0.134963
0.434	0.13542
0.432	0.135879
0.43	0.136337
0.428	0.136796
0.426	0.137255
0.424	0.137715
0.422	0.138175
0.42	0.138635
0.418	0.139095
0.416	0.139556
0.414	0.140017
0.412	0.140478
0.41	0.14094
0.408	0.141401
0.406	0.141863
0.404	0.142325
0.402	0.142787
0.4	0.143249
0.398	0.143712
0.396	0.144174
0.394	0.144637
0.392	0.145099
0.39	0.145562
0.388	0.146024
0.386	0.146486
0.384	0.146949
0.382	0.147411
0.38	0.147873
0.378	0.148335
0.376	0.148797
0.374	0.149259
0.372	0.149721
0.37	0.150182
0.368	0.150643
0.366	0.151104
0.364	0.151565
0.362	0.152025
0.36	0.152485
0.358	0.152945
0.356	0.153404
0.354	0.153863
0.352	0.154321
0.35	0.154779
0.348	0.155237
0.346	0.155694
0.344	0.15615
0.342	0.156606
0.34	0.157061
0.338	0.157516
0.336	0.15797
0.334	0.158424
0.332	0.158876
0.33	0.159329
0.328	0.15978
0.326	0.160231
0.324	0.16068
0.322	0.161129
0.32	0.161578
0.318	0.162025
0.316	0.162472
0.314	0.162917
0.312	0.163362
0.31	0.163805
0.308	0.164248
0.306	0.16469
0.304	0.16513
0.302	0.16557
0.3	0.166008
0.298	0.166446
0.296	0.166882
0.294	0.167317
0.292	0.167751
0.29	0.168183
0.288	0.168615
0.286	0.169045
0.284	0.169473
0.282	0.169901
0.28	0.170327
0.278	0.170751
0.276	0.171174
0.274	0.171596
0.272	0.172016
0.27	0.172435
0.268	0.172852
0.266	0.173268
0.264	0.173682
0.262	0.174094
0.26	0.174505
0.258	0.174914
0.256	0.175321
0.254	0.175727
0.252	0.176131
0.25	0.176533
0.248	0.176933
0.246	0.177332
0.244	0.177728
0.242	0.178123
0.24	0.178515
0.238	0.178906
0.236	0.179295
0.234	0.179682
0.232	0.180067
0.23	0.180449
0.228	0.18083
0.226	0.181208
0.224	0.181585
0.222	0.181959
0.22	0.182331
0.218	0.1827
0.216	0.183068
0.214	0.183433
0.212	0.183796
0.21	0.184156
0.208	0.184515
0.206	0.18487
0.204	0.185224
0.202	0.185575
0.2	0.185923
0.198	0.186269
0.196	0.186612
0.194	0.186953
0.192	0.187292
0.19	0.187627
0.188	0.187961
0.186	0.188291
0.184	0.188619
0.182	0.188944
0.18	0.189266
0.178	0.189586
0.176	0.189903
0.174	0.190217
0.172	0.190528
0.17	0.190836
0.168	0.191142
0.166	0.191444
0.164	0.191744
0.162	0.192041
0.16	0.192334
0.158	0.192625
0.156	0.192913
0.154	0.193198
0.152	0.193479
0.15	0.193758
0.148	0.194033
0.146	0.194306
0.144	0.194575
0.142	0.194841
0.14	0.195104
0.138	0.195363
0.136	0.19562
0.134	0.195873
0.132	0.196123
0.13	0.196369
0.128	0.196612
0.126	0.196852
0.124	0.197089
0.122	0.197322
0.12	0.197552
0.118	0.197778
0.116	0.198001
0.114	0.198221
0.112	0.198437
0.11	0.198649
0.108	0.198858
0.106	0.199064
0.104	0.199266
0.102	0.199464
0.1	0.199659
0.098	0.199851
0.096	0.200038
0.094	0.200222
0.092	0.200403
0.09	0.20058
0.088	0.200753
0.086	0.200922
0.084	0.201088
0.082	0.20125
0.08	0.201408
0.078	0.201563
0.076	0.201714
0.074	0.201861
0.072	0.202004
0.07	0.202144
0.068	0.202279
0.066	0.202411
0.064	0.20254
0.062	0.202664
0.06	0.202784
0.058	0.202901
0.056	0.203014
0.054	0.203123
0.052	0.203228
0.05	0.203329
0.048	0.203426
0.046	0.203519
0.044	0.203609
0.042	0.203694
0.04	0.203776
0.038	0.203853
0.036	0.203927
0.034	0.203997
0.032	0.204062
0.03	0.204124
0.028	0.204182
0.026	0.204236
0.024	0.204286
0.022	0.204332
0.02	0.204374
0.018	0.204412
0.016	0.204446
0.014	0.204476
0.012	0.204502
0.01	0.204524
0.008	0.204542
0.006	0.204556
0.004	0.204566
0.002	0.204572
0	0.204574
-0.002	0.204572
-0.004	0.204566
-0.006	0.204556
-0.008	0.204542
-0.01	0.204524
-0.012	0.204502
-0.014	0.204476
-0.016	0.204446
-0.018	0.204412
-0.02	0.204374
-0.022	0.204332
-0.024	0.204286
-0.026	0.204236
-0.028	0.204182
-0.03	0.204124
-0.032	0.204062
-0.034	0.203997
-0.036	0.203927
-0.038	0.203853
-0.04	0.203776
-0.042	0.203694
-0.044	0.203609
-0.046	0.203519
-0.048	0.203426
-0.05	0.203329
-0.052	0.203228
-0.054	0.203123
-0.056	0.203014
-0.058	0.202901
-0.06	0.202784
-0.062	0.202664
-0.064	0.20254
-0.066	0.202411
-0.068	0.202279
-0.07	0.202144
-0.072	0.202004
-0.074	0.201861
-0.076	0.201714
-0.078	0.201563
-0.08	0.201408
-0.082	0.20125
-0.084	0.201088
-0.086	0.200922
-0.088	0.200753
-0.09	0.20058
-0.092	0.200403
-0.094	0.200222
-0.096	0.200038
-0.098	0.199851
-0.1	0.199659
-0.102	0.199464
-0.104	0.199266
-0.106	0.199064
-0.108	0.198858
-0.11	0.198649
-0.112	0.198437
-0.114	0.198221
-0.116	0.198001
-0.118	0.197778
-0.12	0.197552
-0.122	0.197322
-0.124	0.197089
-0.126	0.196852
-0.128	0.196612
-0.13	0.196369
-0.132	0.196123
-0.134	0.195873
-0.136	0.19562
-0.138	0.195363
-0.14	0.195104
-0.142	0.194841
-0.144	0.194575
-0.146	0.194306
-0.148	0.194033
-0.15	0.193758
-0.152	0.193479
-0.154	0.193198
-0.156	0.192913
-0.158	0.192625
-0.16	0.192334
-0.162	0.192041
-0.164	0.191744
-0.166	0.191444
-0.168	0.191142
-0.17	0.190836
-0.172	0.190528
-0.174	0.190217
-0.176	0.189903
-0.178	0.189586
-0.18	0.189266
-0.182	0.188944
-0.184	0.188619
-0.186	0.188291
-0.188	0.187961
-0.19	0.187627
-0.192	0.187292
-0.194	0.186953
-0.196	0.186612
-0.198	0.186269
-0.2	0.185923
-0.202	0.185575
-0.204	0.185224
-0.206	0.18487
-0.208	0.184515
-0.21	0.184156
-0.212	0.183796
-0.214	0.183433
-0.216	0.183068
-0.218	0.1827
-0.22	0.182331
-0.222	0.181959
-0.224	0.181585
-0.226	0.181208
-0.228	0.18083
-0.23	0.180449
-0.232	0.180067
-0.234	0.179682
-0.236	0.179295
-0.238	0.178906
-0.24	0.178515
-0.242	0.178123
-0.244	0.177728
-0.246	0.177332
-0.248	0.176933
-0.25	0.176533
-0.252	0.176131
-0.254	0.175727
-0.256	0.175321
-0.258	0.174914
-0.26	0.174505
-0.262	0.174094
-0.264	0.173682
-0.266	0.173268
-0.268	0.172852
-0.27	0.172435
-0.272	0.172016
-0.274	0.171596
-0.276	0.171174
-0.278	0.170751
-0.28	0.170327
-0.282	0.169901
-0.284	0.169473
-0.286	0.169045
-0.288	0.168615
-0.29	0.168183
-0.292	0.167751
-0.294	0.167317
-0.296	0.166882
-0.298	0.166446
-0.3	0.166008
-0.302	0.16557
-0.304	0.16513
-0.306	0.16469
-0.308	0.164248
-0.31	0.163805
-0.312	0.163362
-0.314	0.162917
-0.316	0.162472
-0.318	0.162025
-0.32	0.161578
-0.322	0.161129
-0.324	0.16068
-0.326	0.160231
-0.328	0.15978
-0.33	0.159329
-0.332	0.158876
-0.334	0.158424
-0.336	0.15797
-0.338	0.157516
-0.34	0.157061
-0.342	0.156606
-0.344	0.15615
-0.346	0.155694
-0.348	0.155237
-0.35	0.154779
-0.352	0.154321
-0.354	0.153863
-0.356	0.153404
-0.358	0.152945
-0.36	0.152485
-0.362	0.152025
-0.364	0.151565
-0.366	0.151104
-0.368	0.150643
-0.37	0.150182
-0.372	0.149721
-0.374	0.149259
-0.376	0.148797
-0.378	0.148335
-0.38	0.147873
-0.382	0.147411
-0.384	0.146949
-0.386	0.146486
-0.388	0.146024
-0.39	0.145562
-0.392	0.145099
-0.394	0.144637
-0.396	0.144174
-0.398	0.143712
-0.4	0.143249
-0.402	0.142787
-0.404	0.142325
-0.406	0.141863
-0.408	0.141401
-0.41	0.14094
-0.412	0.140478
-0.414	0.140017
-0.416	0.139556
-0.418	0.139095
-0.42	0.138635
-0.422	0.138175
-0.424	0.137715
-0.426	0.137255
-0.428	0.136796
-0.43	0.136337
-0.432	0.135879
-0.434	0.13542
-0.436	0.134963
-0.438	0.134506
-0.44	0.134049
-0.442	0.133592
-0.444	0.133137
-0.446	0.132681
-0.448	0.132227
-0.45	0.131772
-0.452	0.131318
-0.454	0.130865
-0.456	0.130413
-0.458	0.129961
-0.46	0.129509
-0.462	0.129059
-0.464	0.128608
-0.466	0.128159
-0.468	0.12771
-0.47	0.127262
-0.472	0.126815
-0.474	0.126368
-0.476	0.125922
-0.478	0.125477
-0.48	0.125032
-0.482	0.124588
-0.484	0.124145
-0.486	0.123703
-0.488	0.123262
-0.49	0.122821
-0.492	0.122381
-0.494	0.121942
-0.496	0.121504
-0.498	0.121067
-0.5	0.120631
-0.502	0.120195
-0.504	0.119761
-0.506	0.119327
-0.508	0.118894
-0.51	0.118462
-0.512	0.118031
-0.514	0.117601
-0.516	0.117172
-0.518	0.116744
-0.52	0.116317
-0.522	0.115891
-0.524	0.115465
-0.526	0.115041
-0.528	0.114618
-0.53	0.114196
-0.532	0.113774
-0.534	0.113354
-0.536	0.112935
-0.538	0.112517
-0.54	0.1121
-0.542	0.111684
-0.544	0.111269
-0.546	0.110855
-0.548	0.110442
-0.55	0.11003
-0.552	0.10962
-0.554	0.10921
-0.556	0.108802
-0.558	0.108394
-0.56	0.107988
-0.562	0.107583
-0.564	0.107179
-0.566	0.106776
-0.568	0.106374
-0.57	0.105973
-0.572	0.105574
-0.574	0.105175
-0.576	0.104778
-0.578	0.104382
-0.58	0.103987
-0.582	0.103593
-0.584	0.1032
-0.586	0.102809
-0.588	0.102419
-0.59	0.102029
-0.592	0.101641
-0.594	0.101254
-0.596	0.100869
-0.598	0.100484
-0.6	0.100101
-0.602	0.0997187
-0.604	0.0993377
-0.606	0.0989579
-0.608	0.0985793
-0.61	0.0982018
-0.612	0.0978256
-0.614	0.0974505
-0.616	0.0970766
-0.618	0.0967039
-0.62	0.0963324
-0.622	0.0959621
-0.624	0.095593
-0.626	0.0952251
-0.628	0.0948583
-0.63	0.0944928
-0.632	0.0941285
-0.634	0.0937653
-0.636	0.0934033
-0.638	0.0930426
-0.64	0.092683
-0.642	0.0923246
-0.644	0.0919674
-0.646	0.0916114
-0.648	0.0912566
-0.65	0.0909029
-0.652	0.0905505
-0.654	0.0901992
-0.656	0.0898491
-0.658	0.0895002
-0.66	0.0891525
-0.662	0.088806
-0.664	0.0884606
-0.666	0.0881165
-0.668	0.0877735
-0.67	0.0874316
-0.672	0.087091
-0.674	0.0867515
-0.676	0.0864132
-0.678	0.086076
-0.68	0.08574
-0.682	0.0854052
-0.684	0.0850715
-0.686	0.084739
-0.688	0.0844076
-0.69	0.0840774
-0.692	0.0837484
-0.694	0.0834204
-0.696	0.0830937
-0.698	0.082768
-0.7	0.0824435
-0.702	0.0821202
-0.704	0.081798
-0.706	0.0814768
-0.708	0.0811569
-0.71	0.080838
-0.712	0.0805203
-0.714	0.0802037
-0.716	0.0798881
-0.718	0.0795737
-0.72	0.0792604
-0.722	0.0789483
-0.724	0.0786372
-0.726	0.0783272
-0.728	0.0780183
-0.73	0.0777104
-0.732	0.0774037
-0.734	0.077098
-0.736	0.0767935
-0.738	0.07649
-0.74	0.0761875
-0.742	0.0758861
-0.744	0.0755858
-0.746	0.0752866
-0.748	0.0749884
-0.75	0.0746912
-0.752	0.0743951
-0.754	0.0741001
-0.756	0.0738061
-0.758	0.0735131
-0.76	0.0732211
-0.762	0.0729302
-0.764	0.0726403
-0.766	0.0723514
-0.768	0.0720635
-0.77	0.0717767
-0.772	0.0714908
-0.774	0.071206
-0.776	0.0709221
-0.778	0.0706393
-0.78	0.0703574
-0.782	0.0700765
-0.784	0.0697966
-0.786	0.0695177
-0.788	0.0692398
-0.79	0.0689628
-0.792	0.0686868
-0.794	0.0684117
-0.796	0.0681376
-0.798	0.0678645
-0.8	0.0675923
-0.802	0.0673211
-0.804	0.0670508
-0.806	0.0667814
-0.808	0.066513
-0.81	0.0662455
-0.812	0.0659789
-0.814	0.0657133
-0.816	0.0654486
-0.818	0.0651848
-0.82	0.0649219
-0.822	0.0646599
-0.824	0.0643988
-0.826	0.0641386
-0.828	0.0638793
-0.83	0.0636209
-0.832	0.0633634
-0.834	0.0631067
-0.836	0.062851
-0.838	0.0625961
-0.84	0.0623421
-0.842	0.062089
-0.844	0.0618367
-0.846	0.0615853
-0.848	0.0613348
-0.85	0.0610851
-0.852	0.0608362
-0.854	0.0605882
-0.856	0.0603411
-0.858	0.0600948
-0.86	0.0598493
-0.862	0.0596047
-0.864	0.0593609
-0.866	0.0591179
-0.868	0.0588758
-0.87	0.0586345
-0.872	0.0583939
-0.874	0.0581543
-0.876	0.0579154
-0.878	0.0576773
-0.88	0.05744
-0.882	0.0572036
-0.884	0.0569679
-0.886	0.0567331
-0.888	0.056499
-0.89	0.0562657
-0.892	0.0560332
-0.894	0.0558016
-0.896	0.0555706
-0.898	0.0553405
-0.9	0.0551112
-0.902	0.0548826
-0.904	0.0546548
-0.906	0.0544277
-0.908	0.0542015
-0.91	0.053976
-0.912	0.0537512
-0.914	0.0535273
-0.916	0.0533041
-0.918	0.0530816
-0.92	0.0528599
-0.922	0.0526389
-0.924	0.0524188
-0.926	0.0521993
-0.928	0.0519806
-0.93	0.0517626
-0.932	0.0515454
-0.934	0.051329
-0.936	0.0511132
-0.938	0.0508982
-0.94	0.050684
-0.942	0.0504705
-0.944	0.0502577
-0.946	0.0500456
-0.948	0.0498343
-0.95	0.0496237
-0.952	0.0494138
-0.954	0.0492047
-0.956	0.0489962
-0.958	0.0487885
-0.96	0.0485816
-0.962	0.0483753
-0.964	0.0481698
-0.966	0.047965
-0.968	0.0477609
-0.97	0.0475575
-0.972	0.0473548
-0.974	0.0471529
-0.976	0.0469517
-0.978	0.0467511
-0.98	0.0465513
-0.982	0.0463523
-0.984	0.0461539
-0.986	0.0459562
-0.988	0.0457593
-0.99	0.045563
-0.992	0.0453675
-0.994	0.0451727
-0.996	0.0449786
-0.998	0.0447852
-1	0.0445925
-1.002	0.0444005
-1.004	0.0442092
-1.006	0.0440187
-1.008	0.0438289
-1.01	0.0436397
-1.012	0.0434513
-1.014	0.0432636
-1.016	0.0430766
-1.018	0.0428903
-1.02	0.0427047
-1.022	0.0425199
-1.024	0.0423357
-1.026	0.0421523
-1.028	0.0419696
-1.03	0.0417876
-1.032	0.0416063
-1.034	0.0414258
-1.036	0.0412459
-1.038	0.0410668
-1.04	0.0408884
-1.042	0.0407107
-1.044	0.0405338
-1.046	0.0403575
-1.048	0.040182
-1.05	0.0400073
-1.052	0.0398332
-1.054	0.0396599
-1.056	0.0394873
-1.058	0.0393155
-1.06	0.0391444
-1.062	0.038974
-1.064	0.0388043
-1.066	0.0386355
-1.068	0.0384673
-1.07	0.0382999
-1.072	0.0381332
-1.074	0.0379673
-1.076	0.0378022
-1.078	0.0376378
-1.08	0.0374741
-1.082	0.0373112
-1.084	0.0371491
-1.086	0.0369877
-1.088	0.0368271
-1.09	0.0366673
-1.092	0.0365082
-1.094	0.0363499
-1.096	0.0361924
-1.098	0.0360357
-1.1	0.0358797
-1.102	0.0357246
-1.104	0.0355702
-1.106	0.0354166
-1.108	0.0352638
-1.11	0.0351118
-1.112	0.0349607
-1.114	0.0348103
-1.116	0.0346607
-1.118	0.034512
-1.12	0.034364
-1.122	0.0342169
-1.124	0.0340706
-1.126	0.0339251
-1.128	0.0337805
-1.13	0.0336367
-1.132	0.0334938
-1.134	0.0333516
-1.136	0.0332104
-1.138	0.03307
-1.14	0.0329304
-1.142	0.0327917
-1.144	0.0326539
-1.146	0.032517
-1.148	0.0323809
-1.15	0.0322457
-1.152	0.0321114
-1.154	0.0319779
-1.156	0.0318454
-1.158	0.0317138
-1.16	0.0315831
-1.162	0.0314533
-1.164	0.0313244
-1.166	0.0311964
-1.168	0.0310694
-1.17	0.0309433
-1.172	0.0308181
-1.174	0.0306939
-1.176	0.0305706
-1.178	0.0304483
-1.18	0.0303269
-1.182	0.0302066
-1.184	0.0300872
-1.186	0.0299687
-1.188	0.0298513
-1.19	0.0297348
-1.192	0.0296194
-1.194	0.029505
-1.196	0.0293915
-1.198	0.0292791
-1.2	0.0291677
-1.202	0.0290574
-1.204	0.0289481
-1.206	0.0288398
-1.208	0.0287327
-1.21	0.0286265
-1.212	0.0285215
-1.214	0.0284175
-1.216	0.0283146
-1.218	0.0282128
-1.22	0.0281121
-1.222	0.0280125
-1.224	0.027914
-1.226	0.0278166
-1.228	0.0277204
-1.23	0.0276254
-1.232	0.0275314
-1.234	0.0274387
-1.236	0.0273471
-1.238	0.0272567
-1.24	0.0271674
-1.242	0.0270794
-1.244	0.0269925
-1.246	0.0269069
-1.248	0.0268225
-1.25	0.0267393
-1.252	0.0266574
-1.254	0.0265767
-1.256	0.0264973
-1.258	0.0264191
-1.26	0.0263423
-1.262	0.0262667
-1.264	0.0261924
-1.266	0.0261194
-1.268	0.0260478
-1.27	0.0259774
-1.272	0.0259085
-1.274	0.0258408
-1.276	0.0257746
-1.278	0.0257097
-1.28	0.0256461
-1.282	0.025584
-1.284	0.0255233
-1.286	0.025464
-1.288	0.0254061
-1.29	0.0253497
-1.292	0.0252947
-1.294	0.0252412
-1.296	0.0251892
-1.298	0.0251387
-1.3	0.0250896
-1.302	0.0250421
-1.304	0.0249961
-1.306	0.0249516
-1.308	0.0249087
-1.31	0.0248673
-1.312	0.0248275
-1.314	0.0247893
-1.316	0.0247527
-1.318	0.0247178
-1.32	0.0246844
-1.322	0.0246527
-1.324	0.0246226
-1.326	0.0245943
-1.328	0.0245676
-1.33	0.0245425
-1.332	0.0245192
-1.334	0.0244977
-1.336	0.0244778
-1.338	0.0244598
-1.34	0.0244435
-1.342	0.0244289
-1.344	0.0244162
-1.346	0.0244053
-1.348	0.0243962
-1.35	0.0243889
-1.352	0.0243835
-1.354	0.02438
-1.356	0.0243784
-1.358	0.0243787
-1.36	0.0243809
-1.362	0.024385
-1.364	0.0243911
-1.366	0.0243992
-1.368	0.0244092
-1.37	0.0244213
-1.372	0.0244353
-1.374	0.0244514
-1.376	0.0244696
-1.378	0.0244898
-1.38	0.0245121
-1.382	0.0245365
-1.384	0.024563
-1.386	0.0245917
-1.388	0.0246225
-1.39	0.0246555
-1.392	0.0246907
-1.394	0.0247281
-1.396	0.0247677
-1.398	0.0248096
-1.4	0.0248537
-1.402	0.0249002
-1.404	0.0249489
-1.406	0.0249999
-1.408	0.0250533
-1.41	0.025109
-1.412	0.0251671
-1.414	0.0252276
-1.416	0.0252906
-1.418	0.0253559
-1.42	0.0254237
-1.422	0.025494
-1.424	0.0255668
-1.426	0.0256421
-1.428	0.0257199
-1.43	0.0258003
-1.432	0.0258833
-1.434	0.0259688
-1.436	0.026057
-1.438	0.0261478
-1.44	0.0262412
-1.442	0.0263374
-1.444	0.0264362
-1.446	0.0265377
-1.448	0.026642
-1.45	0.0267491
-1.452	0.0268589
-1.454	0.0269716
-1.456	0.027087
-1.458	0.0272053
-1.46	0.0273265
-1.462	0.0274506
-1.464	0.0275776
-1.466	0.0277075
-1.468	0.0278404
-1.47	0.0279762
-1.472	0.0281151
-1.474	0.028257
-1.476	0.0284019
-1.478	0.0285499
-1.48	0.028701
-1.482	0.0288552
-1.484	0.0290125
-1.486	0.029173
-1.488	0.0293367
-1.49	0.0295036
-1.492	0.0296737
-1.494	0.0298471
-1.496	0.0300238
-1.498	0.0302037
-1.5	0.030387
-1.502	0.0305736
-1.504	0.0307636
-1.506	0.030957
-1.508	0.0311538
-1.51	0.031354
-1.512	0.0315578
-1.514	0.0317649
-1.516	0.0319757
-1.518	0.0321899
-1.52	0.0324077
-1.522	0.0326291
-1.524	0.0328541
-1.526	0.0330827
-1.528	0.033315
-1.53	0.033551
-1.532	0.0337906
-1.534	0.034034
-1.536	0.0342812
-1.538	0.0345321
-1.54	0.0347868
-1.542	0.0350454
-1.544	0.0353078
-1.546	0.0355741
-1.548	0.0358443
-1.55	0.0361184
-1.552	0.0363964
-1.554	0.0366784
-1.556	0.0369644
-1.558	0.0372545
-1.56	0.0375486
-1.562	0.0378467
-1.564	0.0381489
-1.566	0.0384553
-1.568	0.0387658
-1.57	0.0390805
-1.572	0.0393993
-1.574	0.0397224
-1.576	0.0400497
-1.578	0.0403812
-1.58	0.0407171
-1.582	0.0410572
-1.584	0.0414017
-1.586	0.0417505
-1.588	0.0421037
-1.59	0.0424614
-1.592	0.0428234
-1.594	0.0431899
-1.596	0.0435609
-1.598	0.0439363
-1.6	0.0443163
-1.602	0.0447008
-1.604	0.0450899
-1.606	0.0454836
-1.608	0.0458819
-1.61	0.0462848
-1.612	0.0466924
-1.614	0.0471046
-1.616	0.0475216
-1.618	0.0479433
-1.62	0.0483697
-1.622	0.0488009
-1.624	0.0492369
-1.626	0.0496777
-1.628	0.0501233
-1.63	0.0505737
-1.632	0.0510291
-1.634	0.0514893
-1.636	0.0519545
-1.638	0.0524246
-1.64	0.0528996
-1.642	0.0533796
-1.644	0.0538646
-1.646	0.0543547
-1.648	0.0548497
-1.65	0.0553499
-1.652	0.0558551
-1.654	0.0563653
-1.656	0.0568807
-1.658	0.0574013
-1.66	0.0579269
-1.662	0.0584578
-1.664	0.0589938
-1.666	0.059535
-1.668	0.0600815
-1.67	0.0606332
-1.672	0.0611901
-1.674	0.0617523
-1.676	0.0623198
-1.678	0.0628926
-1.68	0.0634707
-1.682	0.0640542
-1.684	0.0646429
-1.686	0.0652371
-1.688	0.0658366
-1.69	0.0664415
-1.692	0.0670519
-1.694	0.0676676
-1.696	0.0682888
-1.698	0.0689154
-1.7	0.0695475
-1.702	0.070185
-1.704	0.070828
-1.706	0.0714766
-1.708	0.0721306
-1.71	0.0727901
-1.712	0.0734552
-1.714	0.0741258
-1.716	0.0748019
-1.718	0.0754836
-1.72	0.0761709
-1.722	0.0768637
-1.724	0.0775621
-1.726	0.0782661
-1.728	0.0789756
-1.73	0.0796908
-1.732	0.0804116
-1.734	0.081138
-1.736	0.08187
-1.738	0.0826077
-1.74	0.0833509
-1.742	0.0840999
-1.744	0.0848544
-1.746	0.0856146
-1.748	0.0863804
-1.75	0.0871518
-1.752	0.087929
-1.754	0.0887117
-1.756	0.0895001
-1.758	0.0902942
-1.76	0.0910939
-1.762	0.0918992
-1.764	0.0927102
-1.766	0.0935268
-1.768	0.0943491
-1.77	0.095177
-1.772	0.0960106
-1.774	0.0968498
-1.776	0.0976946
-1.778	0.098545
-1.78	0.0994011
-1.782	0.100263
-1.784	0.10113
-1.786	0.102003
-1.788	0.102881
-1.79	0.103765
-1.792	0.104655
-1.794	0.10555
-1.796	0.106451
-1.798	0.107357
-1.8	0.108269
-1.802	0.109186
-1.804	0.110109
-1.806	0.111038
-1.808	0.111972
-1.81	0.112911
-1.812	0.113856
-1.814	0.114806
-1.816	0.115761
-1.818	0.116722
-1.82	0.117689
-1.822	0.118661
-1.824	0.119638
-1.826	0.12062
-1.828	0.121608
-1.83	0.122601
-1.832	0.123599
-1.834	0.124603
-1.836	0.125612
-1.838	0.126626
-1.84	0.127645
-1.842	0.128669
-1.844	0.129699
-1.846	0.130734
-1.848	0.131773
-1.85	0.132818
-1.852	0.133868
-1.854	0.134922
-1.856	0.135982
-1.858	0.137047
-1.86	0.138116
-1.862	0.139191
-1.864	0.14027
-1.866	0.141354
-1.868	0.142443
-1.87	0.143537
-1.872	0.144635
-1.874	0.145738
-1.876	0.146846
-1.878	0.147958
-1.88	0.149075
-1.882	0.150196
-1.884	0.151322
-1.886	0.152452
-1.888	0.153587
-1.89	0.154726
-1.892	0.155869
-1.894	0.157017
-1.896	0.158169
-1.898	0.159325
-1.9	0.160485
-1.902	0.161649
-1.904	0.162818
-1.906	0.16399
-1.908	0.165166
-1.91	0.166347
-1.912	0.167531
-1.914	0.168719
-1.916	0.16991
-1.918	0.171106
-1.92	0.172305
-1.922	0.173508
-1.924	0.174714
-1.926	0.175924
-1.928	0.177137
-1.93	0.178354
-1.932	0.179574
-1.934	0.180797
-1.936	0.182023
-1.938	0.183253
-1.94	0.184486
-1.942	0.185722
-1.944	0.18696
-1.946	0.188202
-1.948	0.189447
-1.95	0.190694
-1.952	0.191944
-1.954	0.193197
-1.956	0.194453
-1.958	0.195711
-1.96	0.196971
-1.962	0.198234
-1.964	0.1995
-1.966	0.200767
-1.968	0.202037
-1.97	0.203309
-1.972	0.204583
-1.974	0.205859
-1.976	0.207137
-1.978	0.208417
-1.98	0.209699
-1.982	0.210983
-1.984	0.212268
-1.986	0.213554
-1.988	0.214843
-1.99	0.216132
-1.992	0.217423
-1.994	0.218716
-1.996	0.220009
-1.998	0.221304
-2	0.2226
-2.002	0.223896
-2.004	0.225194
-2.006	0.226492
-2.008	0.227792
-2.01	0.229092
-2.012	0.230392
-2.014	0.231693
-2.016	0.232994
-2.018	0.234296
-2.02	0.235598
-2.022	0.2369
-2.024	0.238203
-2.026	0.239505
-2.028	0.240807
-2.03	0.242109
-2.032	0.243411
-2.034	0.244713
-2.036	0.246014
-2.038	0.247314
-2.04	0.248614
-2.042	0.249914
-2.044	0.251212
-2.046	0.25251
-2.048	0.253807
-2.05	0.255103
-2.052	0.256397
-2.054	0.257691
-2.056	0.258983
-2.058	0.260274
-2.06	0.261563
-2.062	0.262851
-2.064	0.264137
-2.066	0.265422
-2.068	0.266704
-2.07	0.267985
-2.072	0.269264
-2.074	0.27054
-2.076	0.271815
-2.078	0.273087
-2.08	0.274356
-2.082	0.275624
-2.084	0.276888
-2.086	0.27815
-2.088	0.27941
-2.09	0.280666
-2.092	0.28192
-2.094	0.28317
-2.096	0.284418
-2.098	0.285662
-2.1	0.286903
-2.102	0.28814
-2.104	0.289374
-2.106	0.290604
-2.108	0.291831
-2.11	0.293054
-2.112	0.294273
-2.114	0.295488
-2.116	0.296699
-2.118	0.297906
-2.12	0.299109
-2.122	0.300307
-2.124	0.301501
-2.126	0.30269
-2.128	0.303875
-2.13	0.305055
-2.132	0.30623
-2.134	0.3074
-2.136	0.308566
-2.138	0.309726
-2.14	0.310881
-2.142	0.312031
-2.144	0.313175
-2.146	0.314314
-2.148	0.315448
-2.15	0.316576
-2.152	0.317698
-2.154	0.318814
-2.156	0.319924
-2.158	0.321029
-2.16	0.322127
-2.162	0.323219
-2.164	0.324305
-2.166	0.325384
-2.168	0.326457
-2.17	0.327523
-2.172	0.328583
-2.174	0.329636
-2.176	0.330683
-2.178	0.331722
-2.18	0.332754
-2.182	0.33378
-2.184	0.334798
-2.186	0.335809
-2.188	0.336813
-2.19	0.337809
-2.192	0.338798
-2.194	0.339779
-2.196	0.340752
-2.198	0.341718
-2.2	0.342676
-2.202	0.343626
-2.204	0.344568
-2.206	0.345502
-2.208	0.346428
-2.21	0.347346
-2.212	0.348255
-2.214	0.349156
-2.216	0.350048
-2.218	0.350932
-2.22	0.351808
-2.222	0.352674
-2.224	0.353532
-2.226	0.354381
-2.228	0.355221
-2.23	0.356052
-2.232	0.356874
-2.234	0.357687
-2.236	0.358491
-2.238	0.359285
-2.24	0.360071
-2.242	0.360846
-2.244	0.361612
-2.246	0.362369
-2.248	0.363116
-2.25	0.363854
-2.252	0.364581
-2.254	0.365299
-2.256	0.366007
-2.258	0.366705
-2.26	0.367393
-2.262	0.368071
-2.264	0.368739
-2.266	0.369397
-2.268	0.370044
-2.27	0.370681
-2.272	0.371308
-2.274	0.371925
-2.276	0.372531
-2.278	0.373126
-2.28	0.373711
-2.282	0.374286
-2.284	0.374849
-2.286	0.375402
-2.288	0.375945
-2.29	0.376476
-2.292	0.376996
-2.294	0.377506
-2.296	0.378005
-2.298	0.378493
-2.3	0.378969
-2.302	0.379435
-2.304	0.379889
-2.306	0.380333
-2.308	0.380765
-2.31	0.381186
-2.312	0.381596
-2.314	0.381994
-2.316	0.382381
-2.318	0.382757
-2.32	0.383121
-2.322	0.383474
-2.324	0.383815
-2.326	0.384145
-2.328	0.384464
-2.33	0.384771
-2.332	0.385066
-2.334	0.38535
-2.336	0.385622
-2.338	0.385882
-2.34	0.386131
-2.342	0.386368
-2.344	0.386593
-2.346	0.386807
-2.348	0.387009
-2.35	0.387199
-2.352	0.387377
-2.354	0.387544
-2.356	0.387699
-2.358	0.387842
-2.36	0.387973
-2.362	0.388092
-2.364	0.3882
-2.366	0.388296
-2.368	0.388379
-2.37	0.388451
-2.372	0.388512
-2.374	0.38856
-2.376	0.388596
-2.378	0.388621
-2.38	0.388633
-2.382	0.388634
-2.384	0.388623
-2.386	0.3886
-2.388	0.388566
-2.39	0.388519
-2.392	0.388461
-2.394	0.388391
-2.396	0.388309
-2.398	0.388215
-2.4	0.388109
-2.402	0.387992
-2.404	0.387863
-2.406	0.387722
-2.408	0.387569
-2.41	0.387405
-2.412	0.387229
-2.414	0.387041
-2.416	0.386842
-2.418	0.386631
-2.42	0.386409
-2.422	0.386175
-2.424	0.385929
-2.426	0.385672
-2.428	0.385403
-2.43	0.385123
-2.432	0.384831
-2.434	0.384528
-2.436	0.384214
-2.438	0.383888
-2.44	0.383551
-2.442	0.383203
-2.444	0.382843
-2.446	0.382472
-2.448	0.38209
-2.45	0.381697
-2.452	0.381293
-2.454	0.380878
-2.456	0.380452
-2.458	0.380014
-2.46	0.379566
-2.462	0.379107
-2.464	0.378638
-2.466	0.378157
-2.468	0.377666
-2.47	0.377164
-2.472	0.376651
-2.474	0.376128
-2.476	0.375594
-2.478	0.37505
-2.48	0.374495
-2.482	0.37393
-2.484	0.373355
-2.486	0.372769
-2.488	0.372173
-2.49	0.371567
-2.492	0.370951
-2.494	0.370325
-2.496	0.369689
-2.498	0.369043
-2.5	0.368387
-2.502	0.367722
-2.504	0.367046
-2.506	0.366361
-2.508	0.365667
-2.51	0.364962
-2.512	0.364249
-2.514	0.363526
-2.516	0.362793
-2.518	0.362052
-2.52	0.361301
-2.522	0.360541
-2.524	0.359772
-2.526	0.358994
-2.528	0.358208
-2.53	0.357412
-2.532	0.356607
-2.534	0.355794
-2.536	0.354973
-2.538	0.354142
-2.54	0.353304
-2.542	0.352456
-2.544	0.351601
-2.546	0.350737
-2.548	0.349866
-2.55	0.348986
-2.552	0.348098
-2.554	0.347202
-2.556	0.346298
-2.558	0.345387
-2.56	0.344468
-2.562	0.343541
-2.564	0.342607
-2.566	0.341665
-2.568	0.340716
-2.57	0.33976
-2.572	0.338797
-2.574	0.337826
-2.576	0.336849
-2.578	0.335864
-2.58	0.334873
-2.582	0.333875
-2.584	0.33287
-2.586	0.331859
-2.588	0.330841
-2.59	0.329817
-2.592	0.328786
-2.594	0.327749
-2.596	0.326706
-2.598	0.325657
-2.6	0.324602
-2.602	0.323541
-2.604	0.322475
-2.606	0.321402
-2.608	0.320324
-2.61	0.319241
-2.612	0.318152
-2.614	0.317057
-2.616	0.315957
-2.618	0.314853
-2.62	0.313743
-2.622	0.312628
-2.624	0.311508
-2.626	0.310383
-2.628	0.309254
-2.63	0.30812
-2.632	0.306981
-2.634	0.305838
-2.636	0.304691
-2.638	0.303539
-2.64	0.302383
-2.642	0.301223
-2.644	0.300059
-2.646	0.298891
-2.648	0.29772
-2.65	0.296544
-2.652	0.295365
-2.654	0.294182
-2.656	0.292996
-2.658	0.291807
-2.66	0.290614
-2.662	0.289418
-2.664	0.288218
-2.666	0.287016
-2.668	0.285811
-2.67	0.284603
-2.672	0.283392
-2.674	0.282179
-2.676	0.280963
-2.678	0.279744
-2.68	0.278524
-2.682	0.2773
-2.684	0.276075
-2.686	0.274847
-2.688	0.273618
-2.69	0.272386
-2.692	0.271152
-2.694	0.269917
-2.696	0.26868
-2.698	0.267441
-2.7	0.266201
-2.702	0.264959
-2.704	0.263716
-2.706	0.262472
-2.708	0.261226
-2.71	0.25998
-2.712	0.258732
-2.714	0.257483
-2.716	0.256233
-2.718	0.254983
-2.72	0.253732
-2.722	0.25248
-2.724	0.251228
-2.726	0.249975
-2.728	0.248722
-2.73	0.247468
-2.732	0.246215
-2.734	0.244961
-2.736	0.243707
-2.738	0.242453
-2.74	0.241199
-2.742	0.239945
-2.744	0.238691
-2.746	0.237438
-2.748	0.236185
-2.75	0.234933
-2.752	0.233681
-2.754	0.232429
-2.756	0.231179
-2.758	0.229929
-2.76	0.22868
-2.762	0.227431
-2.764	0.226184
-2.766	0.224938
-2.768	0.223693
-2.77	0.222449
-2.772	0.221206
-2.774	0.219964
-2.776	0.218724
-2.778	0.217485
-2.78	0.216248
-2.782	0.215012
-2.784	0.213778
-2.786	0.212546
-2.788	0.211315
-2.79	0.210087
-2.792	0.20886
-2.794	0.207635
-2.796	0.206412
-2.798	0.205191
-2.8	0.203972
-2.802	0.202755
-2.804	0.201541
-2.806	0.200329
-2.808	0.199119
-2.81	0.197912
-2.812	0.196707
-2.814	0.195505
-2.816	0.194305
-2.818	0.193108
-2.82	0.191913
-2.822	0.190721
-2.824	0.189532
-2.826	0.188346
-2.828	0.187163
-2.83	0.185983
-2.832	0.184806
-2.834	0.183631
-2.836	0.18246
-2.838	0.181292
-2.84	0.180127
-2.842	0.178966
-2.844	0.177807
-2.846	0.176652
-2.848	0.1755
-2.85	0.174352
-2.852	0.173207
-2.854	0.172066
-2.856	0.170928
-2.858	0.169794
-2.86	0.168663
-2.862	0.167536
-2.864	0.166413
-2.866	0.165293
-2.868	0.164177
-2.87	0.163065
-2.872	0.161957
-2.874	0.160853
-2.876	0.159753
-2.878	0.158656
-2.88	0.157564
-2.882	0.156475
-2.884	0.155391
-2.886	0.15431
-2.888	0.153234
-2.89	0.152162
-2.892	0.151094
-2.894	0.15003
-2.896	0.14897
-2.898	0.147915
-2.9	0.146864
-2.902	0.145817
-2.904	0.144775
-2.906	0.143737
-2.908	0.142703
-2.91	0.141674
-2.912	0.140649
-2.914	0.139628
-2.916	0.138612
-2.918	0.137601
-2.92	0.136594
-2.922	0.135591
-2.924	0.134593
-2.926	0.1336
-2.928	0.132611
-2.93	0.131627
-2.932	0.130647
-2.934	0.129672
-2.936	0.128702
-2.938	0.127736
-2.94	0.126775
-2.942	0.125819
-2.944	0.124867
-2.946	0.123921
-2.948	0.122978
-2.95	0.122041
-2.952	0.121108
-2.954	0.120181
-2.956	0.119257
-2.958	0.118339
-2.96	0.117426
-2.962	0.116517
-2.964	0.115613
-2.966	0.114714
-2.968	0.11382
-2.97	0.11293
-2.972	0.112046
-2.974	0.111166
-2.976	0.110291
-2.978	0.109421
-2.98	0.108556
-2.982	0.107696
-2.984	0.10684
-2.986	0.10599
-2.988	0.105144
-2.99	0.104303
-2.992	0.103467
-2.994	0.102636
-2.996	0.10181
-2.998	0.100988
-3	0.100172
-3.002	0.0993602
-3.004	0.0985535
-3.006	0.0977516
-3.008	0.0969545
-3.01	0.0961623
-3.012	0.095375
-3.014	0.0945925
-3.016	0.0938149
-3.018	0.0930421
-3.02	0.0922742
-3.022	0.0915111
-3.024	0.0907528
-3.026	0.0899993
-3.028	0.0892507
-3.03	0.0885068
-3.032	0.0877678
-3.034	0.0870335
-3.036	0.086304
-3.038	0.0855793
-3.04	0.0848594
-3.042	0.0841442
-3.044	0.0834338
-3.046	0.0827281
-3.048	0.0820272
-3.05	0.0813309
-3.052	0.0806394
-3.054	0.0799526
-3.056	0.0792704
-3.058	0.0785929
-3.06	0.0779201
-3.062	0.077252
-3.064	0.0765884
-3.066	0.0759295
-3.068	0.0752753
-3.07	0.0746256
-3.072	0.0739804
-3.074	0.0733399
-3.076	0.0727039
-3.078	0.0720725
-3.08	0.0714456
-3.082	0.0708232
-3.084	0.0702053
-3.086	0.0695918
-3.088	0.0689829
-3.09	0.0683784
-3.092	0.0677783
-3.094	0.0671827
-3.096	0.0665914
-3.098	0.0660046
-3.1	0.0654221
-3.102	0.0648439
-3.104	0.0642701
-3.106	0.0637006
-3.108	0.0631354
-3.11	0.0625745
-3.112	0.0620178
-3.114	0.0614654
-3.116	0.0609173
-3.118	0.0603733
-3.12	0.0598335
-3.122	0.0592979
-3.124	0.0587665
-3.126	0.0582391
-3.128	0.0577159
-3.13	0.0571968
-3.132	0.0566818
-3.134	0.0561708
-3.136	0.0556639
-3.138	0.0551609
-3.14	0.054662
-3.142	0.054167
-3.144	0.053676
-3.146	0.053189
-3.148	0.0527058
-3.15	0.0522266
-3.152	0.0517512
-3.154	0.0512797
-3.156	0.050812
-3.158	0.0503481
-3.16	0.049888
-3.162	0.0494317
-3.164	0.0489791
-3.166	0.0485303
-3.168	0.0480852
-3.17	0.0476437
-3.172	0.047206
-3.174	0.0467718
-3.176	0.0463413
-3.178	0.0459144
-3.18	0.0454911
-3.182	0.0450713
-3.184	0.0446551
-3.186	0.0442424
-3.188	0.0438332
-3.19	0.0434274
-3.192	0.0430251
-3.194	0.0426263
-3.196	0.0422308
-3.198	0.0418387
-3.2	0.04145
-3.202	0.0410647
-3.204	0.0406826
-3.206	0.0403039
-3.208	0.0399284
-3.21	0.0395562
-3.212	0.0391872
-3.214	0.0388215
-3.216	0.0384589
-3.218	0.0380995
-3.22	0.0377433
-3.222	0.0373901
-3.224	0.0370401
-3.226	0.0366932
-3.228	0.0363493
-3.23	0.0360085
-3.232	0.0356707
-3.234	0.0353359
-3.236	0.0350041
-3.238	0.0346752
-3.24	0.0343493
-3.242	0.0340262
-3.244	0.0337061
-3.246	0.0333888
-3.248	0.0330744
-3.25	0.0327628
-3.252	0.0324541
-3.254	0.0321481
-3.256	0.0318449
-3.258	0.0315444
-3.26	0.0312466
-3.262	0.0309516
-3.264	0.0306592
-3.266	0.0303695
-3.268	0.0300825
-3.27	0.0297981
-3.272	0.0295162
-3.274	0.029237
-3.276	0.0289603
-3.278	0.0286861
-3.28	0.0284145
-3.282	0.0281454
-3.284	0.0278788
-3.286	0.0276146
-3.288	0.0273528
-3.29	0.0270935
-3.292	0.0268366
-3.294	0.0265821
-3.296	0.0263299
-3.298	0.0260801
-3.3	0.0258326
-3.302	0.0255874
-3.304	0.0253445
-3.306	0.0251039
-3.308	0.0248655
-3.31	0.0246293
-3.312	0.0243954
-3.314	0.0241637
-3.316	0.0239341
-3.318	0.0237067
-3.32	0.0234814
-3.322	0.0232582
-3.324	0.0230372
-3.326	0.0228182
-3.328	0.0226013
-3.33	0.0223864
-3.332	0.0221736
-3.334	0.0219628
-3.336	0.021754
-3.338	0.0215471
-3.34	0.0213422
-3.342	0.0211393
-3.344	0.0209383
-3.346	0.0207392
-3.348	0.020542
-3.35	0.0203467
-3.352	0.0201532
-3.354	0.0199616
-3.356	0.0197718
-3.358	0.0195838
-3.36	0.0193976
-3.362	0.0192131
-3.364	0.0190305
-3.366	0.0188496
-3.368	0.0186704
-3.37	0.0184929
-3.372	0.0183171
-3.374	0.018143
-3.376	0.0179706
-3.378	0.0177998
-3.38	0.0176307
-3.382	0.0174632
-3.384	0.0172973
-3.386	0.017133
-3.388	0.0169702
-3.39	0.0168091
-3.392	0.0166494
-3.394	0.0164914
-3.396	0.0163348
-3.398	0.0161797
-3.4	0.0160261
-3.402	0.015874
-3.404	0.0157234
-3.406	0.0155742
-3.408	0.0154265
-3.41	0.0152802
-3.412	0.0151352
-3.414	0.0149917
-3.416	0.0148496
-3.418	0.0147088
-3.42	0.0145694
-3.422	0.0144313
-3.424	0.0142946
-3.426	0.0141592
-3.428	0.014025
-3.43	0.0138922
-3.432	0.0137607
-3.434	0.0136304
-3.436	0.0135014
-3.438	0.0133736
-3.44	0.0132471
-3.442	0.0131217
-3.444	0.0129976
-3.446	0.0128747
-3.448	0.012753
-3.45	0.0126324
-3.452	0.012513
-3.454	0.0123947
-3.456	0.0122776
-3.458	0.0121616
-3.46	0.0120468
-3.462	0.011933
-3.464	0.0118204
-3.466	0.0117088
-3.468	0.0115983
-3.47	0.0114888
-3.472	0.0113804
-3.474	0.0112731
-3.476	0.0111668
-3.478	0.0110615
-3.48	0.0109572
-3.482	0.0108539
-3.484	0.0107516
-3.486	0.0106503
-3.488	0.01055
-3.49	0.0104506
-3.492	0.0103522
-3.494	0.0102547
-3.496	0.0101582
-3.498	0.0100626
-3.5	0.00996792
-3.502	0.00987414
-3.504	0.00978125
-3.506	0.00968926
-3.508	0.00959815
-3.51	0.00950791
-3.512	0.00941853
-3.514	0.00933001
-3.516	0.00924233
-3.518	0.0091555
-3.52	0.00906949
-3.522	0.0089843
-3.524	0.00889993
-3.526	0.00881637
-3.528	0.0087336
-3.53	0.00865162
-3.532	0.00857042
-3.534	0.00849
-3.536	0.00841034
-3.538	0.00833144
-3.54	0.00825329
-3.542	0.00817589
-3.544	0.00809922
-3.546	0.00802328
-3.548	0.00794806
-3.55	0.00787356
-3.552	0.00779976
-3.554	0.00772667
-3.556	0.00765427
-3.558	0.00758255
-3.56	0.00751152
-3.562	0.00744116
-3.564	0.00737146
-3.566	0.00730243
-3.568	0.00723404
-3.57	0.00716631
-3.572	0.00709921
-3.574	0.00703275
-3.576	0.00696692
-3.578	0.00690171
-3.58	0.00683711
-3.582	0.00677312
-3.584	0.00670974
-3.586	0.00664695
-3.588	0.00658476
-3.59	0.00652315
-3.592	0.00646212
-3.594	0.00640166
-3.596	0.00634177
-3.598	0.00628245
-3.6	0.00622368
-3.602	0.00616546
-3.604	0.0061078
-3.606	0.00605067
-3.608	0.00599407
-3.61	0.00593801
-3.612	0.00588248
-3.614	0.00582746
-3.616	0.00577296
-3.618	0.00571897
-3.62	0.00566548
-3.622	0.00561249
-3.624	0.00556
-3.626	0.005508
-3.628	0.00545648
-3.63	0.00540545
-3.632	0.00535489
-3.634	0.0053048
-3.636	0.00525518
-3.638	0.00520602
-3.64	0.00515732
-3.642	0.00510907
-3.644	0.00506127
-3.646	0.00501392
-3.648	0.004967
-3.65	0.00492052
-3.652	0.00487448
-3.654	0.00482886
-3.656	0.00478366
-3.658	0.00473889
-3.66	0.00469453
-3.662	0.00465058
-3.664	0.00460704
-3.666	0.0045639
-3.668	0.00452116
-3.67	0.00447882
-3.672	0.00443687
-3.674	0.00439531
-3.676	0.00435413
-3.678	0.00431333
-3.68	0.00427291
-3.682	0.00423286
-3.684	0.00419319
-3.686	0.00415388
-3.688	0.00411493
-3.69	0.00407634
-3.692	0.00403811
-3.694	0.00400023
-3.696	0.0039627
-3.698	0.00392552
-3.7	0.00388868
-3.702	0.00385217
-3.704	0.00381601
-3.706	0.00378018
-3.708	0.00374467
-3.71	0.0037095
-3.712	0.00367465
-3.714	0.00364012
-3.716	0.0036059
-3.718	0.00357201
-3.72	0.00353842
-3.722	0.00350514
-3.724	0.00347217
-3.726	0.0034395
-3.728	0.00340713
-3.73	0.00337506
-3.732	0.00334328
-3.734	0.0033118
-3.736	0.0032806
-3.738	0.00324969
-3.74	0.00321907
-3.742	0.00318872
-3.744	0.00315866
-3.746	0.00312887
-3.748	0.00309935
-3.75	0.00307011
-3.752	0.00304113
-3.754	0.00301242
-3.756	0.00298397
-3.758	0.00295578
-3.76	0.00292785
-3.762	0.00290018
-3.764	0.00287276
-3.766	0.0028456
-3.768	0.00281868
-3.77	0.00279201
-3.772	0.00276558
-3.774	0.00273939
-3.776	0.00271345
-3.778	0.00268774
-3.78	0.00266227
-3.782	0.00263704
-3.784	0.00261203
-3.786	0.00258725
-3.788	0.0025627
-3.79	0.00253838
-3.792	0.00251428
-3.794	0.0024904
-3.796	0.00246674
-3.798	0.00244329
-3.8	0.00242006
-3.802	0.00239705
-3.804	0.00237424
-3.806	0.00235165
-3.808	0.00232926
-3.81	0.00230707
-3.812	0.00228509
-3.814	0.00226332
-3.816	0.00224174
-3.818	0.00222036
-3.82	0.00219917
-3.822	0.00217818
-3.824	0.00215739
-3.826	0.00213678
-3.828	0.00211637
-3.83	0.00209614
-3.832	0.00207609
-3.834	0.00205624
-3.836	0.00203656
-3.838	0.00201706
-3.84	0.00199775
-3.842	0.00197861
-3.844	0.00195965
-3.846	0.00194086
-3.848	0.00192224
-3.85	0.0019038
-3.852	0.00188552
-3.854	0.00186742
-3.856	0.00184948
-3.858	0.00183171
-3.86	0.0018141
-3.862	0.00179665
-3.864	0.00177936
-3.866	0.00176223
-3.868	0.00174526
-3.87	0.00172845
-3.872	0.00171179
-3.874	0.00169529
-3.876	0.00167894
-3.878	0.00166273
-3.88	0.00164668
-3.882	0.00163078
-3.884	0.00161502
-3.886	0.00159941
-3.888	0.00158395
-3.89	0.00156862
-3.892	0.00155344
-3.894	0.0015384
-3.896	0.0015235
-3.898	0.00150874
-3.9	0.00149411
-3.902	0.00147962
-3.904	0.00146526
-3.906	0.00145104
-3.908	0.00143694
-3.91	0.00142298
-3.912	0.00140915
-3.914	0.00139545
-3.916	0.00138187
-3.918	0.00136842
-3.92	0.0013551
-3.922	0.0013419
-3.924	0.00132882
-3.926	0.00131586
-3.928	0.00130302
-3.93	0.00129031
-3.932	0.00127771
-3.934	0.00126523
-3.936	0.00125287
-3.938	0.00124062
-3.94	0.00122848
-3.942	0.00121646
-3.944	0.00120455
-3.946	0.00119275
-3.948	0.00118106
-3.95	0.00116949
-3.952	0.00115801
-3.954	0.00114665
-3.956	0.00113539
-3.958	0.00112424
-3.96	0.0011132
-3.962	0.00110225
-3.964	0.00109141
-3.966	0.00108067
-3.968	0.00107003
-3.97	0.00105949
-3.972	0.00104905
-3.974	0.00103871
-3.976	0.00102847
-3.978	0.00101832
-3.98	0.00100826
-3.982	0.000998306
-3.984	0.000988441
-3.986	0.000978669
-3.988	0.000968989
-3.99	0.0009594
-3.992	0.000949902
-3.994	0.000940493
-3.996	0.000931172
-3.998	0.00092194
-4	0.000912795
-4.002	0.000903736
-4.004	0.000894763
-4.006	0.000885875
-4.008	0.00087707
-4.01	0.000868349
-4.012	0.000859711
-4.014	0.000851154
-4.016	0.000842679
-4.018	0.000834283
-4.02	0.000825968
-4.022	0.000817731
-4.024	0.000809572
-4.026	0.000801491
-4.028	0.000793487
-4.03	0.000785558
-4.032	0.000777705
-4.034	0.000769927
-4.036	0.000762222
-4.038	0.000754591
-4.04	0.000747033
-4.042	0.000739547
-4.044	0.000732131
-4.046	0.000724787
-4.048	0.000717513
-4.05	0.000710308
-4.052	0.000703172
-4.054	0.000696104
-4.056	0.000689104
-4.058	0.00068217
-4.06	0.000675303
-4.062	0.000668501
-4.064	0.000661765
-4.066	0.000655093
-4.068	0.000648485
-4.07	0.000641941
-4.072	0.000635459
-4.074	0.000629039
-4.076	0.000622681
-4.078	0.000616384
-4.08	0.000610148
-4.082	0.000603971
-4.084	0.000597854
-4.086	0.000591795
-4.088	0.000585795
-4.09	0.000579853
-4.092	0.000573968
-4.094	0.00056814
-4.096	0.000562367
-4.098	0.000556651
-4.1	0.000550989
-4.102	0.000545383
-4.104	0.00053983
-4.106	0.000534331
-4.108	0.000528885
-4.11	0.000523492
-4.112	0.000518151
-4.114	0.000512862
-4.116	0.000507624
-4.118	0.000502436
-4.12	0.000497299
-4.122	0.000492212
-4.124	0.000487174
-4.126	0.000482185
-4.128	0.000477244
-4.13	0.000472351
-4.132	0.000467506
-4.134	0.000462708
-4.136	0.000457957
-4.138	0.000453252
-4.14	0.000448592
-4.142	0.000443978
-4.144	0.000439409
-4.146	0.000434885
-4.148	0.000430404
-4.15	0.000425968
-4.152	0.000421574
-4.154	0.000417224
-4.156	0.000412916
-4.158	0.00040865
-4.16	0.000404425
-4.162	0.000400242
-4.164	0.0003961
-4.166	0.000391999
-4.168	0.000387938
-4.17	0.000383916
-4.172	0.000379934
-4.174	0.000375991
-4.176	0.000372087
-4.178	0.00036822
-4.18	0.000364392
-4.182	0.000360602
-4.184	0.000356849
-4.186	0.000353132
-4.188	0.000349452
-4.19	0.000345809
-4.192	0.000342201
-4.194	0.000338629
-4.196	0.000335092
-4.198	0.00033159
-4.2	0.000328122
-4.202	0.000324689
-4.204	0.000321289
-4.206	0.000317923
-4.208	0.000314591
-4.21	0.000311291
-4.212	0.000308024
-4.214	0.000304789
-4.216	0.000301586
-4.218	0.000298415
-4.22	0.000295276
-4.222	0.000292167
-4.224	0.000289089
-4.226	0.000286042
-4.228	0.000283025
-4.23	0.000280038
-4.232	0.000277081
-4.234	0.000274153
-4.236	0.000271254
-4.238	0.000268384
-4.24	0.000265543
-4.242	0.00026273
-4.244	0.000259945
-4.246	0.000257187
-4.248	0.000254458
-4.25	0.000251755
-4.252	0.000249079
-4.254	0.00024643
-4.256	0.000243808
-4.258	0.000241212
-4.26	0.000238641
-4.262	0.000236097
-4.264	0.000233578
-4.266	0.000231084
-4.268	0.000228615
-4.27	0.000226171
-4.272	0.000223751
-4.274	0.000221356
-4.276	0.000218984
-4.278	0.000216637
-4.28	0.000214313
-4.282	0.000212012
-4.284	0.000209735
-4.286	0.000207481
-4.288	0.000205249
-4.29	0.000203039
-4.292	0.000200852
-4.294	0.000198687
-4.296	0.000196544
-4.298	0.000194423
-4.3	0.000192322
-4.302	0.000190244
-4.304	0.000188186
-4.306	0.000186149
-4.308	0.000184132
-4.31	0.000182136
-4.312	0.00018016
-4.314	0.000178205
-4.316	0.000176269
-4.318	0.000174352
-4.32	0.000172455
-4.322	0.000170578
-4.324	0.000168719
-4.326	0.00016688
-4.328	0.000165059
-4.33	0.000163256
-4.332	0.000161472
-4.334	0.000159706
-4.336	0.000157959
-4.338	0.000156229
-4.34	0.000154516
-4.342	0.000152821
-4.344	0.000151144
-4.346	0.000149483
-4.348	0.00014784
-4.35	0.000146213
-4.352	0.000144604
-4.354	0.00014301
-4.356	0.000141433
-4.358	0.000139872
-4.36	0.000138327
-4.362	0.000136798
-4.364	0.000135285
-4.366	0.000133787
-4.368	0.000132305
-4.37	0.000130838
-4.372	0.000129386
-4.374	0.000127949
-4.376	0.000126527
-4.378	0.000125119
-4.38	0.000123726
-4.382	0.000122348
-4.384	0.000120984
-4.386	0.000119633
-4.388	0.000118297
-4.39	0.000116975
-4.392	0.000115666
-4.394	0.000114371
-4.396	0.00011309
-4.398	0.000111821
-4.4	0.000110566
-4.402	0.000109324
-4.404	0.000108095
-4.406	0.000106879
-4.408	0.000105675
-4.41	0.000104484
-4.412	0.000103305
-4.414	0.000102139
-4.416	0.000100985
-4.418	9.98426e-05
-4.42	9.87124e-05
-4.422	9.75941e-05
-4.424	9.64875e-05
-4.426	9.53925e-05
-4.428	9.4309e-05
-4.43	9.32368e-05
-4.432	9.2176e-05
-4.434	9.11263e-05
-4.436	9.00876e-05
-4.438	8.90599e-05
-4.44	8.80429e-05
-4.442	8.70368e-05
-4.444	8.60412e-05
-4.446	8.50562e-05
-4.448	8.40815e-05
-4.45	8.31172e-05
-4.452	8.21631e-05
-4.454	8.1219e-05
-4.456	8.0285e-05
-4.458	7.93609e-05
-4.46	7.84466e-05
-4.462	7.75421e-05
-4.464	7.66471e-05
-4.466	7.57617e-05
-4.468	7.48856e-05
-4.47	7.4019e-05
-4.472	7.31615e-05
-4.474	7.23133e-05
-4.476	7.1474e-05
-4.478	7.06438e-05
-4.48	6.98224e-05
-4.482	6.90098e-05
-4.484	6.8206e-05
-4.486	6.74107e-05
-4.488	6.6624e-05
-4.49	6.58458e-05
-4.492	6.50759e-05
-4.494	6.43143e-05
-4.496	6.35608e-05
-4.498	6.28155e-05
-4.5	6.20783e-05
-4.502	6.1349e-05
-4.504	6.06276e-05
-4.506	5.9914e-05
-4.508	5.92081e-05
-4.51	5.85098e-05
-4.512	5.78191e-05
-4.514	5.7136e-05
-4.516	5.64602e-05
-4.518	5.57918e-05
-4.52	5.51306e-05
-4.522	5.44767e-05
-4.524	5.38298e-05
-4.526	5.31901e-05
-4.528	5.25573e-05
-4.53	5.19314e-05
-4.532	5.13124e-05
-4.534	5.07001e-05
-4.536	5.00945e-05
-4.538	4.94956e-05
-4.54	4.89033e-05
-4.542	4.83175e-05
-4.544	4.77381e-05
-4.546	4.7165e-05
-4.548	4.65983e-05
-4.55	4.60379e-05
-4.552	4.54836e-05
-4.554	4.49354e-05
-4.556	4.43933e-05
-4.558	4.38572e-05
-4.56	4.33271e-05
-4.562	4.28028e-05
-4.564	4.22843e-05
-4.566	4.17716e-05
-4.568	4.12646e-05
-4.57	4.07632e-05
-4.572	4.02675e-05
-4.574	3.97772e-05
-4.576	3.92924e-05
-4.578	3.88131e-05
-4.58	3.8339e-05
-4.582	3.78703e-05
-4.584	3.74069e-05
-4.586	3.69486e-05
-4.588	3.64955e-05
-4.59	3.60475e-05
-4.592	3.56045e-05
-4.594	3.51665e-05
-4.596	3.47335e-05
-4.598	3.43053e-05
-4.6	3.38819e-05
-4.602	3.34634e-05
-4.604	3.30496e-05
-4.606	3.26404e-05
-4.608	3.22359e-05
-4.61	3.1836e-05
-4.612	3.14407e-05
-4.614	3.10498e-05
-4.616	3.06634e-05
-4.618	3.02814e-05
-4.62	2.99037e-05
-4.622	2.95304e-05
-4.624	2.91613e-05
-4.626	2.87965e-05
-4.628	2.84358e-05
-4.63	2.80793e-05
-4.632	2.77268e-05
-4.634	2.73784e-05
-4.636	2.7034e-05
-4.638	2.66936e-05
-4.64	2.63571e-05
-4.642	2.60245e-05
-4.644	2.56957e-05
-4.646	2.53708e-05
-4.648	2.50496e-05
-4.65	2.47321e-05
-4.652	2.44183e-05
-4.654	2.41081e-05
-4.656	2.38016e-05
-4.658	2.34986e-05
-4.66	2.31991e-05
-4.662	2.29032e-05
-4.664	2.26107e-05
-4.666	2.23216e-05
-4.668	2.20359e-05
-4.67	2.17535e-05
-4.672	2.14745e-05
-4.674	2.11987e-05
-4.676	2.09262e-05
-4.678	2.06569e-05
-4.68	2.03907e-05
-4.682	2.01277e-05
-4.684	1.98678e-05
-4.686	1.9611e-05
-4.688	1.93572e-05
-4.69	1.91064e-05
-4.692	1.88586e-05
-4.694	1.86137e-05
-4.696	1.83718e-05
-4.698	1.81327e-05
-4.7	1.78965e-05
-4.702	1.76631e-05
-4.704	1.74324e-05
-4.706	1.72046e-05
-4.708	1.69794e-05
-4.71	1.6757e-05
-4.712	1.65372e-05
-4.714	1.63201e-05
-4.716	1.61056e-05
-4.718	1.58936e-05
-4.72	1.56842e-05
-4.722	1.54774e-05
-4.724	1.5273e-05
-4.726	1.50711e-05
-4.728	1.48717e-05
-4.73	1.46746e-05
-4.732	1.448e-05
-4.734	1.42877e-05
-4.736	1.40978e-05
-4.738	1.39102e-05
-4.74	1.37249e-05
-4.742	1.35418e-05
-4.744	1.3361e-05
-4.746	1.31823e-05
-4.748	1.30059e-05
-4.75	1.28316e-05
-4.752	1.26595e-05
-4.754	1.24895e-05
-4.756	1.23216e-05
-4.758	1.21557e-05
-4.76	1.19919e-05
-4.762	1.18302e-05
-4.764	1.16704e-05
-4.766	1.15126e-05
-4.768	1.13567e-05
-4.77	1.12028e-05
-4.772	1.10508e-05
-4.774	1.09007e-05
-4.776	1.07525e-05
-4.778	1.06061e-05
-4.78	1.04616e-05
-4.782	1.03188e-05
-4.784	1.01779e-05
-4.786	1.00387e-05
-4.788	9.90122e-06
-4.79	9.7655e-06
-4.792	9.63148e-06
-4.794	9.49916e-06
-4.796	9.3685e-06
-4.798	9.23949e-06
-4.8	9.11212e-06
-4.802	8.98636e-06
-4.804	8.86219e-06
-4.806	8.73959e-06
-4.808	8.61856e-06
-4.81	8.49906e-06
-4.812	8.38108e-06
-4.814	8.26461e-06
-4.816	8.14963e-06
-4.818	8.03611e-06
-4.82	7.92405e-06
-4.822	7.81343e-06
-4.824	7.70422e-06
-4.826	7.59642e-06
-4.828	7.49e-06
-4.83	7.38496e-06
-4.832	7.28127e-06
-4.834	7.17892e-06
-4.836	7.07789e-06
-4.838	6.97816e-06
-4.84	6.87974e-06
-4.842	6.78258e-06
-4.844	6.68669e-06
-4.846	6.59205e-06
-4.848	6.49864e-06
-4.85	6.40645e-06
-4.852	6.31546e-06
-4.854	6.22566e-06
-4.856	6.13704e-06
-4.858	6.04958e-06
-4.86	5.96326e-06
-4.862	5.87808e-06
-4.864	5.79403e-06
-4.866	5.71107e-06
-4.868	5.62922e-06
-4.87	5.54844e-06
-4.872	5.46873e-06
-4.874	5.39008e-06
-4.876	5.31247e-06
-4.878	5.23588e-06
-4.88	5.16032e-06
-4.882	5.08576e-06
-4.884	5.0122e-06
-4.886	4.93962e-06
-4.888	4.868e-06
-4.89	4.79735e-06
-4.892	4.72764e-06
-4.894	4.65886e-06
-4.896	4.59101e-06
-4.898	4.52407e-06
-4.9	4.45803e-06
-4.902	4.39288e-06
-4.904	4.32862e-06
-4.906	4.26521e-06
-4.908	4.20267e-06
-4.91	4.14097e-06
-4.912	4.08011e-06
-4.914	4.02008e-06
-4.916	3.96086e-06
-4.918	3.90245e-06
-4.92	3.84484e-06
-4.922	3.78801e-06
-4.924	3.73196e-06
-4.926	3.67667e-06
-4.928	3.62215e-06
-4.93	3.56837e-06
-4.932	3.51533e-06
-4.934	3.46301e-06
-4.936	3.41142e-06
-4.938	3.36054e-06
-4.94	3.31037e-06
-4.942	3.26088e-06
-4.944	3.21209e-06
-4.946	3.16396e-06
-4.948	3.11651e-06
-4.95	3.06971e-06
-4.952	3.02357e-06
-4.954	2.97807e-06
-4.956	2.9332e-06
-4.958	2.88896e-06
-4.96	2.84534e-06
-4.962	2.80233e-06
-4.964	2.75992e-06
-4.966	2.71811e-06
-4.968	2.67689e-06
-4.97	2.63624e-06
-4.972	2.59617e-06
-4.974	2.55666e-06
-4.976	2.51771e-06
-4.978	2.47932e-06
-4.98	2.44146e-06
-4.982	2.40415e-06
-4.984	2.36736e-06
-4.986	2.33109e-06
-4.988	2.29535e-06
-4.99	2.26011e-06
-4.992	2.22537e-06
-4.994	2.19113e-06
-4.996	2.15738e-06
-4.998	2.12412e-06
