5	4.62281e-09
4.998	4.67224e-09
4.996	4.72214e-09
4.994	4.77253e-09
4.992	4.8234e-09
4.99	4.87476e-09
4.988	4.92661e-09
4.986	4.97897e-09
4.984	5.03182e-09
4.982	5.08518e-09
4.98	5.13906e-09
4.978	5.19344e-09
4.976	5.24835e-09
4.974	5.30378e-09
4.972	5.35974e-09
4.97	5.41623e-09
4.968	5.47326e-09
4.966	5.53082e-09
4.964	5.58894e-09
4.962	5.6476e-09
4.96	5.70682e-09
4.958	5.7666e-09
4.956	5.82694e-09
4.954	5.88784e-09
4.952	5.94933e-09
4.95	6.01139e-09
4.948	6.07403e-09
4.946	6.13726e-09
4.944	6.20108e-09
4.942	6.26549e-09
4.94	6.33051e-09
4.938	6.39614e-09
4.936	6.46237e-09
4.934	6.52923e-09
4.932	6.5967e-09
4.93	6.6648e-09
4.928	6.73353e-09
4.926	6.80289e-09
4.924	6.8729e-09
4.922	6.94356e-09
4.92	7.01486e-09
4.918	7.08682e-09
4.916	7.15945e-09
4.914	7.23274e-09
4.912	7.3067e-09
4.91	7.38134e-09
4.908	7.45666e-09
4.906	7.53267e-09
4.904	7.60938e-09
4.902	7.68678e-09
4.9	7.76489e-09
4.898	7.84371e-09
4.896	7.92325e-09
4.894	8.0035e-09
4.892	8.08448e-09
4.89	8.1662e-09
4.888	8.24865e-09
4.886	8.33185e-09
4.884	8.4158e-09
4.882	8.5005e-09
4.88	8.58596e-09
4.878	8.67219e-09
4.876	8.7592e-09
4.874	8.84698e-09
4.872	8.93555e-09
4.87	9.0249e-09
4.868	9.11506e-09
4.866	9.20602e-09
4.864	9.29778e-09
4.862	9.39036e-09
4.86	9.48377e-09
4.858	9.578e-09
4.856	9.67306e-09
4.854	9.76896e-09
4.852	9.86571e-09
4.85	9.96332e-09
4.848	1.00618e-08
4.846	1.01611e-08
4.844	1.02613e-08
4.842	1.03624e-08
4.84	1.04643e-08
4.838	1.05672e-08
4.836	1.06709e-08
4.834	1.07756e-08
4.832	1.08812e-08
4.83	1.09877e-08
4.828	1.10951e-08
4.826	1.12034e-08
4.824	1.13127e-08
4.822	1.14229e-08
4.82	1.15341e-08
4.818	1.16462e-08
4.816	1.17593e-08
4.814	1.18734e-08
4.812	1.19885e-08
4.81	1.21045e-08
4.808	1.22215e-08
4.806	1.23396e-08
4.804	1.24586e-08
4.802	1.25787e-08
4.8	1.26998e-08
4.798	1.28219e-08
4.796	1.29451e-08
4.794	1.30693e-08
4.792	1.31945e-08
4.79	1.33208e-08
4.788	1.34482e-08
4.786	1.35767e-08
4.784	1.37062e-08
4.782	1.38368e-08
4.78	1.39686e-08
4.778	1.41014e-08
4.776	1.42354e-08
4.774	1.43704e-08
4.772	1.45066e-08
4.77	1.4644e-08
4.768	1.47824e-08
4.766	1.49221e-08
4.764	1.50629e-08
4.762	1.52048e-08
4.76	1.5348e-08
4.758	1.54923e-08
4.756	1.56378e-08
4.754	1.57846e-08
4.752	1.59325e-08
4.75	1.60816e-08
4.748	1.6232e-08
4.746	1.63836e-08
4.744	1.65365e-08
4.742	1.66906e-08
4.74	1.6846e-08
4.738	1.70026e-08
4.736	1.71605e-08
4.734	1.73197e-08
4.732	1.74802e-08
4.73	1.7642e-08
4.728	1.78051e-08
4.726	1.79696e-08
4.724	1.81353e-08
4.722	1.83024e-08
4.72	1.84709e-08
4.718	1.86407e-08
4.716	1.88118e-08
4.714	1.89844e-08
4.712	1.91583e-08
4.71	1.93336e-08
4.708	1.95103e-08
4.706	1.96885e-08
4.704	1.9868e-08
4.702	2.0049e-08
4.7	2.02314e-08
4.698	2.04153e-08
4.696	2.06006e-08
4.694	2.07874e-08
4.692	2.09757e-08
4.69	2.11655e-08
4.688	2.13567e-08
4.686	2.15495e-08
4.684	2.17437e-08
4.682	2.19395e-08
4.68	2.21369e-08
4.678	2.23358e-08
4.676	2.25362e-08
4.674	2.27382e-08
4.672	2.29418e-08
4.67	2.31469e-08
4.668	2.33537e-08
4.666	2.3562e-08
4.664	2.3772e-08
4.662	2.39836e-08
4.66	2.41969e-08
4.658	2.44117e-08
4.656	2.46283e-08
4.654	2.48465e-08
4.652	2.50664e-08
4.65	2.52879e-08
4.648	2.55112e-08
4.646	2.57362e-08
4.644	2.59629e-08
4.642	2.61913e-08
4.64	2.64214e-08
4.638	2.66534e-08
4.636	2.6887e-08
4.634	2.71225e-08
4.632	2.73597e-08
4.63	2.75988e-08
4.628	2.78396e-08
4.626	2.80822e-08
4.624	2.83267e-08
4.622	2.85731e-08
4.62	2.88212e-08
4.618	2.90713e-08
4.616	2.93232e-08
4.614	2.9577e-08
4.612	2.98327e-08
4.61	3.00903e-08
4.608	3.03498e-08
4.606	3.06112e-08
4.604	3.08746e-08
4.602	3.114e-08
4.6	3.14073e-08
4.598	3.16766e-08
4.596	3.19479e-08
4.594	3.22212e-08
4.592	3.24965e-08
4.59	3.27738e-08
4.588	3.30532e-08
4.586	3.33346e-08
4.584	3.36181e-08
4.582	3.39037e-08
4.58	3.41913e-08
4.578	3.44811e-08
4.576	3.47729e-08
4.574	3.50669e-08
4.572	3.5363e-08
4.57	3.56613e-08
4.568	3.59618e-08
4.566	3.62644e-08
4.564	3.65692e-08
4.562	3.68762e-08
4.56	3.71854e-08
4.558	3.74969e-08
4.556	3.78106e-08
4.554	3.81266e-08
4.552	3.84448e-08
4.55	3.87653e-08
4.548	3.90881e-08
4.546	3.94132e-08
4.544	3.97407e-08
4.542	4.00705e-08
4.54	4.04026e-08
4.538	4.07371e-08
4.536	4.1074e-08
4.534	4.14132e-08
4.532	4.17549e-08
4.53	4.2099e-08
4.528	4.24456e-08
4.526	4.27946e-08
4.524	4.3146e-08
4.522	4.34999e-08
4.52	4.38564e-08
4.518	4.42153e-08
4.516	4.45768e-08
4.514	4.49408e-08
4.512	4.53073e-08
4.51	4.56765e-08
4.508	4.60482e-08
4.506	4.64225e-08
4.504	4.67994e-08
4.502	4.7179e-08
4.5	4.75612e-08
4.498	4.79461e-08
4.496	4.83337e-08
4.494	4.87239e-08
4.492	4.91169e-08
4.49	4.95126e-08
4.488	4.9911e-08
4.486	5.03122e-08
4.484	5.07162e-08
4.482	5.1123e-08
4.48	5.15326e-08
4.478	5.1945e-08
4.476	5.23603e-08
4.474	5.27784e-08
4.472	5.31994e-08
4.47	5.36234e-08
4.468	5.40502e-08
4.466	5.448e-08
4.464	5.49127e-08
4.462	5.53484e-08
4.46	5.57871e-08
4.458	5.62288e-08
4.456	5.66736e-08
4.454	5.71214e-08
4.452	5.75722e-08
4.45	5.80262e-08
4.448	5.84832e-08
4.446	5.89434e-08
4.444	5.94067e-08
4.442	5.98732e-08
4.44	6.03429e-08
4.438	6.08158e-08
4.436	6.12919e-08
4.434	6.17713e-08
4.432	6.22539e-08
4.43	6.27399e-08
4.428	6.32291e-08
4.426	6.37217e-08
4.424	6.42177e-08
4.422	6.4717e-08
4.42	6.52198e-08
4.418	6.5726e-08
4.416	6.62356e-08
4.414	6.67487e-08
4.412	6.72653e-08
4.41	6.77855e-08
4.408	6.83092e-08
4.406	6.88364e-08
4.404	6.93673e-08
4.402	6.99018e-08
4.4	7.04399e-08
4.398	7.09817e-08
4.396	7.15272e-08
4.394	7.20765e-08
4.392	7.26295e-08
4.39	7.31863e-08
4.388	7.37469e-08
4.386	7.43114e-08
4.384	7.48797e-08
4.382	7.54519e-08
4.38	7.60281e-08
4.378	7.66082e-08
4.376	7.71923e-08
4.374	7.77804e-08
4.372	7.83726e-08
4.37	7.89689e-08
4.368	7.95693e-08
4.366	8.01738e-08
4.364	8.07825e-08
4.362	8.13955e-08
4.36	8.20127e-08
4.358	8.26342e-08
4.356	8.326e-08
4.354	8.38901e-08
4.352	8.45247e-08
4.35	8.51637e-08
4.348	8.58072e-08
4.346	8.64551e-08
4.344	8.71077e-08
4.342	8.77648e-08
4.34	8.84265e-08
4.338	8.90929e-08
4.336	8.97641e-08
4.334	9.04399e-08
4.332	9.11206e-08
4.33	9.18062e-08
4.328	9.24966e-08
4.326	9.31919e-08
4.324	9.38922e-08
4.322	9.45976e-08
4.32	9.5308e-08
4.318	9.60236e-08
4.316	9.67443e-08
4.314	9.74702e-08
4.312	9.82015e-08
4.31	9.8938e-08
4.308	9.968e-08
4.306	1.00427e-07
4.304	1.0118e-07
4.302	1.01939e-07
4.3	1.02703e-07
4.298	1.03472e-07
4.296	1.04248e-07
4.294	1.05029e-07
4.292	1.05816e-07
4.29	1.06609e-07
4.288	1.07408e-07
4.286	1.08213e-07
4.284	1.09024e-07
4.282	1.09842e-07
4.28	1.10665e-07
4.278	1.11495e-07
4.276	1.12331e-07
4.274	1.13174e-07
4.272	1.14023e-07
4.27	1.14879e-07
4.268	1.15742e-07
4.266	1.16611e-07
4.264	1.17488e-07
4.262	1.18371e-07
4.26	1.19261e-07
4.258	1.20159e-07
4.256	1.21063e-07
4.254	1.21975e-07
4.252	1.22895e-07
4.25	1.23822e-07
4.248	1.24756e-07
4.246	1.25698e-07
4.244	1.26648e-07
4.242	1.27606e-07
4.24	1.28572e-07
4.238	1.29546e-07
4.236	1.30528e-07
4.234	1.31519e-07
4.232	1.32518e-07
4.23	1.33525e-07
4.228	1.34541e-07
4.226	1.35566e-07
4.224	1.366e-07
4.222	1.37643e-07
4.22	1.38696e-07
4.218	1.39757e-07
4.216	1.40828e-07
4.214	1.41909e-07
4.212	1.42999e-07
4.21	1.441e-07
4.208	1.4521e-07
4.206	1.4633e-07
4.204	1.47461e-07
4.202	1.48602e-07
4.2	1.49754e-07
4.198	1.50917e-07
4.196	1.52091e-07
4.194	1.53276e-07
4.192	1.54472e-07
4.19	1.5568e-07
4.188	1.569e-07
4.186	1.58131e-07
4.184	1.59375e-07
4.182	1.60631e-07
4.18	1.61899e-07
4.178	1.6318e-07
4.176	1.64474e-07
4.174	1.65781e-07
4.172	1.67102e-07
4.17	1.68436e-07
4.168	1.69784e-07
4.166	1.71145e-07
4.164	1.72522e-07
4.162	1.73912e-07
4.16	1.75317e-07
4.158	1.76738e-07
4.156	1.78174e-07
4.154	1.79625e-07
4.152	1.81092e-07
4.15	1.82575e-07
4.148	1.84074e-07
4.146	1.8559e-07
4.144	1.87124e-07
4.142	1.88674e-07
4.14	1.90242e-07
4.138	1.91828e-07
4.136	1.93432e-07
4.134	1.95055e-07
4.132	1.96696e-07
4.13	1.98357e-07
4.128	2.00038e-07
4.126	2.01738e-07
4.124	2.03459e-07
4.122	2.052e-07
4.12	2.06963e-07
4.118	2.08747e-07
4.116	2.10553e-07
4.114	2.12381e-07
4.112	2.14232e-07
4.11	2.16106e-07
4.108	2.18004e-07
4.106	2.19926e-07
4.104	2.21873e-07
4.102	2.23844e-07
4.1	2.25841e-07
4.098	2.27864e-07
4.096	2.29913e-07
4.094	2.31989e-07
4.092	2.34093e-07
4.09	2.36225e-07
4.088	2.38385e-07
4.086	2.40575e-07
4.084	2.42794e-07
4.082	2.45044e-07
4.08	2.47325e-07
4.078	2.49637e-07
4.076	2.51981e-07
4.074	2.54358e-07
4.072	2.56769e-07
4.07	2.59213e-07
4.068	2.61693e-07
4.066	2.64207e-07
4.064	2.66758e-07
4.062	2.69347e-07
4.06	2.71972e-07
4.058	2.74636e-07
4.056	2.7734e-07
4.054	2.80083e-07
4.052	2.82867e-07
4.05	2.85693e-07
4.048	2.88561e-07
4.046	2.91473e-07
4.044	2.94428e-07
4.042	2.97429e-07
4.04	3.00476e-07
4.038	3.0357e-07
4.036	3.06712e-07
4.034	3.09903e-07
4.032	3.13144e-07
4.03	3.16435e-07
4.028	3.19779e-07
4.026	3.23176e-07
4.024	3.26627e-07
4.022	3.30133e-07
4.02	3.33695e-07
4.018	3.37316e-07
4.016	3.40994e-07
4.014	3.44733e-07
4.012	3.48533e-07
4.01	3.52396e-07
4.008	3.56322e-07
4.006	3.60314e-07
4.004	3.64372e-07
4.002	3.68497e-07
4	3.72692e-07
3.998	3.76958e-07
3.996	3.81295e-07
3.994	3.85707e-07
3.992	3.90193e-07
3.99	3.94756e-07
3.988	3.99398e-07
3.986	4.04119e-07
3.984	4.08922e-07
3.982	4.13808e-07
3.98	4.18779e-07
3.978	4.23837e-07
3.976	4.28984e-07
3.974	4.34221e-07
3.972	4.3955e-07
3.97	4.44973e-07
3.968	4.50493e-07
3.966	4.56111e-07
3.964	4.61829e-07
3.962	4.6765e-07
3.96	4.73574e-07
3.958	4.79606e-07
3.956	4.85746e-07
3.954	4.91998e-07
3.952	4.98362e-07
3.95	5.04843e-07
3.948	5.11442e-07
3.946	5.18161e-07
3.944	5.25003e-07
3.942	5.31972e-07
3.94	5.39068e-07
3.938	5.46296e-07
3.936	5.53657e-07
3.934	5.61154e-07
3.932	5.68791e-07
3.93	5.7657e-07
3.928	5.84494e-07
3.926	5.92566e-07
3.924	6.0079e-07
3.922	6.09168e-07
3.92	6.17703e-07
3.918	6.26399e-07
3.916	6.35259e-07
3.914	6.44287e-07
3.912	6.53486e-07
3.91	6.62859e-07
3.908	6.7241e-07
3.906	6.82143e-07
3.904	6.92062e-07
3.902	7.0217e-07
3.9	7.12471e-07
3.898	7.22969e-07
3.896	7.33669e-07
3.894	7.44573e-07
3.892	7.55688e-07
3.89	7.67017e-07
3.888	7.78564e-07
3.886	7.90333e-07
3.884	8.0233e-07
3.882	8.14559e-07
3.88	8.27025e-07
3.878	8.39733e-07
3.876	8.52687e-07
3.874	8.65892e-07
3.872	8.79355e-07
3.87	8.93079e-07
3.868	9.0707e-07
3.866	9.21335e-07
3.864	9.35877e-07
3.862	9.50704e-07
3.86	9.6582e-07
3.858	9.81232e-07
3.856	9.96946e-07
3.854	1.01297e-06
3.852	1.0293e-06
3.85	1.04596e-06
3.848	1.06294e-06
3.846	1.08026e-06
3.844	1.09791e-06
3.842	1.11591e-06
3.84	1.13427e-06
3.838	1.15299e-06
3.836	1.17208e-06
3.834	1.19154e-06
3.832	1.21138e-06
3.83	1.23162e-06
3.828	1.25225e-06
3.826	1.2733e-06
3.824	1.29475e-06
3.822	1.31663e-06
3.82	1.33894e-06
3.818	1.3617e-06
3.816	1.3849e-06
3.814	1.40856e-06
3.812	1.43268e-06
3.81	1.45729e-06
3.808	1.48237e-06
3.806	1.50796e-06
3.804	1.53405e-06
3.802	1.56065e-06
3.8	1.58778e-06
3.798	1.61545e-06
3.796	1.64366e-06
3.794	1.67243e-06
3.792	1.70177e-06
3.79	1.73169e-06
3.788	1.7622e-06
3.786	1.79331e-06
3.784	1.82503e-06
3.782	1.85738e-06
3.78	1.89037e-06
3.778	1.92402e-06
3.776	1.95832e-06
3.774	1.9933e-06
3.772	2.02897e-06
3.77	2.06535e-06
3.768	2.10244e-06
3.766	2.14026e-06
3.764	2.17883e-06
3.762	2.21815e-06
3.76	2.25826e-06
3.758	2.29915e-06
3.756	2.34084e-06
3.754	2.38335e-06
3.752	2.4267e-06
3.75	2.47091e-06
3.748	2.51598e-06
3.746	2.56193e-06
3.744	2.60879e-06
3.742	2.65656e-06
3.74	2.70528e-06
3.738	2.75494e-06
3.736	2.80558e-06
3.734	2.85722e-06
3.732	2.90986e-06
3.73	2.96353e-06
3.728	3.01825e-06
3.726	3.07404e-06
3.724	3.13092e-06
3.722	3.18891e-06
3.72	3.24803e-06
3.718	3.3083e-06
3.716	3.36974e-06
3.714	3.43238e-06
3.712	3.49624e-06
3.71	3.56135e-06
3.708	3.62771e-06
3.706	3.69537e-06
3.704	3.76433e-06
3.702	3.83464e-06
3.7	3.90631e-06
3.698	3.97936e-06
3.696	4.05383e-06
3.694	4.12974e-06
3.692	4.20711e-06
3.69	4.28598e-06
3.688	4.36637e-06
3.686	4.44831e-06
3.684	4.53183e-06
3.682	4.61695e-06
3.68	4.70371e-06
3.678	4.79214e-06
3.676	4.88227e-06
3.674	4.97413e-06
3.672	5.06774e-06
3.67	5.16316e-06
3.668	5.26039e-06
3.666	5.35949e-06
3.664	5.46048e-06
3.662	5.56339e-06
3.66	5.66827e-06
3.658	5.77515e-06
3.656	5.88407e-06
3.654	5.99505e-06
3.652	6.10815e-06
3.65	6.22339e-06
3.648	6.34082e-06
3.646	6.46047e-06
3.644	6.58239e-06
3.642	6.70662e-06
3.64	6.83319e-06
3.638	6.96216e-06
3.636	7.09356e-06
3.634	7.22743e-06
3.632	7.36383e-06
3.63	7.50279e-06
3.628	7.64436e-06
3.626	7.78859e-06
3.624	7.93553e-06
3.622	8.08522e-06
3.62	8.23771e-06
3.618	8.39305e-06
3.616	8.5513e-06
3.614	8.7125e-06
3.612	8.8767e-06
3.61	9.04396e-06
3.608	9.21434e-06
3.606	9.38788e-06
3.604	9.56464e-06
3.602	9.74468e-06
3.6	9.92806e-06
3.598	1.01148e-05
3.596	1.03051e-05
3.594	1.04988e-05
3.592	1.06961e-05
3.59	1.0897e-05
3.588	1.11017e-05
3.586	1.13101e-05
3.584	1.15223e-05
3.582	1.17385e-05
3.58	1.19586e-05
3.578	1.21827e-05
3.576	1.24109e-05
3.574	1.26433e-05
3.572	1.28799e-05
3.57	1.31209e-05
3.568	1.33662e-05
3.566	1.3616e-05
3.564	1.38703e-05
3.562	1.41293e-05
3.56	1.43929e-05
3.558	1.46613e-05
3.556	1.49346e-05
3.554	1.52128e-05
3.552	1.5496e-05
3.55	1.57843e-05
3.548	1.60778e-05
3.546	1.63766e-05
3.544	1.66808e-05
3.542	1.69904e-05
3.54	1.73055e-05
3.538	1.76263e-05
3.536	1.79528e-05
3.534	1.82852e-05
3.532	1.86234e-05
3.53	1.89677e-05
3.528	1.93182e-05
3.526	1.96748e-05
3.524	2.00378e-05
3.522	2.04072e-05
3.52	2.07831e-05
3.518	2.11657e-05
3.516	2.1555e-05
3.514	2.19512e-05
3.512	2.23544e-05
3.51	2.27646e-05
3.508	2.31821e-05
3.506	2.36069e-05
3.504	2.40391e-05
3.502	2.44789e-05
3.5	2.49264e-05
3.498	2.53817e-05
3.496	2.58449e-05
3.494	2.63162e-05
3.492	2.67957e-05
3.49	2.72835e-05
3.488	2.77798e-05
3.486	2.82846e-05
3.484	2.87982e-05
3.482	2.93207e-05
3.48	2.98522e-05
3.478	3.03928e-05
3.476	3.09428e-05
3.474	3.15022e-05
3.472	3.20712e-05
3.47	3.26499e-05
3.468	3.32386e-05
3.466	3.38373e-05
3.464	3.44462e-05
3.462	3.50655e-05
3.46	3.56954e-05
3.458	3.6336e-05
3.456	3.69874e-05
3.454	3.76499e-05
3.452	3.83236e-05
3.45	3.90087e-05
3.448	3.97054e-05
3.446	4.04138e-05
3.444	4.11342e-05
3.442	4.18667e-05
3.44	4.26114e-05
3.438	4.33687e-05
3.436	4.41387e-05
3.434	4.49215e-05
3.432	4.57174e-05
3.43	4.65266e-05
3.428	4.73493e-05
3.426	4.81856e-05
3.424	4.90358e-05
3.422	4.99002e-05
3.42	5.07788e-05
3.418	5.1672e-05
3.416	5.258e-05
3.414	5.35029e-05
3.412	5.4441e-05
3.41	5.53946e-05
3.408	5.63638e-05
3.406	5.73489e-05
3.404	5.83502e-05
3.402	5.93678e-05
3.4	6.04021e-05
3.398	6.14532e-05
3.396	6.25214e-05
3.394	6.3607e-05
3.392	6.47102e-05
3.39	6.58313e-05
3.388	6.69706e-05
3.386	6.81283e-05
3.384	6.93046e-05
3.382	7.05e-05
3.38	7.17145e-05
3.378	7.29486e-05
3.376	7.42025e-05
3.374	7.54765e-05
3.372	7.67709e-05
3.37	7.80859e-05
3.368	7.9422e-05
3.366	8.07793e-05
3.364	8.21582e-05
3.362	8.3559e-05
3.36	8.4982e-05
3.358	8.64276e-05
3.356	8.7896e-05
3.354	8.93876e-05
3.352	9.09027e-05
3.35	9.24417e-05
3.348	9.40048e-05
3.346	9.55925e-05
3.344	9.72051e-05
3.342	9.88428e-05
3.34	0.000100506
3.338	0.000102196
3.336	0.000103911
3.334	0.000105653
3.332	0.000107423
3.33	0.00010922
3.328	0.000111044
3.326	0.000112897
3.324	0.000114778
3.322	0.000116689
3.32	0.000118628
3.318	0.000120598
3.316	0.000122598
3.314	0.000124628
3.312	0.000126689
3.31	0.000128782
3.308	0.000130907
3.306	0.000133064
3.304	0.000135254
3.302	0.000137477
3.3	0.000139733
3.298	0.000142024
3.296	0.000144349
3.294	0.00014671
3.292	0.000149106
3.29	0.000151538
3.288	0.000154006
3.286	0.000156511
3.284	0.000159054
3.282	0.000161635
3.28	0.000164254
3.278	0.000166912
3.276	0.00016961
3.274	0.000172348
3.272	0.000175126
3.27	0.000177945
3.268	0.000180806
3.266	0.000183709
3.264	0.000186654
3.262	0.000189643
3.26	0.000192676
3.258	0.000195753
3.256	0.000198875
3.254	0.000202043
3.252	0.000205256
3.25	0.000208517
3.248	0.000211824
3.246	0.00021518
3.244	0.000218584
3.242	0.000222038
3.24	0.000225541
3.238	0.000229094
3.236	0.000232699
3.234	0.000236355
3.232	0.000240064
3.23	0.000243825
3.228	0.000247641
3.226	0.00025151
3.224	0.000255435
3.222	0.000259415
3.22	0.000263452
3.218	0.000267546
3.216	0.000271698
3.214	0.000275908
3.212	0.000280178
3.21	0.000284507
3.208	0.000288898
3.206	0.000293349
3.204	0.000297863
3.202	0.00030244
3.2	0.000307081
3.198	0.000311786
3.196	0.000316557
3.194	0.000321394
3.192	0.000326297
3.19	0.000331268
3.188	0.000336308
3.186	0.000341417
3.184	0.000346597
3.182	0.000351847
3.18	0.000357169
3.178	0.000362564
3.176	0.000368032
3.174	0.000373575
3.172	0.000379193
3.17	0.000384887
3.168	0.000390659
3.166	0.000396508
3.164	0.000402437
3.162	0.000408445
3.16	0.000414534
3.158	0.000420704
3.156	0.000426958
3.154	0.000433294
3.152	0.000439716
3.15	0.000446223
3.148	0.000452816
3.146	0.000459497
3.144	0.000466266
3.142	0.000473125
3.14	0.000480075
3.138	0.000487116
3.136	0.000494249
3.134	0.000501476
3.132	0.000508798
3.13	0.000516216
3.128	0.00052373
3.126	0.000531342
3.124	0.000539054
3.122	0.000546865
3.12	0.000554777
3.118	0.000562792
3.116	0.00057091
3.114	0.000579133
3.112	0.000587461
3.11	0.000595897
3.108	0.00060444
3.106	0.000613092
3.104	0.000621855
3.102	0.00063073
3.1	0.000639717
3.098	0.000648818
3.096	0.000658035
3.094	0.000667368
3.092	0.000676818
3.09	0.000686388
3.088	0.000696078
3.086	0.000705889
3.084	0.000715823
3.082	0.000725881
3.08	0.000736065
3.078	0.000746375
3.076	0.000756813
3.074	0.00076738
3.072	0.000778079
3.07	0.000788909
3.068	0.000799873
3.066	0.000810971
3.064	0.000822206
3.062	0.000833578
3.06	0.000845089
3.058	0.000856741
3.056	0.000868534
3.054	0.000880471
3.052	0.000892552
3.05	0.00090478
3.048	0.000917155
3.046	0.00092968
3.044	0.000942355
3.042	0.000955182
3.04	0.000968163
3.038	0.000981299
3.036	0.000994591
3.034	0.00100804
3.032	0.00102165
3.03	0.00103543
3.028	0.00104936
3.026	0.00106346
3.024	0.00107773
3.022	0.00109216
3.02	0.00110676
3.018	0.00112154
3.016	0.00113648
3.014	0.0011516
3.012	0.0011669
3.01	0.00118238
3.008	0.00119803
3.006	0.00121386
3.004	0.00122988
3.002	0.00124608
3	0.00126247
2.998	0.00127905
2.996	0.00129582
2.994	0.00131277
2.992	0.00132992
2.99	0.00134727
2.988	0.00136481
2.986	0.00138255
2.984	0.0014005
2.982	0.00141864
2.98	0.00143699
2.978	0.00145554
2.976	0.00147431
2.974	0.00149328
2.972	0.00151246
2.97	0.00153186
2.968	0.00155147
2.966	0.0015713
2.964	0.00159135
2.962	0.00161162
2.96	0.00163212
2.958	0.00165284
2.956	0.00167378
2.954	0.00169496
2.952	0.00171637
2.95	0.00173801
2.948	0.00175988
2.946	0.00178199
2.944	0.00180435
2.942	0.00182694
2.94	0.00184978
2.938	0.00187286
2.936	0.00189619
2.934	0.00191977
2.932	0.0019436
2.93	0.00196768
2.928	0.00199202
2.926	0.00201662
2.924	0.00204148
2.922	0.0020666
2.92	0.00209199
2.918	0.00211764
2.916	0.00214356
2.914	0.00216976
2.912	0.00219622
2.91	0.00222297
2.908	0.00224999
2.906	0.00227729
2.904	0.00230487
2.902	0.00233274
2.9	0.00236089
2.898	0.00238934
2.896	0.00241807
2.894	0.0024471
2.892	0.00247643
2.89	0.00250605
2.888	0.00253598
2.886	0.00256621
2.884	0.00259674
2.882	0.00262758
2.88	0.00265873
2.878	0.0026902
2.876	0.00272198
2.874	0.00275408
2.872	0.00278649
2.87	0.00281923
2.868	0.0028523
2.866	0.00288569
2.864	0.00291941
2.862	0.00295346
2.86	0.00298785
2.858	0.00302258
2.856	0.00305764
2.854	0.00309305
2.852	0.0031288
2.85	0.0031649
2.848	0.00320135
2.846	0.00323815
2.844	0.00327531
2.842	0.00331282
2.84	0.00335069
2.838	0.00338893
2.836	0.00342753
2.834	0.0034665
2.832	0.00350584
2.83	0.00354555
2.828	0.00358564
2.826	0.0036261
2.824	0.00366695
2.822	0.00370818
2.82	0.00374979
2.818	0.0037918
2.816	0.00383419
2.814	0.00387698
2.812	0.00392017
2.81	0.00396375
2.808	0.00400774
2.806	0.00405213
2.804	0.00409693
2.802	0.00414214
2.8	0.00418777
2.798	0.00423381
2.796	0.00428026
2.794	0.00432714
2.792	0.00437445
2.79	0.00442218
2.788	0.00447033
2.786	0.00451893
2.784	0.00456795
2.782	0.00461742
2.78	0.00466732
2.778	0.00471767
2.776	0.00476846
2.774	0.00481971
2.772	0.0048714
2.77	0.00492355
2.768	0.00497616
2.766	0.00502922
2.764	0.00508275
2.762	0.00513675
2.76	0.00519122
2.758	0.00524615
2.756	0.00530156
2.754	0.00535745
2.752	0.00541382
2.75	0.00547067
2.748	0.00552801
2.746	0.00558584
2.744	0.00564416
2.742	0.00570297
2.74	0.00576228
2.738	0.00582209
2.736	0.00588241
2.734	0.00594323
2.732	0.00600456
2.73	0.0060664
2.728	0.00612875
2.726	0.00619163
2.724	0.00625502
2.722	0.00631894
2.72	0.00638339
2.718	0.00644836
2.716	0.00651387
2.714	0.00657991
2.712	0.00664649
2.71	0.00671362
2.708	0.00678128
2.706	0.0068495
2.704	0.00691826
2.702	0.00698758
2.7	0.00705745
2.698	0.00712788
2.696	0.00719887
2.694	0.00727043
2.692	0.00734256
2.69	0.00741526
2.688	0.00748853
2.686	0.00756237
2.684	0.0076368
2.682	0.00771181
2.68	0.0077874
2.678	0.00786359
2.676	0.00794036
2.674	0.00801773
2.672	0.00809569
2.67	0.00817426
2.668	0.00825343
2.666	0.0083332
2.664	0.00841359
2.662	0.00849458
2.66	0.0085762
2.658	0.00865843
2.656	0.00874128
2.654	0.00882475
2.652	0.00890885
2.65	0.00899358
2.648	0.00907894
2.646	0.00916494
2.644	0.00925158
2.642	0.00933886
2.64	0.00942678
2.638	0.00951535
2.636	0.00960457
2.634	0.00969444
2.632	0.00978497
2.63	0.00987616
2.628	0.00996801
2.626	0.0100605
2.624	0.0101537
2.622	0.0102476
2.62	0.0103421
2.618	0.0104373
2.616	0.0105332
2.614	0.0106297
2.612	0.010727
2.61	0.0108249
2.608	0.0109236
2.606	0.0110229
2.604	0.0111229
2.602	0.0112236
2.6	0.011325
2.598	0.0114272
2.596	0.01153
2.594	0.0116336
2.592	0.0117378
2.59	0.0118428
2.588	0.0119485
2.586	0.0120549
2.584	0.012162
2.582	0.0122699
2.58	0.0123785
2.578	0.0124879
2.576	0.0125979
2.574	0.0127087
2.572	0.0128203
2.57	0.0129326
2.568	0.0130456
2.566	0.0131594
2.564	0.013274
2.562	0.0133893
2.56	0.0135053
2.558	0.0136222
2.556	0.0137397
2.554	0.0138581
2.552	0.0139772
2.55	0.0140971
2.548	0.0142178
2.546	0.0143392
2.544	0.0144614
2.542	0.0145845
2.54	0.0147083
2.538	0.0148328
2.536	0.0149582
2.534	0.0150844
2.532	0.0152113
2.53	0.0153391
2.528	0.0154677
2.526	0.015597
2.524	0.0157272
2.522	0.0158582
2.52	0.01599
2.518	0.0161226
2.516	0.016256
2.514	0.0163902
2.512	0.0165253
2.51	0.0166612
2.508	0.0167979
2.506	0.0169355
2.504	0.0170738
2.502	0.0172131
2.5	0.0173531
2.498	0.017494
2.496	0.0176357
2.494	0.0177783
2.492	0.0179217
2.49	0.018066
2.488	0.0182111
2.486	0.0183571
2.484	0.0185039
2.482	0.0186516
2.48	0.0188002
2.478	0.0189496
2.476	0.0190999
2.474	0.019251
2.472	0.0194031
2.47	0.019556
2.468	0.0197097
2.466	0.0198644
2.464	0.0200199
2.462	0.0201763
2.46	0.0203336
2.458	0.0204918
2.456	0.0206509
2.454	0.0208108
2.452	0.0209717
2.45	0.0211335
2.448	0.0212961
2.446	0.0214597
2.444	0.0216241
2.442	0.0217895
2.44	0.0219558
2.438	0.0221229
2.436	0.022291
2.434	0.02246
2.432	0.0226299
2.43	0.0228008
2.428	0.0229725
2.426	0.0231452
2.424	0.0233188
2.422	0.0234933
2.42	0.0236688
2.418	0.0238452
2.416	0.0240225
2.414	0.0242007
2.412	0.0243799
2.41	0.0245601
2.408	0.0247411
2.406	0.0249231
2.404	0.0251061
2.402	0.02529
2.4	0.0254748
2.398	0.0256606
2.396	0.0258474
2.394	0.0260351
2.392	0.0262237
2.39	0.0264134
2.388	0.0266039
2.386	0.0267955
2.384	0.026988
2.382	0.0271815
2.38	0.0273759
2.378	0.0275713
2.376	0.0277677
2.374	0.027965
2.372	0.0281633
2.37	0.0283626
2.368	0.0285629
2.366	0.0287642
2.364	0.0289664
2.362	0.0291696
2.36	0.0293739
2.358	0.029579
2.356	0.0297852
2.354	0.0299924
2.352	0.0302006
2.35	0.0304097
2.348	0.0306199
2.346	0.030831
2.344	0.0310432
2.342	0.0312563
2.34	0.0314705
2.338	0.0316856
2.336	0.0319018
2.334	0.032119
2.332	0.0323371
2.33	0.0325563
2.328	0.0327765
2.326	0.0329977
2.324	0.0332199
2.322	0.0334432
2.32	0.0336674
2.318	0.0338927
2.316	0.034119
2.314	0.0343463
2.312	0.0345747
2.31	0.034804
2.308	0.0350344
2.306	0.0352659
2.304	0.0354983
2.302	0.0357318
2.3	0.0359663
2.298	0.0362019
2.296	0.0364384
2.294	0.0366761
2.292	0.0369147
2.29	0.0371544
2.288	0.0373952
2.286	0.0376369
2.284	0.0378798
2.282	0.0381236
2.28	0.0383686
2.278	0.0386145
2.276	0.0388615
2.274	0.0391096
2.272	0.0393587
2.27	0.0396089
2.268	0.0398601
2.266	0.0401124
2.264	0.0403657
2.262	0.0406201
2.26	0.0408755
2.258	0.0411321
2.256	0.0413896
2.254	0.0416483
2.252	0.041908
2.25	0.0421687
2.248	0.0424306
2.246	0.0426934
2.244	0.0429574
2.242	0.0432225
2.24	0.0434886
2.238	0.0437557
2.236	0.044024
2.234	0.0442933
2.232	0.0445637
2.23	0.0448352
2.228	0.0451078
2.226	0.0453814
2.224	0.0456561
2.222	0.0459319
2.22	0.0462088
2.218	0.0464868
2.216	0.0467658
2.214	0.047046
2.212	0.0473272
2.21	0.0476095
2.208	0.0478929
2.206	0.0481774
2.204	0.048463
2.202	0.0487497
2.2	0.0490375
2.198	0.0493263
2.196	0.0496163
2.194	0.0499073
2.192	0.0501995
2.19	0.0504928
2.188	0.0507871
2.186	0.0510826
2.184	0.0513791
2.182	0.0516768
2.18	0.0519755
2.178	0.0522754
2.176	0.0525764
2.174	0.0528785
2.172	0.0531816
2.17	0.0534859
2.168	0.0537913
2.166	0.0540979
2.164	0.0544055
2.162	0.0547142
2.16	0.0550241
2.158	0.055335
2.156	0.0556471
2.154	0.0559603
2.152	0.0562746
2.15	0.0565901
2.148	0.0569066
2.146	0.0572243
2.144	0.0575431
2.142	0.057863
2.14	0.058184
2.138	0.0585062
2.136	0.0588295
2.134	0.0591539
2.132	0.0594794
2.13	0.0598061
2.128	0.0601338
2.126	0.0604628
2.124	0.0607928
2.122	0.061124
2.12	0.0614563
2.118	0.0617897
2.116	0.0621243
2.114	0.06246
2.112	0.0627968
2.11	0.0631348
2.108	0.0634739
2.106	0.0638142
2.104	0.0641555
2.102	0.0644981
2.1	0.0648417
2.098	0.0651865
2.096	0.0655325
2.094	0.0658795
2.092	0.0662278
2.09	0.0665771
2.088	0.0669276
2.086	0.0672793
2.084	0.0676321
2.082	0.067986
2.08	0.0683411
2.078	0.0686974
2.076	0.0690548
2.074	0.0694133
2.072	0.069773
2.07	0.0701338
2.068	0.0704958
2.066	0.070859
2.064	0.0712233
2.062	0.0715887
2.06	0.0719553
2.058	0.0723231
2.056	0.072692
2.054	0.0730621
2.052	0.0734333
2.05	0.0738057
2.048	0.0741792
2.046	0.0745539
2.044	0.0749298
2.042	0.0753068
2.04	0.075685
2.038	0.0760643
2.036	0.0764448
2.034	0.0768265
2.032	0.0772093
2.03	0.0775933
2.028	0.0779785
2.026	0.0783648
2.024	0.0787523
2.022	0.079141
2.02	0.0795308
2.018	0.0799218
2.016	0.080314
2.014	0.0807073
2.012	0.0811018
2.01	0.0814975
2.008	0.0818943
2.006	0.0822923
2.004	0.0826915
2.002	0.0830919
2	0.0834934
1.998	0.0838961
1.996	0.0843
1.994	0.0847051
1.992	0.0851113
1.99	0.0855187
1.988	0.0859273
1.986	0.0863371
1.984	0.086748
1.982	0.0871601
1.98	0.0875734
1.978	0.0879879
1.976	0.0884036
1.974	0.0888204
1.972	0.0892384
1.97	0.0896576
1.968	0.090078
1.966	0.0904995
1.964	0.0909223
1.962	0.0913462
1.96	0.0917713
1.958	0.0921976
1.956	0.0926251
1.954	0.0930537
1.952	0.0934835
1.95	0.0939146
1.948	0.0943468
1.946	0.0947802
1.944	0.0952148
1.942	0.0956505
1.94	0.0960875
1.938	0.0965256
1.936	0.0969649
1.934	0.0974055
1.932	0.0978472
1.93	0.09829
1.928	0.0987341
1.926	0.0991794
1.924	0.0996258
1.922	0.100073
1.92	0.100522
1.918	0.100972
1.916	0.101424
1.914	0.101876
1.912	0.10233
1.91	0.102784
1.908	0.10324
1.906	0.103697
1.904	0.104156
1.902	0.104615
1.9	0.105076
1.898	0.105538
1.896	0.106001
1.894	0.106465
1.892	0.106931
1.89	0.107398
1.888	0.107865
1.886	0.108335
1.884	0.108805
1.882	0.109276
1.88	0.109749
1.878	0.110223
1.876	0.110698
1.874	0.111174
1.872	0.111651
1.87	0.11213
1.868	0.11261
1.866	0.113091
1.864	0.113573
1.862	0.114056
1.86	0.114541
1.858	0.115027
1.856	0.115513
1.854	0.116002
1.852	0.116491
1.85	0.116981
1.848	0.117473
1.846	0.117966
1.844	0.11846
1.842	0.118955
1.84	0.119452
1.838	0.119949
1.836	0.120448
1.834	0.120948
1.832	0.121449
1.83	0.121952
1.828	0.122455
1.826	0.12296
1.824	0.123466
1.822	0.123973
1.82	0.124481
1.818	0.124991
1.816	0.125501
1.814	0.126013
1.812	0.126526
1.81	0.12704
1.808	0.127556
1.806	0.128072
1.804	0.12859
1.802	0.129109
1.8	0.129629
1.798	0.13015
1.796	0.130672
1.794	0.131196
1.792	0.131721
1.79	0.132247
1.788	0.132774
1.786	0.133302
1.784	0.133832
1.782	0.134362
1.78	0.134894
1.778	0.135427
1.776	0.135961
1.774	0.136496
1.772	0.137033
1.77	0.13757
1.768	0.138109
1.766	0.138649
1.764	0.13919
1.762	0.139732
1.76	0.140276
1.758	0.14082
1.756	0.141366
1.754	0.141913
1.752	0.142461
1.75	0.14301
1.748	0.14356
1.746	0.144112
1.744	0.144664
1.742	0.145218
1.74	0.145773
1.738	0.146329
1.736	0.146886
1.734	0.147444
1.732	0.148003
1.73	0.148564
1.728	0.149126
1.726	0.149688
1.724	0.150252
1.722	0.150817
1.72	0.151384
1.718	0.151951
1.716	0.152519
1.714	0.153089
1.712	0.153659
1.71	0.154231
1.708	0.154804
1.706	0.155378
1.704	0.155953
1.702	0.156529
1.7	0.157106
1.698	0.157685
1.696	0.158264
1.694	0.158845
1.692	0.159426
1.69	0.160009
1.688	0.160593
1.686	0.161178
1.684	0.161764
1.682	0.162351
1.68	0.162939
1.678	0.163528
1.676	0.164118
1.674	0.16471
1.672	0.165302
1.67	0.165895
1.668	0.16649
1.666	0.167085
1.664	0.167682
1.662	0.16828
1.66	0.168878
1.658	0.169478
1.656	0.170079
1.654	0.170681
1.652	0.171284
1.65	0.171887
1.648	0.172492
1.646	0.173098
1.644	0.173705
1.642	0.174313
1.64	0.174922
1.638	0.175532
1.636	0.176143
1.634	0.176755
1.632	0.177368
1.63	0.177981
1.628	0.178596
1.626	0.179212
1.624	0.179829
1.622	0.180447
1.62	0.181066
1.618	0.181685
1.616	0.182306
1.614	0.182928
1.612	0.18355
1.61	0.184174
1.608	0.184798
1.606	0.185423
1.604	0.18605
1.602	0.186677
1.6	0.187305
1.598	0.187934
1.596	0.188564
1.594	0.189195
1.592	0.189827
1.59	0.190459
1.588	0.191093
1.586	0.191727
1.584	0.192363
1.582	0.192999
1.58	0.193636
1.578	0.194274
1.576	0.194912
1.574	0.195552
1.572	0.196192
1.57	0.196834
1.568	0.197476
1.566	0.198118
1.564	0.198762
1.562	0.199407
1.56	0.200052
1.558	0.200698
1.556	0.201345
1.554	0.201992
1.552	0.202641
1.55	0.20329
1.548	0.20394
1.546	0.20459
1.544	0.205242
1.542	0.205894
1.54	0.206547
1.538	0.2072
1.536	0.207855
1.534	0.20851
1.532	0.209165
1.53	0.209822
1.528	0.210479
1.526	0.211136
1.524	0.211795
1.522	0.212454
1.52	0.213113
1.518	0.213774
1.516	0.214435
1.514	0.215096
1.512	0.215758
1.51	0.216421
1.508	0.217084
1.506	0.217748
1.504	0.218413
1.502	0.219078
1.5	0.219744
1.498	0.22041
1.496	0.221076
1.494	0.221744
1.492	0.222411
1.49	0.22308
1.488	0.223748
1.486	0.224418
1.484	0.225087
1.482	0.225757
1.48	0.226428
1.478	0.227099
1.476	0.227771
1.474	0.228442
1.472	0.229115
1.47	0.229787
1.468	0.230461
1.466	0.231134
1.464	0.231808
1.462	0.232482
1.46	0.233157
1.458	0.233831
1.456	0.234507
1.454	0.235182
1.452	0.235858
1.45	0.236534
1.448	0.23721
1.446	0.237887
1.444	0.238564
1.442	0.239241
1.44	0.239918
1.438	0.240595
1.436	0.241273
1.434	0.241951
1.432	0.242629
1.43	0.243307
1.428	0.243985
1.426	0.244664
1.424	0.245342
1.422	0.246021
1.42	0.2467
1.418	0.247378
1.416	0.248057
1.414	0.248736
1.412	0.249415
1.41	0.250094
1.408	0.250773
1.406	0.251452
1.404	0.252131
1.402	0.252809
1.4	0.253488
1.398	0.254167
1.396	0.254845
1.394	0.255524
1.392	0.256202
1.39	0.25688
1.388	0.257558
1.386	0.258236
1.384	0.258914
1.382	0.259591
1.38	0.260268
1.378	0.260945
1.376	0.261622
1.374	0.262298
1.372	0.262975
1.37	0.26365
1.368	0.264326
1.366	0.265001
1.364	0.265676
1.362	0.26635
1.36	0.267024
1.358	0.267698
1.356	0.268371
1.354	0.269044
1.352	0.269716
1.35	0.270388
1.348	0.271059
1.346	0.27173
1.344	0.2724
1.342	0.27307
1.34	0.273739
1.338	0.274408
1.336	0.275075
1.334	0.275743
1.332	0.276409
1.33	0.277075
1.328	0.27774
1.326	0.278405
1.324	0.279069
1.322	0.279731
1.32	0.280394
1.318	0.281055
1.316	0.281716
1.314	0.282376
1.312	0.283034
1.31	0.283692
1.308	0.28435
1.306	0.285006
1.304	0.285661
1.302	0.286315
1.3	0.286969
1.298	0.287621
1.296	0.288272
1.294	0.288923
1.292	0.289572
1.29	0.29022
1.288	0.290867
1.286	0.291513
1.284	0.292158
1.282	0.292801
1.28	0.293443
1.278	0.294085
1.276	0.294724
1.274	0.295363
1.272	0.296
1.27	0.296636
1.268	0.297271
1.266	0.297904
1.264	0.298536
1.262	0.299167
1.26	0.299796
1.258	0.300424
1.256	0.30105
1.254	0.301674
1.252	0.302298
1.25	0.302919
1.248	0.303539
1.246	0.304158
1.244	0.304775
1.242	0.30539
1.24	0.306004
1.238	0.306615
1.236	0.307226
1.234	0.307834
1.232	0.308441
1.23	0.309046
1.228	0.309649
1.226	0.31025
1.224	0.31085
1.222	0.311447
1.22	0.312043
1.218	0.312636
1.216	0.313228
1.214	0.313818
1.212	0.314406
1.21	0.314992
1.208	0.315575
1.206	0.316157
1.204	0.316737
1.202	0.317314
1.2	0.317889
1.198	0.318462
1.196	0.319033
1.194	0.319602
1.192	0.320169
1.19	0.320733
1.188	0.321295
1.186	0.321854
1.184	0.322411
1.182	0.322966
1.18	0.323519
1.178	0.324069
1.176	0.324616
1.174	0.325161
1.172	0.325704
1.17	0.326244
1.168	0.326781
1.166	0.327316
1.164	0.327848
1.162	0.328378
1.16	0.328905
1.158	0.32943
1.156	0.329951
1.154	0.33047
1.152	0.330986
1.15	0.3315
1.148	0.33201
1.146	0.332518
1.144	0.333023
1.142	0.333525
1.14	0.334024
1.138	0.33452
1.136	0.335013
1.134	0.335504
1.132	0.335991
1.13	0.336475
1.128	0.336956
1.126	0.337434
1.124	0.337909
1.122	0.338381
1.12	0.33885
1.118	0.339315
1.116	0.339778
1.114	0.340237
1.112	0.340692
1.11	0.341145
1.108	0.341594
1.106	0.34204
1.104	0.342483
1.102	0.342922
1.1	0.343357
1.098	0.34379
1.096	0.344219
1.094	0.344644
1.092	0.345066
1.09	0.345484
1.088	0.345899
1.086	0.34631
1.084	0.346718
1.082	0.347122
1.08	0.347522
1.078	0.347919
1.076	0.348312
1.074	0.348701
1.072	0.349086
1.07	0.349468
1.068	0.349846
1.066	0.35022
1.064	0.350591
1.062	0.350957
1.06	0.35132
1.058	0.351678
1.056	0.352033
1.054	0.352384
1.052	0.352731
1.05	0.353074
1.048	0.353412
1.046	0.353747
1.044	0.354078
1.042	0.354405
1.04	0.354727
1.038	0.355046
1.036	0.35536
1.034	0.35567
1.032	0.355976
1.03	0.356278
1.028	0.356575
1.026	0.356868
1.024	0.357157
1.022	0.357442
1.02	0.357722
1.018	0.357998
1.016	0.35827
1.014	0.358537
1.012	0.3588
1.01	0.359059
1.008	0.359313
1.006	0.359562
1.004	0.359807
1.002	0.360048
1	0.360284
0.998	0.360516
0.996	0.360743
0.994	0.360965
0.992	0.361183
0.99	0.361396
0.988	0.361605
0.986	0.361809
0.984	0.362008
0.982	0.362203
0.98	0.362393
0.978	0.362578
0.976	0.362759
0.974	0.362934
0.972	0.363105
0.97	0.363272
0.968	0.363433
0.966	0.36359
0.964	0.363742
0.962	0.363889
0.96	0.364031
0.958	0.364168
0.956	0.3643
0.954	0.364428
0.952	0.36455
0.95	0.364668
0.948	0.364781
0.946	0.364888
0.944	0.364991
0.942	0.365089
0.94	0.365182
0.938	0.36527
0.936	0.365352
0.934	0.36543
0.932	0.365503
0.93	0.36557
0.928	0.365633
0.926	0.36569
0.924	0.365742
0.922	0.365789
0.92	0.365832
0.918	0.365868
0.916	0.3659
0.914	0.365927
0.912	0.365948
0.91	0.365965
0.908	0.365976
0.906	0.365982
0.904	0.365982
0.902	0.365978
0.9	0.365968
0.898	0.365953
0.896	0.365933
0.894	0.365907
0.892	0.365877
0.89	0.365841
0.888	0.365799
0.886	0.365753
0.884	0.365701
0.882	0.365644
0.88	0.365581
0.878	0.365513
0.876	0.36544
0.874	0.365362
0.872	0.365278
0.87	0.365189
0.868	0.365095
0.866	0.364995
0.864	0.36489
0.862	0.36478
0.86	0.364664
0.858	0.364543
0.856	0.364416
0.854	0.364284
0.852	0.364147
0.85	0.364004
0.848	0.363856
0.846	0.363703
0.844	0.363544
0.842	0.36338
0.84	0.363211
0.838	0.363036
0.836	0.362855
0.834	0.36267
0.832	0.362479
0.83	0.362282
0.828	0.36208
0.826	0.361873
0.824	0.36166
0.822	0.361442
0.82	0.361219
0.818	0.36099
0.816	0.360756
0.814	0.360516
0.812	0.360271
0.81	0.360021
0.808	0.359765
0.806	0.359504
0.804	0.359238
0.802	0.358966
0.8	0.358689
0.798	0.358407
0.796	0.358119
0.794	0.357825
0.792	0.357527
0.79	0.357223
0.788	0.356914
0.786	0.356599
0.784	0.356279
0.782	0.355954
0.78	0.355624
0.778	0.355288
0.776	0.354947
0.774	0.3546
0.772	0.354249
0.77	0.353892
0.768	0.35353
0.766	0.353162
0.764	0.35279
0.762	0.352412
0.76	0.352029
0.758	0.35164
0.756	0.351247
0.754	0.350848
0.752	0.350444
0.75	0.350035
0.748	0.34962
0.746	0.349201
0.744	0.348776
0.742	0.348347
0.74	0.347912
0.738	0.347472
0.736	0.347027
0.734	0.346577
0.732	0.346121
0.73	0.345661
0.728	0.345196
0.726	0.344725
0.724	0.34425
0.722	0.34377
0.72	0.343284
0.718	0.342794
0.716	0.342299
0.714	0.341799
0.712	0.341294
0.71	0.340784
0.708	0.340269
0.706	0.339749
0.704	0.339224
0.702	0.338695
0.7	0.338161
0.698	0.337622
0.696	0.337078
0.694	0.336529
0.692	0.335976
0.69	0.335418
0.688	0.334855
0.686	0.334288
0.684	0.333715
0.682	0.333139
0.68	0.332557
0.678	0.331971
0.676	0.331381
0.674	0.330786
0.672	0.330186
0.67	0.329582
0.668	0.328973
0.666	0.32836
0.664	0.327742
0.662	0.32712
0.66	0.326494
0.658	0.325863
0.656	0.325228
0.654	0.324588
0.652	0.323944
0.65	0.323296
0.648	0.322644
0.646	0.321987
0.644	0.321327
0.642	0.320662
0.64	0.319992
0.638	0.319319
0.636	0.318642
0.634	0.31796
0.632	0.317275
0.63	0.316585
0.628	0.315892
0.626	0.315194
0.624	0.314493
0.622	0.313788
0.62	0.313078
0.618	0.312365
0.616	0.311649
0.614	0.310928
0.612	0.310203
0.61	0.309475
0.608	0.308743
0.606	0.308008
0.604	0.307269
0.602	0.306526
0.6	0.30578
0.598	0.30503
0.596	0.304276
0.594	0.303519
0.592	0.302759
0.59	0.301995
0.588	0.301228
0.586	0.300458
0.584	0.299684
0.582	0.298907
0.58	0.298126
0.578	0.297343
0.576	0.296556
0.574	0.295766
0.572	0.294973
0.57	0.294177
0.568	0.293378
0.566	0.292576
0.564	0.29177
0.562	0.290962
0.56	0.290151
0.558	0.289337
0.556	0.288521
0.554	0.287701
0.552	0.286879
0.55	0.286054
0.548	0.285226
0.546	0.284396
0.544	0.283563
0.542	0.282728
0.54	0.28189
0.538	0.281049
0.536	0.280206
0.534	0.279361
0.532	0.278513
0.53	0.277663
0.528	0.276811
0.526	0.275956
0.524	0.275099
0.522	0.27424
0.52	0.273379
0.518	0.272516
0.516	0.271651
0.514	0.270783
0.512	0.269914
0.51	0.269043
0.508	0.26817
0.506	0.267295
0.504	0.266418
0.502	0.265539
0.5	0.264659
0.498	0.263777
0.496	0.262893
0.494	0.262008
0.492	0.261121
0.49	0.260233
0.488	0.259343
0.486	0.258452
0.484	0.257559
0.482	0.256666
0.48	0.25577
0.478	0.254874
0.476	0.253976
0.474	0.253077
0.472	0.252177
0.47	0.251276
0.468	0.250374
0.466	0.249471
0.464	0.248567
0.462	0.247662
0.46	0.246756
0.458	0.24585
0.456	0.244942
0.454	0.244034
0.452	0.243126
0.45	0.242216
0.448	0.241306
0.446	0.240396
0.444	0.239485
0.442	0.238573
0.44	0.237662
0.438	0.236749
0.436	0.235837
0.434	0.234924
0.432	0.234011
0.43	0.233098
0.428	0.232185
0.426	0.231271
0.424	0.230358
0.422	0.229445
0.42	0.228531
0.418	0.227618
0.416	0.226705
0.414	0.225792
0.412	0.22488
0.41	0.223967
0.408	0.223055
0.406	0.222144
0.404	0.221233
0.402	0.220322
0.4	0.219412
0.398	0.218503
0.396	0.217594
0.394	0.216686
0.392	0.215778
0.39	0.214871
0.388	0.213966
0.386	0.213061
0.384	0.212157
0.382	0.211253
0.38	0.210351
0.378	0.20945
0.376	0.20855
0.374	0.207652
0.372	0.206754
0.37	0.205858
0.368	0.204963
0.366	0.204069
0.364	0.203177
0.362	0.202286
0.36	0.201396
0.358	0.200508
0.356	0.199622
0.354	0.198738
0.352	0.197855
0.35	0.196973
0.348	0.196094
0.346	0.195216
0.344	0.19434
0.342	0.193467
0.34	0.192595
0.338	0.191725
0.336	0.190857
0.334	0.189991
0.332	0.189128
0.33	0.188266
0.328	0.187407
0.326	0.18655
0.324	0.185695
0.322	0.184843
0.32	0.183994
0.318	0.183146
0.316	0.182302
0.314	0.181459
0.312	0.18062
0.31	0.179783
0.308	0.178949
0.306	0.178117
0.304	0.177288
0.302	0.176463
0.3	0.17564
0.298	0.17482
0.296	0.174003
0.294	0.173189
0.292	0.172378
0.29	0.17157
0.288	0.170765
0.286	0.169964
0.284	0.169165
0.282	0.168371
0.28	0.167579
0.278	0.166791
0.276	0.166006
0.274	0.165225
0.272	0.164447
0.27	0.163672
0.268	0.162902
0.266	0.162135
0.264	0.161371
0.262	0.160612
0.26	0.159856
0.258	0.159104
0.256	0.158355
0.254	0.157611
0.252	0.156871
0.25	0.156134
0.248	0.155402
0.246	0.154674
0.244	0.153949
0.242	0.153229
0.24	0.152513
0.238	0.151801
0.236	0.151094
0.234	0.150391
0.232	0.149692
0.23	0.148998
0.228	0.148308
0.226	0.147622
0.224	0.146941
0.222	0.146264
0.22	0.145592
0.218	0.144925
0.216	0.144262
0.214	0.143604
0.212	0.142951
0.21	0.142303
0.208	0.141659
0.206	0.14102
0.204	0.140386
0.202	0.139757
0.2	0.139133
0.198	0.138513
0.196	0.137899
0.194	0.13729
0.192	0.136686
0.19	0.136087
0.188	0.135493
0.186	0.134905
0.184	0.134321
0.182	0.133743
0.18	0.13317
0.178	0.132603
0.176	0.132041
0.174	0.131484
0.172	0.130932
0.17	0.130386
0.168	0.129846
0.166	0.129311
0.164	0.128782
0.162	0.128258
0.16	0.12774
0.158	0.127227
0.156	0.12672
0.154	0.126219
0.152	0.125723
0.15	0.125233
0.148	0.124749
0.146	0.124271
0.144	0.123799
0.142	0.123332
0.14	0.122871
0.138	0.122417
0.136	0.121968
0.134	0.121525
0.132	0.121088
0.13	0.120657
0.128	0.120232
0.126	0.119814
0.124	0.119401
0.122	0.118994
0.12	0.118594
0.118	0.1182
0.116	0.117812
0.114	0.11743
0.112	0.117054
0.11	0.116684
0.108	0.116321
0.106	0.115964
0.104	0.115614
0.102	0.11527
0.1	0.114932
0.098	0.1146
0.096	0.114275
0.094	0.113956
0.092	0.113644
0.09	0.113338
0.088	0.113039
0.086	0.112746
0.084	0.112459
0.082	0.112179
0.08	0.111906
0.078	0.111639
0.076	0.111379
0.074	0.111125
0.072	0.110878
0.07	0.110637
0.068	0.110403
0.066	0.110176
0.064	0.109956
0.062	0.109742
0.06	0.109534
0.058	0.109334
0.056	0.10914
0.054	0.108952
0.052	0.108772
0.05	0.108598
0.048	0.108431
0.046	0.108271
0.044	0.108117
0.042	0.10797
0.04	0.10783
0.038	0.107697
0.036	0.10757
0.034	0.107451
0.032	0.107338
0.03	0.107232
0.028	0.107133
0.026	0.10704
0.024	0.106955
0.022	0.106876
0.02	0.106804
0.018	0.106739
0.016	0.10668
0.014	0.106629
0.012	0.106584
0.01	0.106547
0.008	0.106516
0.006	0.106492
0.004	0.106475
0.002	0.106464
0	0.106461
-0.002	0.106464
-0.004	0.106475
-0.006	0.106492
-0.008	0.106516
-0.01	0.106547
-0.012	0.106584
-0.014	0.106629
-0.016	0.10668
-0.018	0.106739
-0.02	0.106804
-0.022	0.106876
-0.024	0.106955
-0.026	0.10704
-0.028	0.107133
-0.03	0.107232
-0.032	0.107338
-0.034	0.107451
-0.036	0.10757
-0.038	0.107697
-0.04	0.10783
-0.042	0.10797
-0.044	0.108117
-0.046	0.108271
-0.048	0.108431
-0.05	0.108598
-0.052	0.108772
-0.054	0.108952
-0.056	0.10914
-0.058	0.109334
-0.06	0.109534
-0.062	0.109742
-0.064	0.109956
-0.066	0.110176
-0.068	0.110403
-0.07	0.110637
-0.072	0.110878
-0.074	0.111125
-0.076	0.111379
-0.078	0.111639
-0.08	0.111906
-0.082	0.112179
-0.084	0.112459
-0.086	0.112746
-0.088	0.113039
-0.09	0.113338
-0.092	0.113644
-0.094	0.113956
-0.096	0.114275
-0.098	0.1146
-0.1	0.114932
-0.102	0.11527
-0.104	0.115614
-0.106	0.115964
-0.108	0.116321
-0.11	0.116684
-0.112	0.117054
-0.114	0.11743
-0.116	0.117812
-0.118	0.1182
-0.12	0.118594
-0.122	0.118994
-0.124	0.119401
-0.126	0.119814
-0.128	0.120232
-0.13	0.120657
-0.132	0.121088
-0.134	0.121525
-0.136	0.121968
-0.138	0.122417
-0.14	0.122871
-0.142	0.123332
-0.144	0.123799
-0.146	0.124271
-0.148	0.124749
-0.15	0.125233
-0.152	0.125723
-0.154	0.126219
-0.156	0.12672
-0.158	0.127227
-0.16	0.12774
-0.162	0.128258
-0.164	0.128782
-0.166	0.129311
-0.168	0.129846
-0.17	0.130386
-0.172	0.130932
-0.174	0.131484
-0.176	0.132041
-0.178	0.132603
-0.18	0.13317
-0.182	0.133743
-0.184	0.134321
-0.186	0.134905
-0.188	0.135493
-0.19	0.136087
-0.192	0.136686
-0.194	0.13729
-0.196	0.137899
-0.198	0.138513
-0.2	0.139133
-0.202	0.139757
-0.204	0.140386
-0.206	0.14102
-0.208	0.141659
-0.21	0.142303
-0.212	0.142951
-0.214	0.143604
-0.216	0.144262
-0.218	0.144925
-0.22	0.145592
-0.222	0.146264
-0.224	0.146941
-0.226	0.147622
-0.228	0.148308
-0.23	0.148998
-0.232	0.149692
-0.234	0.150391
-0.236	0.151094
-0.238	0.151801
-0.24	0.152513
-0.242	0.153229
-0.244	0.153949
-0.246	0.154674
-0.248	0.155402
-0.25	0.156134
-0.252	0.156871
-0.254	0.157611
-0.256	0.158355
-0.258	0.159104
-0.26	0.159856
-0.262	0.160612
-0.264	0.161371
-0.266	0.162135
-0.268	0.162902
-0.27	0.163672
-0.272	0.164447
-0.274	0.165225
-0.276	0.166006
-0.278	0.166791
-0.28	0.167579
-0.282	0.168371
-0.284	0.169165
-0.286	0.169964
-0.288	0.170765
-0.29	0.17157
-0.292	0.172378
-0.294	0.173189
-0.296	0.174003
-0.298	0.17482
-0.3	0.17564
-0.302	0.176463
-0.304	0.177288
-0.306	0.178117
-0.308	0.178949
-0.31	0.179783
-0.312	0.18062
-0.314	0.181459
-0.316	0.182302
-0.318	0.183146
-0.32	0.183994
-0.322	0.184843
-0.324	0.185695
-0.326	0.18655
-0.328	0.187407
-0.33	0.188266
-0.332	0.189128
-0.334	0.189991
-0.336	0.190857
-0.338	0.191725
-0.34	0.192595
-0.342	0.193467
-0.344	0.19434
-0.346	0.195216
-0.348	0.196094
-0.35	0.196973
-0.352	0.197855
-0.354	0.198738
-0.356	0.199622
-0.358	0.200508
-0.36	0.201396
-0.362	0.202286
-0.364	0.203177
-0.366	0.204069
-0.368	0.204963
-0.37	0.205858
-0.372	0.206754
-0.374	0.207652
-0.376	0.20855
-0.378	0.20945
-0.38	0.210351
-0.382	0.211253
-0.384	0.212157
-0.386	0.213061
-0.388	0.213966
-0.39	0.214871
-0.392	0.215778
-0.394	0.216686
-0.396	0.217594
-0.398	0.218503
-0.4	0.219412
-0.402	0.220322
-0.404	0.221233
-0.406	0.222144
-0.408	0.223055
-0.41	0.223967
-0.412	0.22488
-0.414	0.225792
-0.416	0.226705
-0.418	0.227618
-0.42	0.228531
-0.422	0.229445
-0.424	0.230358
-0.426	0.231271
-0.428	0.232185
-0.43	0.233098
-0.432	0.234011
-0.434	0.234924
-0.436	0.235837
-0.438	0.236749
-0.44	0.237662
-0.442	0.238573
-0.444	0.239485
-0.446	0.240396
-0.448	0.241306
-0.45	0.242216
-0.452	0.243126
-0.454	0.244034
-0.456	0.244942
-0.458	0.24585
-0.46	0.246756
-0.462	0.247662
-0.464	0.248567
-0.466	0.249471
-0.468	0.250374
-0.47	0.251276
-0.472	0.252177
-0.474	0.253077
-0.476	0.253976
-0.478	0.254874
-0.48	0.25577
-0.482	0.256666
-0.484	0.257559
-0.486	0.258452
-0.488	0.259343
-0.49	0.260233
-0.492	0.261121
-0.494	0.262008
-0.496	0.262893
-0.498	0.263777
-0.5	0.264659
-0.502	0.265539
-0.504	0.266418
-0.506	0.267295
-0.508	0.26817
-0.51	0.269043
-0.512	0.269914
-0.514	0.270783
-0.516	0.271651
-0.518	0.272516
-0.52	0.273379
-0.522	0.27424
-0.524	0.275099
-0.526	0.275956
-0.528	0.276811
-0.53	0.277663
-0.532	0.278513
-0.534	0.279361
-0.536	0.280206
-0.538	0.281049
-0.54	0.28189
-0.542	0.282728
-0.544	0.283563
-0.546	0.284396
-0.548	0.285226
-0.55	0.286054
-0.552	0.286879
-0.554	0.287701
-0.556	0.288521
-0.558	0.289337
-0.56	0.290151
-0.562	0.290962
-0.564	0.29177
-0.566	0.292576
-0.568	0.293378
-0.57	0.294177
-0.572	0.294973
-0.574	0.295766
-0.576	0.296556
-0.578	0.297343
-0.58	0.298126
-0.582	0.298907
-0.584	0.299684
-0.586	0.300458
-0.588	0.301228
-0.59	0.301995
-0.592	0.302759
-0.594	0.303519
-0.596	0.304276
-0.598	0.30503
-0.6	0.30578
-0.602	0.306526
-0.604	0.307269
-0.606	0.308008
-0.608	0.308743
-0.61	0.309475
-0.612	0.310203
-0.614	0.310928
-0.616	0.311649
-0.618	0.312365
-0.62	0.313078
-0.622	0.313788
-0.624	0.314493
-0.626	0.315194
-0.628	0.315892
-0.63	0.316585
-0.632	0.317275
-0.634	0.31796
-0.636	0.318642
-0.638	0.319319
-0.64	0.319992
-0.642	0.320662
-0.644	0.321327
-0.646	0.321987
-0.648	0.322644
-0.65	0.323296
-0.652	0.323944
-0.654	0.324588
-0.656	0.325228
-0.658	0.325863
-0.66	0.326494
-0.662	0.32712
-0.664	0.327742
-0.666	0.32836
-0.668	0.328973
-0.67	0.329582
-0.672	0.330186
-0.674	0.330786
-0.676	0.331381
-0.678	0.331971
-0.68	0.332557
-0.682	0.333139
-0.684	0.333715
-0.686	0.334288
-0.688	0.334855
-0.69	0.335418
-0.692	0.335976
-0.694	0.336529
-0.696	0.337078
-0.698	0.337622
-0.7	0.338161
-0.702	0.338695
-0.704	0.339224
-0.706	0.339749
-0.708	0.340269
-0.71	0.340784
-0.712	0.341294
-0.714	0.341799
-0.716	0.342299
-0.718	0.342794
-0.72	0.343284
-0.722	0.34377
-0.724	0.34425
-0.726	0.344725
-0.728	0.345196
-0.73	0.345661
-0.732	0.346121
-0.734	0.346577
-0.736	0.347027
-0.738	0.347472
-0.74	0.347912
-0.742	0.348347
-0.744	0.348776
-0.746	0.349201
-0.748	0.34962
-0.75	0.350035
-0.752	0.350444
-0.754	0.350848
-0.756	0.351247
-0.758	0.35164
-0.76	0.352029
-0.762	0.352412
-0.764	0.35279
-0.766	0.353162
-0.768	0.35353
-0.77	0.353892
-0.772	0.354249
-0.774	0.3546
-0.776	0.354947
-0.778	0.355288
-0.78	0.355624
-0.782	0.355954
-0.784	0.356279
-0.786	0.356599
-0.788	0.356914
-0.79	0.357223
-0.792	0.357527
-0.794	0.357825
-0.796	0.358119
-0.798	0.358407
-0.8	0.358689
-0.802	0.358966
-0.804	0.359238
-0.806	0.359504
-0.808	0.359765
-0.81	0.360021
-0.812	0.360271
-0.814	0.360516
-0.816	0.360756
-0.818	0.36099
-0.82	0.361219
-0.822	0.361442
-0.824	0.36166
-0.826	0.361873
-0.828	0.36208
-0.83	0.362282
-0.832	0.362479
-0.834	0.36267
-0.836	0.362855
-0.838	0.363036
-0.84	0.363211
-0.842	0.36338
-0.844	0.363544
-0.846	0.363703
-0.848	0.363856
-0.85	0.364004
-0.852	0.364147
-0.854	0.364284
-0.856	0.364416
-0.858	0.364543
-0.86	0.364664
-0.862	0.36478
-0.864	0.36489
-0.866	0.364995
-0.868	0.365095
-0.87	0.365189
-0.872	0.365278
-0.874	0.365362
-0.876	0.36544
-0.878	0.365513
-0.88	0.365581
-0.882	0.365644
-0.884	0.365701
-0.886	0.365753
-0.888	0.365799
-0.89	0.365841
-0.892	0.365877
-0.894	0.365907
-0.896	0.365933
-0.898	0.365953
-0.9	0.365968
-0.902	0.365978
-0.904	0.365982
-0.906	0.365982
-0.908	0.365976
-0.91	0.365965
-0.912	0.365948
-0.914	0.365927
-0.916	0.3659
-0.918	0.365868
-0.92	0.365832
-0.922	0.365789
-0.924	0.365742
-0.926	0.36569
-0.928	0.365633
-0.93	0.36557
-0.932	0.365503
-0.934	0.36543
-0.936	0.365352
-0.938	0.36527
-0.94	0.365182
-0.942	0.365089
-0.944	0.364991
-0.946	0.364888
-0.948	0.364781
-0.95	0.364668
-0.952	0.36455
-0.954	0.364428
-0.956	0.3643
-0.958	0.364168
-0.96	0.364031
-0.962	0.363889
-0.964	0.363742
-0.966	0.36359
-0.968	0.363433
-0.97	0.363272
-0.972	0.363105
-0.974	0.362934
-0.976	0.362759
-0.978	0.362578
-0.98	0.362393
-0.982	0.362203
-0.984	0.362008
-0.986	0.361809
-0.988	0.361605
-0.99	0.361396
-0.992	0.361183
-0.994	0.360965
-0.996	0.360743
-0.998	0.360516
-1	0.360284
-1.002	0.360048
-1.004	0.359807
-1.006	0.359562
-1.008	0.359313
-1.01	0.359059
-1.012	0.3588
-1.014	0.358537
-1.016	0.35827
-1.018	0.357998
-1.02	0.357722
-1.022	0.357442
-1.024	0.357157
-1.026	0.356868
-1.028	0.356575
-1.03	0.356278
-1.032	0.355976
-1.034	0.35567
-1.036	0.35536
-1.038	0.355046
-1.04	0.354727
-1.042	0.354405
-1.044	0.354078
-1.046	0.353747
-1.048	0.353412
-1.05	0.353074
-1.052	0.352731
-1.054	0.352384
-1.056	0.352033
-1.058	0.351678
-1.06	0.35132
-1.062	0.350957
-1.064	0.350591
-1.066	0.35022
-1.068	0.349846
-1.07	0.349468
-1.072	0.349086
-1.074	0.348701
-1.076	0.348312
-1.078	0.347919
-1.08	0.347522
-1.082	0.347122
-1.084	0.346718
-1.086	0.34631
-1.088	0.345899
-1.09	0.345484
-1.092	0.345066
-1.094	0.344644
-1.096	0.344219
-1.098	0.34379
-1.1	0.343357
-1.102	0.342922
-1.104	0.342483
-1.106	0.34204
-1.108	0.341594
-1.11	0.341145
-1.112	0.340692
-1.114	0.340237
-1.116	0.339778
-1.118	0.339315
-1.12	0.33885
-1.122	0.338381
-1.124	0.337909
-1.126	0.337434
-1.128	0.336956
-1.13	0.336475
-1.132	0.335991
-1.134	0.335504
-1.136	0.335013
-1.138	0.33452
-1.14	0.334024
-1.142	0.333525
-1.144	0.333023
-1.146	0.332518
-1.148	0.33201
-1.15	0.3315
-1.152	0.330986
-1.154	0.33047
-1.156	0.329951
-1.158	0.32943
-1.16	0.328905
-1.162	0.328378
-1.164	0.327848
-1.166	0.327316
-1.168	0.326781
-1.17	0.326244
-1.172	0.325704
-1.174	0.325161
-1.176	0.324616
-1.178	0.324069
-1.18	0.323519
-1.182	0.322966
-1.184	0.322411
-1.186	0.321854
-1.188	0.321295
-1.19	0.320733
-1.192	0.320169
-1.194	0.319602
-1.196	0.319033
-1.198	0.318462
-1.2	0.317889
-1.202	0.317314
-1.204	0.316737
-1.206	0.316157
-1.208	0.315575
-1.21	0.314992
-1.212	0.314406
-1.214	0.313818
-1.216	0.313228
-1.218	0.312636
-1.22	0.312043
-1.222	0.311447
-1.224	0.31085
-1.226	0.31025
-1.228	0.309649
-1.23	0.309046
-1.232	0.308441
-1.234	0.307834
-1.236	0.307226
-1.238	0.306615
-1.24	0.306004
-1.242	0.30539
-1.244	0.304775
-1.246	0.304158
-1.248	0.303539
-1.25	0.302919
-1.252	0.302298
-1.254	0.301674
-1.256	0.30105
-1.258	0.300424
-1.26	0.299796
-1.262	0.299167
-1.264	0.298536
-1.266	0.297904
-1.268	0.297271
-1.27	0.296636
-1.272	0.296
-1.274	0.295363
-1.276	0.294724
-1.278	0.294085
-1.28	0.293443
-1.282	0.292801
-1.284	0.292158
-1.286	0.291513
-1.288	0.290867
-1.29	0.29022
-1.292	0.289572
-1.294	0.288923
-1.296	0.288272
-1.298	0.287621
-1.3	0.286969
-1.302	0.286315
-1.304	0.285661
-1.306	0.285006
-1.308	0.28435
-1.31	0.283692
-1.312	0.283034
-1.314	0.282376
-1.316	0.281716
-1.318	0.281055
-1.32	0.280394
-1.322	0.279731
-1.324	0.279069
-1.326	0.278405
-1.328	0.27774
-1.33	0.277075
-1.332	0.276409
-1.334	0.275743
-1.336	0.275075
-1.338	0.274408
-1.34	0.273739
-1.342	0.27307
-1.344	0.2724
-1.346	0.27173
-1.348	0.271059
-1.35	0.270388
-1.352	0.269716
-1.354	0.269044
-1.356	0.268371
-1.358	0.267698
-1.36	0.267024
-1.362	0.26635
-1.364	0.265676
-1.366	0.265001
-1.368	0.264326
-1.37	0.26365
-1.372	0.262975
-1.374	0.262298
-1.376	0.261622
-1.378	0.260945
-1.38	0.260268
-1.382	0.259591
-1.384	0.258914
-1.386	0.258236
-1.388	0.257558
-1.39	0.25688
-1.392	0.256202
-1.394	0.255524
-1.396	0.254845
-1.398	0.254167
-1.4	0.253488
-1.402	0.252809
-1.404	0.252131
-1.406	0.251452
-1.408	0.250773
-1.41	0.250094
-1.412	0.249415
-1.414	0.248736
-1.416	0.248057
-1.418	0.247378
-1.42	0.2467
-1.422	0.246021
-1.424	0.245342
-1.426	0.244664
-1.428	0.243985
-1.43	0.243307
-1.432	0.242629
-1.434	0.241951
-1.436	0.241273
-1.438	0.240595
-1.44	0.239918
-1.442	0.239241
-1.444	0.238564
-1.446	0.237887
-1.448	0.23721
-1.45	0.236534
-1.452	0.235858
-1.454	0.235182
-1.456	0.234507
-1.458	0.233831
-1.46	0.233157
-1.462	0.232482
-1.464	0.231808
-1.466	0.231134
-1.468	0.230461
-1.47	0.229787
-1.472	0.229115
-1.474	0.228442
-1.476	0.227771
-1.478	0.227099
-1.48	0.226428
-1.482	0.225757
-1.484	0.225087
-1.486	0.224418
-1.488	0.223748
-1.49	0.22308
-1.492	0.222411
-1.494	0.221744
-1.496	0.221076
-1.498	0.22041
-1.5	0.219744
-1.502	0.219078
-1.504	0.218413
-1.506	0.217748
-1.508	0.217084
-1.51	0.216421
-1.512	0.215758
-1.514	0.215096
-1.516	0.214435
-1.518	0.213774
-1.52	0.213113
-1.522	0.212454
-1.524	0.211795
-1.526	0.211136
-1.528	0.210479
-1.53	0.209822
-1.532	0.209165
-1.534	0.20851
-1.536	0.207855
-1.538	0.2072
-1.54	0.206547
-1.542	0.205894
-1.544	0.205242
-1.546	0.20459
-1.548	0.20394
-1.55	0.20329
-1.552	0.202641
-1.554	0.201992
-1.556	0.201345
-1.558	0.200698
-1.56	0.200052
-1.562	0.199407
-1.564	0.198762
-1.566	0.198118
-1.568	0.197476
-1.57	0.196834
-1.572	0.196192
-1.574	0.195552
-1.576	0.194912
-1.578	0.194274
-1.58	0.193636
-1.582	0.192999
-1.584	0.192363
-1.586	0.191727
-1.588	0.191093
-1.59	0.190459
-1.592	0.189827
-1.594	0.189195
-1.596	0.188564
-1.598	0.187934
-1.6	0.187305
-1.602	0.186677
-1.604	0.18605
-1.606	0.185423
-1.608	0.184798
-1.61	0.184174
-1.612	0.18355
-1.614	0.182928
-1.616	0.182306
-1.618	0.181685
-1.62	0.181066
-1.622	0.180447
-1.624	0.179829
-1.626	0.179212
-1.628	0.178596
-1.63	0.177981
-1.632	0.177368
-1.634	0.176755
-1.636	0.176143
-1.638	0.175532
-1.64	0.174922
-1.642	0.174313
-1.644	0.173705
-1.646	0.173098
-1.648	0.172492
-1.65	0.171887
-1.652	0.171284
-1.654	0.170681
-1.656	0.170079
-1.658	0.169478
-1.66	0.168878
-1.662	0.16828
-1.664	0.167682
-1.666	0.167085
-1.668	0.16649
-1.67	0.165895
-1.672	0.165302
-1.674	0.16471
-1.676	0.164118
-1.678	0.163528
-1.68	0.162939
-1.682	0.162351
-1.684	0.161764
-1.686	0.161178
-1.688	0.160593
-1.69	0.160009
-1.692	0.159426
-1.694	0.158845
-1.696	0.158264
-1.698	0.157685
-1.7	0.157106
-1.702	0.156529
-1.704	0.155953
-1.706	0.155378
-1.708	0.154804
-1.71	0.154231
-1.712	0.153659
-1.714	0.153089
-1.716	0.152519
-1.718	0.151951
-1.72	0.151384
-1.722	0.150817
-1.724	0.150252
-1.726	0.149688
-1.728	0.149126
-1.73	0.148564
-1.732	0.148003
-1.734	0.147444
-1.736	0.146886
-1.738	0.146329
-1.74	0.145773
-1.742	0.145218
-1.744	0.144664
-1.746	0.144112
-1.748	0.14356
-1.75	0.14301
-1.752	0.142461
-1.754	0.141913
-1.756	0.141366
-1.758	0.14082
-1.76	0.140276
-1.762	0.139732
-1.764	0.13919
-1.766	0.138649
-1.768	0.138109
-1.77	0.13757
-1.772	0.137033
-1.774	0.136496
-1.776	0.135961
-1.778	0.135427
-1.78	0.134894
-1.782	0.134362
-1.784	0.133832
-1.786	0.133302
-1.788	0.132774
-1.79	0.132247
-1.792	0.131721
-1.794	0.131196
-1.796	0.130672
-1.798	0.13015
-1.8	0.129629
-1.802	0.129109
-1.804	0.12859
-1.806	0.128072
-1.808	0.127556
-1.81	0.12704
-1.812	0.126526
-1.814	0.126013
-1.816	0.125501
-1.818	0.124991
-1.82	0.124481
-1.822	0.123973
-1.824	0.123466
-1.826	0.12296
-1.828	0.122455
-1.83	0.121952
-1.832	0.121449
-1.834	0.120948
-1.836	0.120448
-1.838	0.119949
-1.84	0.119452
-1.842	0.118955
-1.844	0.11846
-1.846	0.117966
-1.848	0.117473
-1.85	0.116981
-1.852	0.116491
-1.854	0.116002
-1.856	0.115513
-1.858	0.115027
-1.86	0.114541
-1.862	0.114056
-1.864	0.113573
-1.866	0.113091
-1.868	0.11261
-1.87	0.11213
-1.872	0.111651
-1.874	0.111174
-1.876	0.110698
-1.878	0.110223
-1.88	0.109749
-1.882	0.109276
-1.884	0.108805
-1.886	0.108335
-1.888	0.107865
-1.89	0.107398
-1.892	0.106931
-1.894	0.106465
-1.896	0.106001
-1.898	0.105538
-1.9	0.105076
-1.902	0.104615
-1.904	0.104156
-1.906	0.103697
-1.908	0.10324
-1.91	0.102784
-1.912	0.10233
-1.914	0.101876
-1.916	0.101424
-1.918	0.100972
-1.92	0.100522
-1.922	0.100073
-1.924	0.0996258
-1.926	0.0991794
-1.928	0.0987341
-1.93	0.09829
-1.932	0.0978472
-1.934	0.0974055
-1.936	0.0969649
-1.938	0.0965256
-1.94	0.0960875
-1.942	0.0956505
-1.944	0.0952148
-1.946	0.0947802
-1.948	0.0943468
-1.95	0.0939146
-1.952	0.0934835
-1.954	0.0930537
-1.956	0.0926251
-1.958	0.0921976
-1.96	0.0917713
-1.962	0.0913462
-1.964	0.0909223
-1.966	0.0904995
-1.968	0.090078
-1.97	0.0896576
-1.972	0.0892384
-1.974	0.0888204
-1.976	0.0884036
-1.978	0.0879879
-1.98	0.0875734
-1.982	0.0871601
-1.984	0.086748
-1.986	0.0863371
-1.988	0.0859273
-1.99	0.0855187
-1.992	0.0851113
-1.994	0.0847051
-1.996	0.0843
-1.998	0.0838961
-2	0.0834934
-2.002	0.0830919
-2.004	0.0826915
-2.006	0.0822923
-2.008	0.0818943
-2.01	0.0814975
-2.012	0.0811018
-2.014	0.0807073
-2.016	0.080314
-2.018	0.0799218
-2.02	0.0795308
-2.022	0.079141
-2.024	0.0787523
-2.026	0.0783648
-2.028	0.0779785
-2.03	0.0775933
-2.032	0.0772093
-2.034	0.0768265
-2.036	0.0764448
-2.038	0.0760643
-2.04	0.075685
-2.042	0.0753068
-2.044	0.0749298
-2.046	0.0745539
-2.048	0.0741792
-2.05	0.0738057
-2.052	0.0734333
-2.054	0.0730621
-2.056	0.072692
-2.058	0.0723231
-2.06	0.0719553
-2.062	0.0715887
-2.064	0.0712233
-2.066	0.070859
-2.068	0.0704958
-2.07	0.0701338
-2.072	0.069773
-2.074	0.0694133
-2.076	0.0690548
-2.078	0.0686974
-2.08	0.0683411
-2.082	0.067986
-2.084	0.0676321
-2.086	0.0672793
-2.088	0.0669276
-2.09	0.0665771
-2.092	0.0662278
-2.094	0.0658795
-2.096	0.0655325
-2.098	0.0651865
-2.1	0.0648417
-2.102	0.0644981
-2.104	0.0641555
-2.106	0.0638142
-2.108	0.0634739
-2.11	0.0631348
-2.112	0.0627968
-2.114	0.06246
-2.116	0.0621243
-2.118	0.0617897
-2.12	0.0614563
-2.122	0.061124
-2.124	0.0607928
-2.126	0.0604628
-2.128	0.0601338
-2.13	0.0598061
-2.132	0.0594794
-2.134	0.0591539
-2.136	0.0588295
-2.138	0.0585062
-2.14	0.058184
-2.142	0.057863
-2.144	0.0575431
-2.146	0.0572243
-2.148	0.0569066
-2.15	0.0565901
-2.152	0.0562746
-2.154	0.0559603
-2.156	0.0556471
-2.158	0.055335
-2.16	0.0550241
-2.162	0.0547142
-2.164	0.0544055
-2.166	0.0540979
-2.168	0.0537913
-2.17	0.0534859
-2.172	0.0531816
-2.174	0.0528785
-2.176	0.0525764
-2.178	0.0522754
-2.18	0.0519755
-2.182	0.0516768
-2.184	0.0513791
-2.186	0.0510826
-2.188	0.0507871
-2.19	0.0504928
-2.192	0.0501995
-2.194	0.0499073
-2.196	0.0496163
-2.198	0.0493263
-2.2	0.0490375
-2.202	0.0487497
-2.204	0.048463
-2.206	0.0481774
-2.208	0.0478929
-2.21	0.0476095
-2.212	0.0473272
-2.214	0.047046
-2.216	0.0467658
-2.218	0.0464868
-2.22	0.0462088
-2.222	0.0459319
-2.224	0.0456561
-2.226	0.0453814
-2.228	0.0451078
-2.23	0.0448352
-2.232	0.0445637
-2.234	0.0442933
-2.236	0.044024
-2.238	0.0437557
-2.24	0.0434886
-2.242	0.0432225
-2.244	0.0429574
-2.246	0.0426934
-2.248	0.0424306
-2.25	0.0421687
-2.252	0.041908
-2.254	0.0416483
-2.256	0.0413896
-2.258	0.0411321
-2.26	0.0408755
-2.262	0.0406201
-2.264	0.0403657
-2.266	0.0401124
-2.268	0.0398601
-2.27	0.0396089
-2.272	0.0393587
-2.274	0.0391096
-2.276	0.0388615
-2.278	0.0386145
-2.28	0.0383686
-2.282	0.0381236
-2.284	0.0378798
-2.286	0.0376369
-2.288	0.0373952
-2.29	0.0371544
-2.292	0.0369147
-2.294	0.0366761
-2.296	0.0364384
-2.298	0.0362019
-2.3	0.0359663
-2.302	0.0357318
-2.304	0.0354983
-2.306	0.0352659
-2.308	0.0350344
-2.31	0.034804
-2.312	0.0345747
-2.314	0.0343463
-2.316	0.034119
-2.318	0.0338927
-2.32	0.0336674
-2.322	0.0334432
-2.324	0.0332199
-2.326	0.0329977
-2.328	0.0327765
-2.33	0.0325563
-2.332	0.0323371
-2.334	0.032119
-2.336	0.0319018
-2.338	0.0316856
-2.34	0.0314705
-2.342	0.0312563
-2.344	0.0310432
-2.346	0.030831
-2.348	0.0306199
-2.35	0.0304097
-2.352	0.0302006
-2.354	0.0299924
-2.356	0.0297852
-2.358	0.029579
-2.36	0.0293739
-2.362	0.0291696
-2.364	0.0289664
-2.366	0.0287642
-2.368	0.0285629
-2.37	0.0283626
-2.372	0.0281633
-2.374	0.027965
-2.376	0.0277677
-2.378	0.0275713
-2.38	0.0273759
-2.382	0.0271815
-2.384	0.026988
-2.386	0.0267955
-2.388	0.0266039
-2.39	0.0264134
-2.392	0.0262237
-2.394	0.0260351
-2.396	0.0258474
-2.398	0.0256606
-2.4	0.0254748
-2.402	0.02529
-2.404	0.0251061
-2.406	0.0249231
-2.408	0.0247411
-2.41	0.0245601
-2.412	0.0243799
-2.414	0.0242007
-2.416	0.0240225
-2.418	0.0238452
-2.42	0.0236688
-2.422	0.0234933
-2.424	0.0233188
-2.426	0.0231452
-2.428	0.0229725
-2.43	0.0228008
-2.432	0.0226299
-2.434	0.02246
-2.436	0.022291
-2.438	0.0221229
-2.44	0.0219558
-2.442	0.0217895
-2.444	0.0216241
-2.446	0.0214597
-2.448	0.0212961
-2.45	0.0211335
-2.452	0.0209717
-2.454	0.0208108
-2.456	0.0206509
-2.458	0.0204918
-2.46	0.0203336
-2.462	0.0201763
-2.464	0.0200199
-2.466	0.0198644
-2.468	0.0197097
-2.47	0.019556
-2.472	0.0194031
-2.474	0.019251
-2.476	0.0190999
-2.478	0.0189496
-2.48	0.0188002
-2.482	0.0186516
-2.484	0.0185039
-2.486	0.0183571
-2.488	0.0182111
-2.49	0.018066
-2.492	0.0179217
-2.494	0.0177783
-2.496	0.0176357
-2.498	0.017494
-2.5	0.0173531
-2.502	0.0172131
-2.504	0.0170738
-2.506	0.0169355
-2.508	0.0167979
-2.51	0.0166612
-2.512	0.0165253
-2.514	0.0163902
-2.516	0.016256
-2.518	0.0161226
-2.52	0.01599
-2.522	0.0158582
-2.524	0.0157272
-2.526	0.015597
-2.528	0.0154677
-2.53	0.0153391
-2.532	0.0152113
-2.534	0.0150844
-2.536	0.0149582
-2.538	0.0148328
-2.54	0.0147083
-2.542	0.0145845
-2.544	0.0144614
-2.546	0.0143392
-2.548	0.0142178
-2.55	0.0140971
-2.552	0.0139772
-2.554	0.0138581
-2.556	0.0137397
-2.558	0.0136222
-2.56	0.0135053
-2.562	0.0133893
-2.564	0.013274
-2.566	0.0131594
-2.568	0.0130456
-2.57	0.0129326
-2.572	0.0128203
-2.574	0.0127087
-2.576	0.0125979
-2.578	0.0124879
-2.58	0.0123785
-2.582	0.0122699
-2.584	0.012162
-2.586	0.0120549
-2.588	0.0119485
-2.59	0.0118428
-2.592	0.0117378
-2.594	0.0116336
-2.596	0.01153
-2.598	0.0114272
-2.6	0.011325
-2.602	0.0112236
-2.604	0.0111229
-2.606	0.0110229
-2.608	0.0109236
-2.61	0.0108249
-2.612	0.010727
-2.614	0.0106297
-2.616	0.0105332
-2.618	0.0104373
-2.62	0.0103421
-2.622	0.0102476
-2.624	0.0101537
-2.626	0.0100605
-2.628	0.00996801
-2.63	0.00987616
-2.632	0.00978497
-2.634	0.00969444
-2.636	0.00960457
-2.638	0.00951535
-2.64	0.00942678
-2.642	0.00933886
-2.644	0.00925158
-2.646	0.00916494
-2.648	0.00907894
-2.65	0.00899358
-2.652	0.00890885
-2.654	0.00882475
-2.656	0.00874128
-2.658	0.00865843
-2.66	0.0085762
-2.662	0.00849458
-2.664	0.00841359
-2.666	0.0083332
-2.668	0.00825343
-2.67	0.00817426
-2.672	0.00809569
-2.674	0.00801773
-2.676	0.00794036
-2.678	0.00786359
-2.68	0.0077874
-2.682	0.00771181
-2.684	0.0076368
-2.686	0.00756237
-2.688	0.00748853
-2.69	0.00741526
-2.692	0.00734256
-2.694	0.00727043
-2.696	0.00719887
-2.698	0.00712788
-2.7	0.00705745
-2.702	0.00698758
-2.704	0.00691826
-2.706	0.0068495
-2.708	0.00678128
-2.71	0.00671362
-2.712	0.00664649
-2.714	0.00657991
-2.716	0.00651387
-2.718	0.00644836
-2.72	0.00638339
-2.722	0.00631894
-2.724	0.00625502
-2.726	0.00619163
-2.728	0.00612875
-2.73	0.0060664
-2.732	0.00600456
-2.734	0.00594323
-2.736	0.00588241
-2.738	0.00582209
-2.74	0.00576228
-2.742	0.00570297
-2.744	0.00564416
-2.746	0.00558584
-2.748	0.00552801
-2.75	0.00547067
-2.752	0.00541382
-2.754	0.00535745
-2.756	0.00530156
-2.758	0.00524615
-2.76	0.00519122
-2.762	0.00513675
-2.764	0.00508275
-2.766	0.00502922
-2.768	0.00497616
-2.77	0.00492355
-2.772	0.0048714
-2.774	0.00481971
-2.776	0.00476846
-2.778	0.00471767
-2.78	0.00466732
-2.782	0.00461742
-2.784	0.00456795
-2.786	0.00451893
-2.788	0.00447033
-2.79	0.00442218
-2.792	0.00437445
-2.794	0.00432714
-2.796	0.00428026
-2.798	0.00423381
-2.8	0.00418777
-2.802	0.00414214
-2.804	0.00409693
-2.806	0.00405213
-2.808	0.00400774
-2.81	0.00396375
-2.812	0.00392017
-2.814	0.00387698
-2.816	0.00383419
-2.818	0.0037918
-2.82	0.00374979
-2.822	0.00370818
-2.824	0.00366695
-2.826	0.0036261
-2.828	0.00358564
-2.83	0.00354555
-2.832	0.00350584
-2.834	0.0034665
-2.836	0.00342753
-2.838	0.00338893
-2.84	0.00335069
-2.842	0.00331282
-2.844	0.00327531
-2.846	0.00323815
-2.848	0.00320135
-2.85	0.0031649
-2.852	0.0031288
-2.854	0.00309305
-2.856	0.00305764
-2.858	0.00302258
-2.86	0.00298785
-2.862	0.00295346
-2.864	0.00291941
-2.866	0.00288569
-2.868	0.0028523
-2.87	0.00281923
-2.872	0.00278649
-2.874	0.00275408
-2.876	0.00272198
-2.878	0.0026902
-2.88	0.00265873
-2.882	0.00262758
-2.884	0.00259674
-2.886	0.00256621
-2.888	0.00253598
-2.89	0.00250605
-2.892	0.00247643
-2.894	0.0024471
-2.896	0.00241807
-2.898	0.00238934
-2.9	0.00236089
-2.902	0.00233274
-2.904	0.00230487
-2.906	0.00227729
-2.908	0.00224999
-2.91	0.00222297
-2.912	0.00219622
-2.914	0.00216976
-2.916	0.00214356
-2.918	0.00211764
-2.92	0.00209199
-2.922	0.0020666
-2.924	0.00204148
-2.926	0.00201662
-2.928	0.00199202
-2.93	0.00196768
-2.932	0.0019436
-2.934	0.00191977
-2.936	0.00189619
-2.938	0.00187286
-2.94	0.00184978
-2.942	0.00182694
-2.944	0.00180435
-2.946	0.00178199
-2.948	0.00175988
-2.95	0.00173801
-2.952	0.00171637
-2.954	0.00169496
-2.956	0.00167378
-2.958	0.00165284
-2.96	0.00163212
-2.962	0.00161162
-2.964	0.00159135
-2.966	0.0015713
-2.968	0.00155147
-2.97	0.00153186
-2.972	0.00151246
-2.974	0.00149328
-2.976	0.00147431
-2.978	0.00145554
-2.98	0.00143699
-2.982	0.00141864
-2.984	0.0014005
-2.986	0.00138255
-2.988	0.00136481
-2.99	0.00134727
-2.992	0.00132992
-2.994	0.00131277
-2.996	0.00129582
-2.998	0.00127905
-3	0.00126247
-3.002	0.00124608
-3.004	0.00122988
-3.006	0.00121386
-3.008	0.00119803
-3.01	0.00118238
-3.012	0.0011669
-3.014	0.0011516
-3.016	0.00113648
-3.018	0.00112154
-3.02	0.00110676
-3.022	0.00109216
-3.024	0.00107773
-3.026	0.00106346
-3.028	0.00104936
-3.03	0.00103543
-3.032	0.00102165
-3.034	0.00100804
-3.036	0.000994591
-3.038	0.000981299
-3.04	0.000968163
-3.042	0.000955182
-3.044	0.000942355
-3.046	0.00092968
-3.048	0.000917155
-3.05	0.00090478
-3.052	0.000892552
-3.054	0.000880471
-3.056	0.000868534
-3.058	0.000856741
-3.06	0.000845089
-3.062	0.000833578
-3.064	0.000822206
-3.066	0.000810971
-3.068	0.000799873
-3.07	0.000788909
-3.072	0.000778079
-3.074	0.00076738
-3.076	0.000756813
-3.078	0.000746375
-3.08	0.000736065
-3.082	0.000725881
-3.084	0.000715823
-3.086	0.000705889
-3.088	0.000696078
-3.09	0.000686388
-3.092	0.000676818
-3.094	0.000667368
-3.096	0.000658035
-3.098	0.000648818
-3.1	0.000639717
-3.102	0.00063073
-3.104	0.000621855
-3.106	0.000613092
-3.108	0.00060444
-3.11	0.000595897
-3.112	0.000587461
-3.114	0.000579133
-3.116	0.00057091
-3.118	0.000562792
-3.12	0.000554777
-3.122	0.000546865
-3.124	0.000539054
-3.126	0.000531342
-3.128	0.00052373
-3.13	0.000516216
-3.132	0.000508798
-3.134	0.000501476
-3.136	0.000494249
-3.138	0.000487116
-3.14	0.000480075
-3.142	0.000473125
-3.144	0.000466266
-3.146	0.000459497
-3.148	0.000452816
-3.15	0.000446223
-3.152	0.000439716
-3.154	0.000433294
-3.156	0.000426958
-3.158	0.000420704
-3.16	0.000414534
-3.162	0.000408445
-3.164	0.000402437
-3.166	0.000396508
-3.168	0.000390659
-3.17	0.000384887
-3.172	0.000379193
-3.174	0.000373575
-3.176	0.000368032
-3.178	0.000362564
-3.18	0.000357169
-3.182	0.000351847
-3.184	0.000346597
-3.186	0.000341417
-3.188	0.000336308
-3.19	0.000331268
-3.192	0.000326297
-3.194	0.000321394
-3.196	0.000316557
-3.198	0.000311786
-3.2	0.000307081
-3.202	0.00030244
-3.204	0.000297863
-3.206	0.000293349
-3.208	0.000288898
-3.21	0.000284507
-3.212	0.000280178
-3.214	0.000275908
-3.216	0.000271698
-3.218	0.000267546
-3.22	0.000263452
-3.222	0.000259415
-3.224	0.000255435
-3.226	0.00025151
-3.228	0.000247641
-3.23	0.000243825
-3.232	0.000240064
-3.234	0.000236355
-3.236	0.000232699
-3.238	0.000229094
-3.24	0.000225541
-3.242	0.000222038
-3.244	0.000218584
-3.246	0.00021518
-3.248	0.000211824
-3.25	0.000208517
-3.252	0.000205256
-3.254	0.000202043
-3.256	0.000198875
-3.258	0.000195753
-3.26	0.000192676
-3.262	0.000189643
-3.264	0.000186654
-3.266	0.000183709
-3.268	0.000180806
-3.27	0.000177945
-3.272	0.000175126
-3.274	0.000172348
-3.276	0.00016961
-3.278	0.000166912
-3.28	0.000164254
-3.282	0.000161635
-3.284	0.000159054
-3.286	0.000156511
-3.288	0.000154006
-3.29	0.000151538
-3.292	0.000149106
-3.294	0.00014671
-3.296	0.000144349
-3.298	0.000142024
-3.3	0.000139733
-3.302	0.000137477
-3.304	0.000135254
-3.306	0.000133064
-3.308	0.000130907
-3.31	0.000128782
-3.312	0.000126689
-3.314	0.000124628
-3.316	0.000122598
-3.318	0.000120598
-3.32	0.000118628
-3.322	0.000116689
-3.324	0.000114778
-3.326	0.000112897
-3.328	0.000111044
-3.33	0.00010922
-3.332	0.000107423
-3.334	0.000105653
-3.336	0.000103911
-3.338	0.000102196
-3.34	0.000100506
-3.342	9.88428e-05
-3.344	9.72051e-05
-3.346	9.55925e-05
-3.348	9.40048e-05
-3.35	9.24417e-05
-3.352	9.09027e-05
-3.354	8.93876e-05
-3.356	8.7896e-05
-3.358	8.64276e-05
-3.36	8.4982e-05
-3.362	8.3559e-05
-3.364	8.21582e-05
-3.366	8.07793e-05
-3.368	7.9422e-05
-3.37	7.80859e-05
-3.372	7.67709e-05
-3.374	7.54765e-05
-3.376	7.42025e-05
-3.378	7.29486e-05
-3.38	7.17145e-05
-3.382	7.05e-05
-3.384	6.93046e-05
-3.386	6.81283e-05
-3.388	6.69706e-05
-3.39	6.58313e-05
-3.392	6.47102e-05
-3.394	6.3607e-05
-3.396	6.25214e-05
-3.398	6.14532e-05
-3.4	6.04021e-05
-3.402	5.93678e-05
-3.404	5.83502e-05
-3.406	5.73489e-05
-3.408	5.63638e-05
-3.41	5.53946e-05
-3.412	5.4441e-05
-3.414	5.35029e-05
-3.416	5.258e-05
-3.418	5.1672e-05
-3.42	5.07788e-05
-3.422	4.99002e-05
-3.424	4.90358e-05
-3.426	4.81856e-05
-3.428	4.73493e-05
-3.43	4.65266e-05
-3.432	4.57174e-05
-3.434	4.49215e-05
-3.436	4.41387e-05
-3.438	4.33687e-05
-3.44	4.26114e-05
-3.442	4.18667e-05
-3.444	4.11342e-05
-3.446	4.04138e-05
-3.448	3.97054e-05
-3.45	3.90087e-05
-3.452	3.83236e-05
-3.454	3.76499e-05
-3.456	3.69874e-05
-3.458	3.6336e-05
-3.46	3.56954e-05
-3.462	3.50655e-05
-3.464	3.44462e-05
-3.466	3.38373e-05
-3.468	3.32386e-05
-3.47	3.26499e-05
-3.472	3.20712e-05
-3.474	3.15022e-05
-3.476	3.09428e-05
-3.478	3.03928e-05
-3.48	2.98522e-05
-3.482	2.93207e-05
-3.484	2.87982e-05
-3.486	2.82846e-05
-3.488	2.77798e-05
-3.49	2.72835e-05
-3.492	2.67957e-05
-3.494	2.63162e-05
-3.496	2.58449e-05
-3.498	2.53817e-05
-3.5	2.49264e-05
-3.502	2.44789e-05
-3.504	2.40391e-05
-3.506	2.36069e-05
-3.508	2.31821e-05
-3.51	2.27646e-05
-3.512	2.23544e-05
-3.514	2.19512e-05
-3.516	2.1555e-05
-3.518	2.11657e-05
-3.52	2.07831e-05
-3.522	2.04072e-05
-3.524	2.00378e-05
-3.526	1.96748e-05
-3.528	1.93182e-05
-3.53	1.89677e-05
-3.532	1.86234e-05
-3.534	1.82852e-05
-3.536	1.79528e-05
-3.538	1.76263e-05
-3.54	1.73055e-05
-3.542	1.69904e-05
-3.544	1.66808e-05
-3.546	1.63766e-05
-3.548	1.60778e-05
-3.55	1.57843e-05
-3.552	1.5496e-05
-3.554	1.52128e-05
-3.556	1.49346e-05
-3.558	1.46613e-05
-3.56	1.43929e-05
-3.562	1.41293e-05
-3.564	1.38703e-05
-3.566	1.3616e-05
-3.568	1.33662e-05
-3.57	1.31209e-05
-3.572	1.28799e-05
-3.574	1.26433e-05
-3.576	1.24109e-05
-3.578	1.21827e-05
-3.58	1.19586e-05
-3.582	1.17385e-05
-3.584	1.15223e-05
-3.586	1.13101e-05
-3.588	1.11017e-05
-3.59	1.0897e-05
-3.592	1.06961e-05
-3.594	1.04988e-05
-3.596	1.03051e-05
-3.598	1.01148e-05
-3.6	9.92806e-06
-3.602	9.74468e-06
-3.604	9.56464e-06
-3.606	9.38788e-06
-3.608	9.21434e-06
-3.61	9.04396e-06
-3.612	8.8767e-06
-3.614	8.7125e-06
-3.616	8.5513e-06
-3.618	8.39305e-06
-3.62	8.23771e-06
-3.622	8.08522e-06
-3.624	7.93553e-06
-3.626	7.78859e-06
-3.628	7.64436e-06
-3.63	7.50279e-06
-3.632	7.36383e-06
-3.634	7.22743e-06
-3.636	7.09356e-06
-3.638	6.96216e-06
-3.64	6.83319e-06
-3.642	6.70662e-06
-3.644	6.58239e-06
-3.646	6.46047e-06
-3.648	6.34082e-06
-3.65	6.22339e-06
-3.652	6.10815e-06
-3.654	5.99505e-06
-3.656	5.88407e-06
-3.658	5.77515e-06
-3.66	5.66827e-06
-3.662	5.56339e-06
-3.664	5.46048e-06
-3.666	5.35949e-06
-3.668	5.26039e-06
-3.67	5.16316e-06
-3.672	5.06774e-06
-3.674	4.97413e-06
-3.676	4.88227e-06
-3.678	4.79214e-06
-3.68	4.70371e-06
-3.682	4.61695e-06
-3.684	4.53183e-06
-3.686	4.44831e-06
-3.688	4.36637e-06
-3.69	4.28598e-06
-3.692	4.20711e-06
-3.694	4.12974e-06
-3.696	4.05383e-06
-3.698	3.97936e-06
-3.7	3.90631e-06
-3.702	3.83464e-06
-3.704	3.76433e-06
-3.706	3.69537e-06
-3.708	3.62771e-06
-3.71	3.56135e-06
-3.712	3.49624e-06
-3.714	3.43238e-06
-3.716	3.36974e-06
-3.718	3.3083e-06
-3.72	3.24803e-06
-3.722	3.18891e-06
-3.724	3.13092e-06
-3.726	3.07404e-06
-3.728	3.01825e-06
-3.73	2.96353e-06
-3.732	2.90986e-06
-3.734	2.85722e-06
-3.736	2.80558e-06
-3.738	2.75494e-06
-3.74	2.70528e-06
-3.742	2.65656e-06
-3.744	2.60879e-06
-3.746	2.56193e-06
-3.748	2.51598e-06
-3.75	2.47091e-06
-3.752	2.4267e-06
-3.754	2.38335e-06
-3.756	2.34084e-06
-3.758	2.29915e-06
-3.76	2.25826e-06
-3.762	2.21815e-06
-3.764	2.17883e-06
-3.766	2.14026e-06
-3.768	2.10244e-06
-3.77	2.06535e-06
-3.772	2.02897e-06
-3.774	1.9933e-06
-3.776	1.95832e-06
-3.778	1.92402e-06
-3.78	1.89037e-06
-3.782	1.85738e-06
-3.784	1.82503e-06
-3.786	1.79331e-06
-3.788	1.7622e-06
-3.79	1.73169e-06
-3.792	1.70177e-06
-3.794	1.67243e-06
-3.796	1.64366e-06
-3.798	1.61545e-06
-3.8	1.58778e-06
-3.802	1.56065e-06
-3.804	1.53405e-06
-3.806	1.50796e-06
-3.808	1.48237e-06
-3.81	1.45729e-06
-3.812	1.43268e-06
-3.814	1.40856e-06
-3.816	1.3849e-06
-3.818	1.3617e-06
-3.82	1.33894e-06
-3.822	1.31663e-06
-3.824	1.29475e-06
-3.826	1.2733e-06
-3.828	1.25225e-06
-3.83	1.23162e-06
-3.832	1.21138e-06
-3.834	1.19154e-06
-3.836	1.17208e-06
-3.838	1.15299e-06
-3.84	1.13427e-06
-3.842	1.11591e-06
-3.844	1.09791e-06
-3.846	1.08026e-06
-3.848	1.06294e-06
-3.85	1.04596e-06
-3.852	1.0293e-06
-3.854	1.01297e-06
-3.856	9.96946e-07
-3.858	9.81232e-07
-3.86	9.6582e-07
-3.862	9.50704e-07
-3.864	9.35877e-07
-3.866	9.21335e-07
-3.868	9.0707e-07
-3.87	8.93079e-07
-3.872	8.79355e-07
-3.874	8.65892e-07
-3.876	8.52687e-07
-3.878	8.39733e-07
-3.88	8.27025e-07
-3.882	8.14559e-07
-3.884	8.0233e-07
-3.886	7.90333e-07
-3.888	7.78564e-07
-3.89	7.67017e-07
-3.892	7.55688e-07
-3.894	7.44573e-07
-3.896	7.33669e-07
-3.898	7.22969e-07
-3.9	7.12471e-07
-3.902	7.0217e-07
-3.904	6.92062e-07
-3.906	6.82143e-07
-3.908	6.7241e-07
-3.91	6.62859e-07
-3.912	6.53486e-07
-3.914	6.44287e-07
-3.916	6.35259e-07
-3.918	6.26399e-07
-3.92	6.17703e-07
-3.922	6.09168e-07
-3.924	6.0079e-07
-3.926	5.92566e-07
-3.928	5.84494e-07
-3.93	5.7657e-07
-3.932	5.68791e-07
-3.934	5.61154e-07
-3.936	5.53657e-07
-3.938	5.46296e-07
-3.94	5.39068e-07
-3.942	5.31972e-07
-3.944	5.25003e-07
-3.946	5.18161e-07
-3.948	5.11442e-07
-3.95	5.04843e-07
-3.952	4.98362e-07
-3.954	4.91998e-07
-3.956	4.85746e-07
-3.958	4.79606e-07
-3.96	4.73574e-07
-3.962	4.6765e-07
-3.964	4.61829e-07
-3.966	4.56111e-07
-3.968	4.50493e-07
-3.97	4.44973e-07
-3.972	4.3955e-07
-3.974	4.34221e-07
-3.976	4.28984e-07
-3.978	4.23837e-07
-3.98	4.18779e-07
-3.982	4.13808e-07
-3.984	4.08922e-07
-3.986	4.04119e-07
-3.988	3.99398e-07
-3.99	3.94756e-07
-3.992	3.90193e-07
-3.994	3.85707e-07
-3.996	3.81295e-07
-3.998	3.76958e-07
-4	3.72692e-07
-4.002	3.68497e-07
-4.004	3.64372e-07
-4.006	3.60314e-07
-4.008	3.56322e-07
-4.01	3.52396e-07
-4.012	3.48533e-07
-4.014	3.44733e-07
-4.016	3.40994e-07
-4.018	3.37316e-07
-4.02	3.33695e-07
-4.022	3.30133e-07
-4.024	3.26627e-07
-4.026	3.23176e-07
-4.028	3.19779e-07
-4.03	3.16435e-07
-4.032	3.13144e-07
-4.034	3.09903e-07
-4.036	3.06712e-07
-4.038	3.0357e-07
-4.04	3.00476e-07
-4.042	2.97429e-07
-4.044	2.94428e-07
-4.046	2.91473e-07
-4.048	2.88561e-07
-4.05	2.85693e-07
-4.052	2.82867e-07
-4.054	2.80083e-07
-4.056	2.7734e-07
-4.058	2.74636e-07
-4.06	2.71972e-07
-4.062	2.69347e-07
-4.064	2.66758e-07
-4.066	2.64207e-07
-4.068	2.61693e-07
-4.07	2.59213e-07
-4.072	2.56769e-07
-4.074	2.54358e-07
-4.076	2.51981e-07
-4.078	2.49637e-07
-4.08	2.47325e-07
-4.082	2.45044e-07
-4.084	2.42794e-07
-4.086	2.40575e-07
-4.088	2.38385e-07
-4.09	2.36225e-07
-4.092	2.34093e-07
-4.094	2.31989e-07
-4.096	2.29913e-07
-4.098	2.27864e-07
-4.1	2.25841e-07
-4.102	2.23844e-07
-4.104	2.21873e-07
-4.106	2.19926e-07
-4.108	2.18004e-07
-4.11	2.16106e-07
-4.112	2.14232e-07
-4.114	2.12381e-07
-4.116	2.10553e-07
-4.118	2.08747e-07
-4.12	2.06963e-07
-4.122	2.052e-07
-4.124	2.03459e-07
-4.126	2.01738e-07
-4.128	2.00038e-07
-4.13	1.98357e-07
-4.132	1.96696e-07
-4.134	1.95055e-07
-4.136	1.93432e-07
-4.138	1.91828e-07
-4.14	1.90242e-07
-4.142	1.88674e-07
-4.144	1.87124e-07
-4.146	1.8559e-07
-4.148	1.84074e-07
-4.15	1.82575e-07
-4.152	1.81092e-07
-4.154	1.79625e-07
-4.156	1.78174e-07
-4.158	1.76738e-07
-4.16	1.75317e-07
-4.162	1.73912e-07
-4.164	1.72522e-07
-4.166	1.71145e-07
-4.168	1.69784e-07
-4.17	1.68436e-07
-4.172	1.67102e-07
-4.174	1.65781e-07
-4.176	1.64474e-07
-4.178	1.6318e-07
-4.18	1.61899e-07
-4.182	1.60631e-07
-4.184	1.59375e-07
-4.186	1.58131e-07
-4.188	1.569e-07
-4.19	1.5568e-07
-4.192	1.54472e-07
-4.194	1.53276e-07
-4.196	1.52091e-07
-4.198	1.50917e-07
-4.2	1.49754e-07
-4.202	1.48602e-07
-4.204	1.47461e-07
-4.206	1.4633e-07
-4.208	1.4521e-07
-4.21	1.441e-07
-4.212	1.42999e-07
-4.214	1.41909e-07
-4.216	1.40828e-07
-4.218	1.39757e-07
-4.22	1.38696e-07
-4.222	1.37643e-07
-4.224	1.366e-07
-4.226	1.35566e-07
-4.228	1.34541e-07
-4.23	1.33525e-07
-4.232	1.32518e-07
-4.234	1.31519e-07
-4.236	1.30528e-07
-4.238	1.29546e-07
-4.24	1.28572e-07
-4.242	1.27606e-07
-4.244	1.26648e-07
-4.246	1.25698e-07
-4.248	1.24756e-07
-4.25	1.23822e-07
-4.252	1.22895e-07
-4.254	1.21975e-07
-4.256	1.21063e-07
-4.258	1.20159e-07
-4.26	1.19261e-07
-4.262	1.18371e-07
-4.264	1.17488e-07
-4.266	1.16611e-07
-4.268	1.15742e-07
-4.27	1.14879e-07
-4.272	1.14023e-07
-4.274	1.13174e-07
-4.276	1.12331e-07
-4.278	1.11495e-07
-4.28	1.10665e-07
-4.282	1.09842e-07
-4.284	1.09024e-07
-4.286	1.08213e-07
-4.288	1.07408e-07
-4.29	1.06609e-07
-4.292	1.05816e-07
-4.294	1.05029e-07
-4.296	1.04248e-07
-4.298	1.03472e-07
-4.3	1.02703e-07
-4.302	1.01939e-07
-4.304	1.0118e-07
-4.306	1.00427e-07
-4.308	9.968e-08
-4.31	9.8938e-08
-4.312	9.82015e-08
-4.314	9.74702e-08
-4.316	9.67443e-08
-4.318	9.60236e-08
-4.32	9.5308e-08
-4.322	9.45976e-08
-4.324	9.38922e-08
-4.326	9.31919e-08
-4.328	9.24966e-08
-4.33	9.18062e-08
-4.332	9.11206e-08
-4.334	9.04399e-08
-4.336	8.97641e-08
-4.338	8.90929e-08
-4.34	8.84265e-08
-4.342	8.77648e-08
-4.344	8.71077e-08
-4.346	8.64551e-08
-4.348	8.58072e-08
-4.35	8.51637e-08
-4.352	8.45247e-08
-4.354	8.38901e-08
-4.356	8.326e-08
-4.358	8.26342e-08
-4.36	8.20127e-08
-4.362	8.13955e-08
-4.364	8.07825e-08
-4.366	8.01738e-08
-4.368	7.95693e-08
-4.37	7.89689e-08
-4.372	7.83726e-08
-4.374	7.77804e-08
-4.376	7.71923e-08
-4.378	7.66082e-08
-4.38	7.60281e-08
-4.382	7.54519e-08
-4.384	7.48797e-08
-4.386	7.43114e-08
-4.388	7.37469e-08
-4.39	7.31863e-08
-4.392	7.26295e-08
-4.394	7.20765e-08
-4.396	7.15272e-08
-4.398	7.09817e-08
-4.4	7.04399e-08
-4.402	6.99018e-08
-4.404	6.93673e-08
-4.406	6.88364e-08
-4.408	6.83092e-08
-4.41	6.77855e-08
-4.412	6.72653e-08
-4.414	6.67487e-08
-4.416	6.62356e-08
-4.418	6.5726e-08
-4.42	6.52198e-08
-4.422	6.4717e-08
-4.424	6.42177e-08
-4.426	6.37217e-08
-4.428	6.32291e-08
-4.43	6.27399e-08
-4.432	6.22539e-08
-4.434	6.17713e-08
-4.436	6.12919e-08
-4.438	6.08158e-08
-4.44	6.03429e-08
-4.442	5.98732e-08
-4.444	5.94067e-08
-4.446	5.89434e-08
-4.448	5.84832e-08
-4.45	5.80262e-08
-4.452	5.75722e-08
-4.454	5.71214e-08
-4.456	5.66736e-08
-4.458	5.62288e-08
-4.46	5.57871e-08
-4.462	5.53484e-08
-4.464	5.49127e-08
-4.466	5.448e-08
-4.468	5.40502e-08
-4.47	5.36234e-08
-4.472	5.31994e-08
-4.474	5.27784e-08
-4.476	5.23603e-08
-4.478	5.1945e-08
-4.48	5.15326e-08
-4.482	5.1123e-08
-4.484	5.07162e-08
-4.486	5.03122e-08
-4.488	4.9911e-08
-4.49	4.95126e-08
-4.492	4.91169e-08
-4.494	4.87239e-08
-4.496	4.83337e-08
-4.498	4.79461e-08
-4.5	4.75612e-08
-4.502	4.7179e-08
-4.504	4.67994e-08
-4.506	4.64225e-08
-4.508	4.60482e-08
-4.51	4.56765e-08
-4.512	4.53073e-08
-4.514	4.49408e-08
-4.516	4.45768e-08
-4.518	4.42153e-08
-4.52	4.38564e-08
-4.522	4.34999e-08
-4.524	4.3146e-08
-4.526	4.27946e-08
-4.528	4.24456e-08
-4.53	4.2099e-08
-4.532	4.17549e-08
-4.534	4.14132e-08
-4.536	4.1074e-08
-4.538	4.07371e-08
-4.54	4.04026e-08
-4.542	4.00705e-08
-4.544	3.97407e-08
-4.546	3.94132e-08
-4.548	3.90881e-08
-4.55	3.87653e-08
-4.552	3.84448e-08
-4.554	3.81266e-08
-4.556	3.78106e-08
-4.558	3.74969e-08
-4.56	3.71854e-08
-4.562	3.68762e-08
-4.564	3.65692e-08
-4.566	3.62644e-08
-4.568	3.59618e-08
-4.57	3.56613e-08
-4.572	3.5363e-08
-4.574	3.50669e-08
-4.576	3.47729e-08
-4.578	3.44811e-08
-4.58	3.41913e-08
-4.582	3.39037e-08
-4.584	3.36181e-08
-4.586	3.33346e-08
-4.588	3.30532e-08
-4.59	3.27738e-08
-4.592	3.24965e-08
-4.594	3.22212e-08
-4.596	3.19479e-08
-4.598	3.16766e-08
-4.6	3.14073e-08
-4.602	3.114e-08
-4.604	3.08746e-08
-4.606	3.06112e-08
-4.608	3.03498e-08
-4.61	3.00903e-08
-4.612	2.98327e-08
-4.614	2.9577e-08
-4.616	2.93232e-08
-4.618	2.90713e-08
-4.62	2.88212e-08
-4.622	2.85731e-08
-4.624	2.83267e-08
-4.626	2.80822e-08
-4.628	2.78396e-08
-4.63	2.75988e-08
-4.632	2.73597e-08
-4.634	2.71225e-08
-4.636	2.6887e-08
-4.638	2.66534e-08
-4.64	2.64214e-08
-4.642	2.61913e-08
-4.644	2.59629e-08
-4.646	2.57362e-08
-4.648	2.55112e-08
-4.65	2.52879e-08
-4.652	2.50664e-08
-4.654	2.48465e-08
-4.656	2.46283e-08
-4.658	2.44117e-08
-4.66	2.41969e-08
-4.662	2.39836e-08
-4.664	2.3772e-08
-4.666	2.3562e-08
-4.668	2.33537e-08
-4.67	2.31469e-08
-4.672	2.29418e-08
-4.674	2.27382e-08
-4.676	2.25362e-08
-4.678	2.23358e-08
-4.68	2.21369e-08
-4.682	2.19395e-08
-4.684	2.17437e-08
-4.686	2.15495e-08
-4.688	2.13567e-08
-4.69	2.11655e-08
-4.692	2.09757e-08
-4.694	2.07874e-08
-4.696	2.06006e-08
-4.698	2.04153e-08
-4.7	2.02314e-08
-4.702	2.0049e-08
-4.704	1.9868e-08
-4.706	1.96885e-08
-4.708	1.95103e-08
-4.71	1.93336e-08
-4.712	1.91583e-08
-4.714	1.89844e-08
-4.716	1.88118e-08
-4.718	1.86407e-08
-4.72	1.84709e-08
-4.722	1.83024e-08
-4.724	1.81353e-08
-4.726	1.79696e-08
-4.728	1.78051e-08
-4.73	1.7642e-08
-4.732	1.74802e-08
-4.734	1.73197e-08
-4.736	1.71605e-08
-4.738	1.70026e-08
-4.74	1.6846e-08
-4.742	1.66906e-08
-4.744	1.65365e-08
-4.746	1.63836e-08
-4.748	1.6232e-08
-4.75	1.60816e-08
-4.752	1.59325e-08
-4.754	1.57846e-08
-4.756	1.56378e-08
-4.758	1.54923e-08
-4.76	1.5348e-08
-4.762	1.52048e-08
-4.764	1.50629e-08
-4.766	1.49221e-08
-4.768	1.47824e-08
-4.77	1.4644e-08
-4.772	1.45066e-08
-4.774	1.43704e-08
-4.776	1.42354e-08
-4.778	1.41014e-08
-4.78	1.39686e-08
-4.782	1.38368e-08
-4.784	1.37062e-08
-4.786	1.35767e-08
-4.788	1.34482e-08
-4.79	1.33208e-08
-4.792	1.31945e-08
-4.794	1.30693e-08
-4.796	1.29451e-08
-4.798	1.28219e-08
-4.8	1.26998e-08
-4.802	1.25787e-08
-4.804	1.24586e-08
-4.806	1.23396e-08
-4.808	1.22215e-08
-4.81	1.21045e-08
-4.812	1.19885e-08
-4.814	1.18734e-08
-4.816	1.17593e-08
-4.818	1.16462e-08
-4.82	1.15341e-08
-4.822	1.14229e-08
-4.824	1.13127e-08
-4.826	1.12034e-08
-4.828	1.10951e-08
-4.83	1.09877e-08
-4.832	1.08812e-08
-4.834	1.07756e-08
-4.836	1.06709e-08
-4.838	1.05672e-08
-4.84	1.04643e-08
-4.842	1.03624e-08
-4.844	1.02613e-08
-4.846	1.01611e-08
-4.848	1.00618e-08
-4.85	9.96332e-09
-4.852	9.86571e-09
-4.854	9.76896e-09
-4.856	9.67306e-09
-4.858	9.578e-09
-4.86	9.48377e-09
-4.862	9.39036e-09
-4.864	9.29778e-09
-4.866	9.20602e-09
-4.868	9.11506e-09
-4.87	9.0249e-09
-4.872	8.93555e-09
-4.874	8.84698e-09
-4.876	8.7592e-09
-4.878	8.67219e-09
-4.88	8.58596e-09
-4.882	8.5005e-09
-4.884	8.4158e-09
-4.886	8.33185e-09
-4.888	8.24865e-09
-4.89	8.1662e-09
-4.892	8.08448e-09
-4.894	8.0035e-09
-4.896	7.92325e-09
-4.898	7.84371e-09
-4.9	7.76489e-09
-4.902	7.68678e-09
-4.904	7.60938e-09
-4.906	7.53267e-09
-4.908	7.45666e-09
-4.91	7.38134e-09
-4.912	7.3067e-09
-4.914	7.23274e-09
-4.916	7.15945e-09
-4.918	7.08682e-09
-4.92	7.01486e-09
-4.922	6.94356e-09
-4.924	6.8729e-09
-4.926	6.80289e-09
-4.928	6.73353e-09
-4.93	6.6648e-09
-4.932	6.5967e-09
-4.934	6.52923e-09
-4.936	6.46237e-09
-4.938	6.39614e-09
-4.94	6.33051e-09
-4.942	6.26549e-09
-4.944	6.20108e-09
-4.946	6.13726e-09
-4.948	6.07403e-09
-4.95	6.01139e-09
-4.952	5.94933e-09
-4.954	5.88784e-09
-4.956	5.82694e-09
-4.958	5.7666e-09
-4.96	5.70682e-09
-4.962	5.6476e-09
-4.964	5.58894e-09
-4.966	5.53082e-09
-4.968	5.47326e-09
-4.97	5.41623e-09
-4.972	5.35974e-09
-4.974	5.30378e-09
-4.976	5.24835e-09
-4.978	5.19344e-09
-4.98	5.13906e-09
-4.982	5.08518e-09
-4.984	5.03182e-09
-4.986	4.97897e-09
-4.988	4.92661e-09
-4.99	4.87476e-09
-4.992	4.8234e-09
-4.994	4.77253e-09
-4.996	4.72214e-09
-4.998	4.67224e-09
