5	7.78535e-12
4.998	7.93348e-12
4.996	8.08433e-12
4.994	8.23796e-12
4.992	8.39442e-12
4.99	8.55375e-12
4.988	8.716e-12
4.986	8.88123e-12
4.984	9.0495e-12
4.982	9.22084e-12
4.98	9.39532e-12
4.978	9.573e-12
4.976	9.75392e-12
4.974	9.93815e-12
4.972	1.01257e-11
4.97	1.03168e-11
4.968	1.05113e-11
4.966	1.07093e-11
4.964	1.0911e-11
4.962	1.11163e-11
4.96	1.13254e-11
4.958	1.15382e-11
4.956	1.1755e-11
4.954	1.19756e-11
4.952	1.22003e-11
4.95	1.2429e-11
4.948	1.26619e-11
4.946	1.2899e-11
4.944	1.31404e-11
4.942	1.33862e-11
4.94	1.36364e-11
4.938	1.38911e-11
4.936	1.41504e-11
4.934	1.44144e-11
4.932	1.46831e-11
4.93	1.49567e-11
4.928	1.52352e-11
4.926	1.55188e-11
4.924	1.58074e-11
4.922	1.61012e-11
4.92	1.64003e-11
4.918	1.67047e-11
4.916	1.70146e-11
4.914	1.733e-11
4.912	1.76511e-11
4.91	1.7978e-11
4.908	1.83107e-11
4.906	1.86493e-11
4.904	1.8994e-11
4.902	1.93448e-11
4.9	1.97019e-11
4.898	2.00653e-11
4.896	2.04352e-11
4.894	2.08117e-11
4.892	2.11949e-11
4.89	2.15849e-11
4.888	2.19818e-11
4.886	2.23858e-11
4.884	2.27969e-11
4.882	2.32154e-11
4.88	2.36412e-11
4.878	2.40746e-11
4.876	2.45156e-11
4.874	2.49644e-11
4.872	2.54212e-11
4.87	2.5886e-11
4.868	2.6359e-11
4.866	2.68403e-11
4.864	2.73301e-11
4.862	2.78286e-11
4.86	2.83358e-11
4.858	2.88519e-11
4.856	2.93771e-11
4.854	2.99115e-11
4.852	3.04553e-11
4.85	3.10086e-11
4.848	3.15717e-11
4.846	3.21445e-11
4.844	3.27274e-11
4.842	3.33205e-11
4.84	3.39239e-11
4.838	3.45379e-11
4.836	3.51626e-11
4.834	3.57982e-11
4.832	3.64448e-11
4.83	3.71028e-11
4.828	3.77721e-11
4.826	3.84531e-11
4.824	3.91459e-11
4.822	3.98508e-11
4.82	4.05679e-11
4.818	4.12974e-11
4.816	4.20395e-11
4.814	4.27945e-11
4.812	4.35626e-11
4.81	4.4344e-11
4.808	4.51388e-11
4.806	4.59474e-11
4.804	4.67699e-11
4.802	4.76066e-11
4.8	4.84577e-11
4.798	4.93235e-11
4.796	5.02042e-11
4.794	5.11e-11
4.792	5.20112e-11
4.79	5.29381e-11
4.788	5.38809e-11
4.786	5.48398e-11
4.784	5.58152e-11
4.782	5.68072e-11
4.78	5.78163e-11
4.778	5.88426e-11
4.776	5.98864e-11
4.774	6.09481e-11
4.772	6.20279e-11
4.77	6.31261e-11
4.768	6.4243e-11
4.766	6.53789e-11
4.764	6.65342e-11
4.762	6.77091e-11
4.76	6.8904e-11
4.758	7.01191e-11
4.756	7.13549e-11
4.754	7.26117e-11
4.752	7.38897e-11
4.75	7.51894e-11
4.748	7.65111e-11
4.746	7.78551e-11
4.744	7.92218e-11
4.742	8.06117e-11
4.74	8.2025e-11
4.738	8.34621e-11
4.736	8.49234e-11
4.734	8.64094e-11
4.732	8.79203e-11
4.73	8.94567e-11
4.728	9.10189e-11
4.726	9.26073e-11
4.724	9.42224e-11
4.722	9.58646e-11
4.72	9.75342e-11
4.718	9.92319e-11
4.716	1.00958e-10
4.714	1.02713e-10
4.712	1.04497e-10
4.71	1.06311e-10
4.708	1.08156e-10
4.706	1.10031e-10
4.704	1.11937e-10
4.702	1.13875e-10
4.7	1.15845e-10
4.698	1.17849e-10
4.696	1.19885e-10
4.694	1.21955e-10
4.692	1.2406e-10
4.69	1.26199e-10
4.688	1.28374e-10
4.686	1.30585e-10
4.684	1.32833e-10
4.682	1.35118e-10
4.68	1.3744e-10
4.678	1.39801e-10
4.676	1.42201e-10
4.674	1.4464e-10
4.672	1.4712e-10
4.67	1.49641e-10
4.668	1.52202e-10
4.666	1.54807e-10
4.664	1.57453e-10
4.662	1.60144e-10
4.66	1.62878e-10
4.658	1.65658e-10
4.656	1.68483e-10
4.654	1.71354e-10
4.652	1.74272e-10
4.65	1.77238e-10
4.648	1.80253e-10
4.646	1.83316e-10
4.644	1.8643e-10
4.642	1.89594e-10
4.64	1.9281e-10
4.638	1.96079e-10
4.636	1.994e-10
4.634	2.02776e-10
4.632	2.06207e-10
4.63	2.09693e-10
4.628	2.13236e-10
4.626	2.16836e-10
4.624	2.20495e-10
4.622	2.24213e-10
4.62	2.27991e-10
4.618	2.3183e-10
4.616	2.35732e-10
4.614	2.39696e-10
4.612	2.43724e-10
4.61	2.47818e-10
4.608	2.51977e-10
4.606	2.56203e-10
4.604	2.60498e-10
4.602	2.64861e-10
4.6	2.69295e-10
4.598	2.738e-10
4.596	2.78377e-10
4.594	2.83028e-10
4.592	2.87753e-10
4.59	2.92554e-10
4.588	2.97431e-10
4.586	3.02387e-10
4.584	3.07422e-10
4.582	3.12538e-10
4.58	3.17735e-10
4.578	3.23015e-10
4.576	3.2838e-10
4.574	3.33829e-10
4.572	3.39366e-10
4.57	3.44991e-10
4.568	3.50705e-10
4.566	3.5651e-10
4.564	3.62407e-10
4.562	3.68398e-10
4.56	3.74484e-10
4.558	3.80666e-10
4.556	3.86946e-10
4.554	3.93326e-10
4.552	3.99806e-10
4.55	4.06389e-10
4.548	4.13076e-10
4.546	4.19869e-10
4.544	4.26768e-10
4.542	4.33777e-10
4.54	4.40896e-10
4.538	4.48127e-10
4.536	4.55471e-10
4.534	4.62932e-10
4.532	4.70509e-10
4.53	4.78205e-10
4.528	4.86023e-10
4.526	4.93962e-10
4.524	5.02026e-10
4.522	5.10217e-10
4.52	5.18536e-10
4.518	5.26984e-10
4.516	5.35565e-10
4.514	5.4428e-10
4.512	5.53131e-10
4.51	5.6212e-10
4.508	5.71249e-10
4.506	5.8052e-10
4.504	5.89936e-10
4.502	5.99498e-10
4.5	6.09209e-10
4.498	6.19071e-10
4.496	6.29085e-10
4.494	6.39256e-10
4.492	6.49584e-10
4.49	6.60072e-10
4.488	6.70722e-10
4.486	6.81538e-10
4.484	6.9252e-10
4.482	7.03673e-10
4.48	7.14998e-10
4.478	7.26497e-10
4.476	7.38174e-10
4.474	7.50031e-10
4.472	7.62071e-10
4.47	7.74296e-10
4.468	7.8671e-10
4.466	7.99314e-10
4.464	8.12112e-10
4.462	8.25107e-10
4.46	8.38301e-10
4.458	8.51697e-10
4.456	8.65299e-10
4.454	8.7911e-10
4.452	8.93132e-10
4.45	9.07368e-10
4.448	9.21823e-10
4.446	9.36498e-10
4.444	9.51397e-10
4.442	9.66524e-10
4.44	9.81882e-10
4.438	9.97473e-10
4.436	1.0133e-09
4.434	1.02937e-09
4.432	1.04569e-09
4.43	1.06225e-09
4.428	1.07907e-09
4.426	1.09614e-09
4.424	1.11347e-09
4.422	1.13106e-09
4.42	1.14892e-09
4.418	1.16705e-09
4.416	1.18545e-09
4.414	1.20414e-09
4.412	1.2231e-09
4.41	1.24236e-09
4.408	1.2619e-09
4.406	1.28174e-09
4.404	1.30188e-09
4.402	1.32232e-09
4.4	1.34307e-09
4.398	1.36414e-09
4.396	1.38552e-09
4.394	1.40722e-09
4.392	1.42925e-09
4.39	1.45161e-09
4.388	1.4743e-09
4.386	1.49734e-09
4.384	1.52072e-09
4.382	1.54446e-09
4.38	1.56854e-09
4.378	1.593e-09
4.376	1.61781e-09
4.374	1.643e-09
4.372	1.66856e-09
4.37	1.69451e-09
4.368	1.72084e-09
4.366	1.74757e-09
4.364	1.7747e-09
4.362	1.80223e-09
4.36	1.83017e-09
4.358	1.85853e-09
4.356	1.88731e-09
4.354	1.91652e-09
4.352	1.94616e-09
4.35	1.97625e-09
4.348	2.00678e-09
4.346	2.03777e-09
4.344	2.06921e-09
4.342	2.10112e-09
4.34	2.13351e-09
4.338	2.16638e-09
4.336	2.19973e-09
4.334	2.23358e-09
4.332	2.26792e-09
4.33	2.30278e-09
4.328	2.33815e-09
4.326	2.37404e-09
4.324	2.41047e-09
4.322	2.44743e-09
4.32	2.48494e-09
4.318	2.523e-09
4.316	2.56162e-09
4.314	2.60082e-09
4.312	2.64058e-09
4.31	2.68094e-09
4.308	2.72189e-09
4.306	2.76344e-09
4.304	2.8056e-09
4.302	2.84838e-09
4.3	2.89179e-09
4.298	2.93584e-09
4.296	2.98053e-09
4.294	3.02588e-09
4.292	3.0719e-09
4.29	3.11859e-09
4.288	3.16596e-09
4.286	3.21403e-09
4.284	3.2628e-09
4.282	3.31228e-09
4.28	3.36249e-09
4.278	3.41343e-09
4.276	3.46512e-09
4.274	3.51756e-09
4.272	3.57077e-09
4.27	3.62475e-09
4.268	3.67952e-09
4.266	3.73509e-09
4.264	3.79148e-09
4.262	3.84868e-09
4.26	3.90671e-09
4.258	3.96559e-09
4.256	4.02533e-09
4.254	4.08594e-09
4.252	4.14743e-09
4.25	4.20981e-09
4.248	4.2731e-09
4.246	4.3373e-09
4.244	4.40244e-09
4.242	4.46853e-09
4.24	4.53558e-09
4.238	4.60359e-09
4.236	4.6726e-09
4.234	4.7426e-09
4.232	4.81362e-09
4.23	4.88567e-09
4.228	4.95876e-09
4.226	5.03291e-09
4.224	5.10814e-09
4.222	5.18445e-09
4.22	5.26186e-09
4.218	5.3404e-09
4.216	5.42007e-09
4.214	5.50089e-09
4.212	5.58288e-09
4.21	5.66605e-09
4.208	5.75042e-09
4.206	5.83601e-09
4.204	5.92284e-09
4.202	6.01092e-09
4.2	6.10027e-09
4.198	6.1909e-09
4.196	6.28285e-09
4.194	6.37612e-09
4.192	6.47073e-09
4.19	6.5667e-09
4.188	6.66406e-09
4.186	6.76282e-09
4.184	6.863e-09
4.182	6.96462e-09
4.18	7.0677e-09
4.178	7.17226e-09
4.176	7.27833e-09
4.174	7.38592e-09
4.172	7.49506e-09
4.17	7.60577e-09
4.168	7.71807e-09
4.166	7.83198e-09
4.164	7.94753e-09
4.162	8.06473e-09
4.16	8.18362e-09
4.158	8.30421e-09
4.156	8.42654e-09
4.154	8.55062e-09
4.152	8.67648e-09
4.15	8.80414e-09
4.148	8.93364e-09
4.146	9.06499e-09
4.144	9.19822e-09
4.142	9.33337e-09
4.14	9.47045e-09
4.138	9.60949e-09
4.136	9.75053e-09
4.134	9.89359e-09
4.132	1.00387e-08
4.13	1.01859e-08
4.128	1.03352e-08
4.126	1.04866e-08
4.124	1.06402e-08
4.122	1.0796e-08
4.12	1.0954e-08
4.118	1.11143e-08
4.116	1.12769e-08
4.114	1.14418e-08
4.112	1.16091e-08
4.11	1.17787e-08
4.108	1.19508e-08
4.106	1.21254e-08
4.104	1.23024e-08
4.102	1.2482e-08
4.1	1.26642e-08
4.098	1.28489e-08
4.096	1.30363e-08
4.094	1.32264e-08
4.092	1.34192e-08
4.09	1.36148e-08
4.088	1.38131e-08
4.086	1.40143e-08
4.084	1.42184e-08
4.082	1.44254e-08
4.08	1.46353e-08
4.078	1.48483e-08
4.076	1.50643e-08
4.074	1.52833e-08
4.072	1.55056e-08
4.07	1.5731e-08
4.068	1.59596e-08
4.066	1.61915e-08
4.064	1.64267e-08
4.062	1.66653e-08
4.06	1.69073e-08
4.058	1.71527e-08
4.056	1.74017e-08
4.054	1.76542e-08
4.052	1.79103e-08
4.05	1.81702e-08
4.048	1.84337e-08
4.046	1.8701e-08
4.044	1.89721e-08
4.042	1.92471e-08
4.04	1.95261e-08
4.038	1.9809e-08
4.036	2.0096e-08
4.034	2.03871e-08
4.032	2.06824e-08
4.03	2.09819e-08
4.028	2.12857e-08
4.026	2.15939e-08
4.024	2.19064e-08
4.022	2.22235e-08
4.02	2.25451e-08
4.018	2.28713e-08
4.016	2.32022e-08
4.014	2.35379e-08
4.012	2.38783e-08
4.01	2.42237e-08
4.008	2.4574e-08
4.006	2.49293e-08
4.004	2.52898e-08
4.002	2.56554e-08
4	2.60262e-08
3.998	2.64024e-08
3.996	2.67841e-08
3.994	2.71712e-08
3.992	2.75638e-08
3.99	2.79621e-08
3.988	2.83662e-08
3.986	2.8776e-08
3.984	2.91918e-08
3.982	2.96135e-08
3.98	3.00413e-08
3.978	3.04753e-08
3.976	3.09156e-08
3.974	3.13621e-08
3.972	3.18152e-08
3.97	3.22747e-08
3.968	3.27409e-08
3.966	3.32138e-08
3.964	3.36936e-08
3.962	3.41802e-08
3.96	3.46739e-08
3.958	3.51748e-08
3.956	3.56828e-08
3.954	3.61982e-08
3.952	3.67211e-08
3.95	3.72515e-08
3.948	3.77897e-08
3.946	3.83356e-08
3.944	3.88894e-08
3.942	3.94512e-08
3.94	4.00212e-08
3.938	4.05994e-08
3.936	4.1186e-08
3.934	4.17812e-08
3.932	4.2385e-08
3.93	4.29975e-08
3.928	4.36189e-08
3.926	4.42494e-08
3.924	4.48891e-08
3.922	4.5538e-08
3.92	4.61964e-08
3.918	4.68643e-08
3.916	4.7542e-08
3.914	4.82296e-08
3.912	4.89271e-08
3.91	4.96349e-08
3.908	5.0353e-08
3.906	5.10815e-08
3.904	5.18207e-08
3.902	5.25706e-08
3.9	5.33316e-08
3.898	5.41036e-08
3.896	5.48869e-08
3.894	5.56817e-08
3.892	5.64882e-08
3.89	5.73064e-08
3.888	5.81366e-08
3.886	5.8979e-08
3.884	5.98337e-08
3.882	6.0701e-08
3.88	6.1581e-08
3.878	6.24739e-08
3.876	6.33799e-08
3.874	6.42993e-08
3.872	6.52321e-08
3.87	6.61787e-08
3.868	6.71392e-08
3.866	6.81139e-08
3.864	6.91029e-08
3.862	7.01065e-08
3.86	7.11249e-08
3.858	7.21583e-08
3.856	7.3207e-08
3.854	7.42711e-08
3.852	7.5351e-08
3.85	7.64468e-08
3.848	7.75588e-08
3.846	7.86873e-08
3.844	7.98325e-08
3.842	8.09947e-08
3.84	8.21741e-08
3.838	8.3371e-08
3.836	8.45856e-08
3.834	8.58182e-08
3.832	8.70692e-08
3.83	8.83388e-08
3.828	8.96272e-08
3.826	9.09348e-08
3.824	9.22618e-08
3.822	9.36086e-08
3.82	9.49755e-08
3.818	9.63627e-08
3.816	9.77706e-08
3.814	9.91996e-08
3.812	1.0065e-07
3.81	1.02122e-07
3.808	1.03616e-07
3.806	1.05132e-07
3.804	1.06671e-07
3.802	1.08233e-07
3.8	1.09818e-07
3.798	1.11427e-07
3.796	1.13061e-07
3.794	1.14718e-07
3.792	1.16401e-07
3.79	1.18109e-07
3.788	1.19843e-07
3.786	1.21602e-07
3.784	1.23388e-07
3.782	1.25201e-07
3.78	1.27042e-07
3.778	1.2891e-07
3.776	1.30806e-07
3.774	1.32731e-07
3.772	1.34684e-07
3.77	1.36668e-07
3.768	1.38681e-07
3.766	1.40725e-07
3.764	1.42799e-07
3.762	1.44905e-07
3.76	1.47043e-07
3.758	1.49214e-07
3.756	1.51417e-07
3.754	1.53653e-07
3.752	1.55924e-07
3.75	1.58229e-07
3.748	1.60569e-07
3.746	1.62945e-07
3.744	1.65356e-07
3.742	1.67805e-07
3.74	1.7029e-07
3.738	1.72814e-07
3.736	1.75376e-07
3.734	1.77977e-07
3.732	1.80618e-07
3.73	1.83299e-07
3.728	1.86021e-07
3.726	1.88784e-07
3.724	1.9159e-07
3.722	1.94439e-07
3.72	1.97331e-07
3.718	2.00268e-07
3.716	2.0325e-07
3.714	2.06277e-07
3.712	2.09351e-07
3.71	2.12472e-07
3.708	2.1564e-07
3.706	2.18858e-07
3.704	2.22125e-07
3.702	2.25442e-07
3.7	2.2881e-07
3.698	2.3223e-07
3.696	2.35703e-07
3.694	2.39229e-07
3.692	2.42809e-07
3.69	2.46445e-07
3.688	2.50137e-07
3.686	2.53886e-07
3.684	2.57693e-07
3.682	2.61558e-07
3.68	2.65483e-07
3.678	2.69469e-07
3.676	2.73517e-07
3.674	2.77627e-07
3.672	2.81801e-07
3.67	2.8604e-07
3.668	2.90344e-07
3.666	2.94715e-07
3.664	2.99154e-07
3.662	3.03662e-07
3.66	3.0824e-07
3.658	3.12889e-07
3.656	3.1761e-07
3.654	3.22405e-07
3.652	3.27274e-07
3.65	3.32219e-07
3.648	3.37241e-07
3.646	3.42341e-07
3.644	3.47521e-07
3.642	3.52782e-07
3.64	3.58124e-07
3.638	3.6355e-07
3.636	3.69061e-07
3.634	3.74658e-07
3.632	3.80342e-07
3.63	3.86115e-07
3.628	3.91978e-07
3.626	3.97933e-07
3.624	4.03981e-07
3.622	4.10124e-07
3.62	4.16363e-07
3.618	4.227e-07
3.616	4.29137e-07
3.614	4.35674e-07
3.612	4.42313e-07
3.61	4.49057e-07
3.608	4.55907e-07
3.606	4.62864e-07
3.604	4.6993e-07
3.602	4.77108e-07
3.6	4.84398e-07
3.598	4.91803e-07
3.596	4.99325e-07
3.594	5.06965e-07
3.592	5.14725e-07
3.59	5.22607e-07
3.588	5.30613e-07
3.586	5.38746e-07
3.584	5.47007e-07
3.582	5.55398e-07
3.58	5.63921e-07
3.578	5.72579e-07
3.576	5.81373e-07
3.574	5.90306e-07
3.572	5.9938e-07
3.57	6.08598e-07
3.568	6.17961e-07
3.566	6.27472e-07
3.564	6.37134e-07
3.562	6.46948e-07
3.56	6.56917e-07
3.558	6.67044e-07
3.556	6.77332e-07
3.554	6.87782e-07
3.552	6.98397e-07
3.55	7.09181e-07
3.548	7.20135e-07
3.546	7.31263e-07
3.544	7.42568e-07
3.542	7.54051e-07
3.54	7.65717e-07
3.538	7.77567e-07
3.536	7.89606e-07
3.534	8.01835e-07
3.532	8.14258e-07
3.53	8.26879e-07
3.528	8.397e-07
3.526	8.52724e-07
3.524	8.65955e-07
3.522	8.79397e-07
3.52	8.93052e-07
3.518	9.06923e-07
3.516	9.21015e-07
3.514	9.35331e-07
3.512	9.49875e-07
3.51	9.64649e-07
3.508	9.79659e-07
3.506	9.94907e-07
3.504	1.0104e-06
3.502	1.02613e-06
3.5	1.04212e-06
3.498	1.05836e-06
3.496	1.07486e-06
3.494	1.09163e-06
3.492	1.10866e-06
3.49	1.12596e-06
3.488	1.14353e-06
3.486	1.16139e-06
3.484	1.17953e-06
3.482	1.19796e-06
3.48	1.21668e-06
3.478	1.2357e-06
3.476	1.25502e-06
3.474	1.27465e-06
3.472	1.29459e-06
3.47	1.31485e-06
3.468	1.33544e-06
3.466	1.35635e-06
3.464	1.37759e-06
3.462	1.39918e-06
3.46	1.4211e-06
3.458	1.44338e-06
3.456	1.46601e-06
3.454	1.489e-06
3.452	1.51236e-06
3.45	1.53608e-06
3.448	1.56019e-06
3.446	1.58468e-06
3.444	1.60956e-06
3.442	1.63484e-06
3.44	1.66052e-06
3.438	1.68661e-06
3.436	1.71311e-06
3.434	1.74004e-06
3.432	1.7674e-06
3.43	1.79519e-06
3.428	1.82342e-06
3.426	1.8521e-06
3.424	1.88124e-06
3.422	1.91085e-06
3.42	1.94092e-06
3.418	1.97148e-06
3.416	2.00252e-06
3.414	2.03405e-06
3.412	2.06608e-06
3.41	2.09863e-06
3.408	2.13169e-06
3.406	2.16528e-06
3.404	2.19941e-06
3.402	2.23407e-06
3.4	2.26929e-06
3.398	2.30507e-06
3.396	2.34141e-06
3.394	2.37834e-06
3.392	2.41585e-06
3.39	2.45395e-06
3.388	2.49267e-06
3.386	2.53199e-06
3.384	2.57194e-06
3.382	2.61253e-06
3.38	2.65376e-06
3.378	2.69565e-06
3.376	2.7382e-06
3.374	2.78142e-06
3.372	2.82533e-06
3.37	2.86994e-06
3.368	2.91525e-06
3.366	2.96129e-06
3.364	3.00805e-06
3.362	3.05555e-06
3.36	3.10381e-06
3.358	3.15283e-06
3.356	3.20263e-06
3.354	3.25322e-06
3.352	3.3046e-06
3.35	3.3568e-06
3.348	3.40983e-06
3.346	3.46369e-06
3.344	3.51841e-06
3.342	3.57399e-06
3.34	3.63045e-06
3.338	3.68781e-06
3.336	3.74606e-06
3.334	3.80524e-06
3.332	3.86535e-06
3.33	3.92642e-06
3.328	3.98844e-06
3.326	4.05144e-06
3.324	4.11544e-06
3.322	4.18045e-06
3.32	4.24648e-06
3.318	4.31355e-06
3.316	4.38167e-06
3.314	4.45087e-06
3.312	4.52116e-06
3.31	4.59255e-06
3.308	4.66507e-06
3.306	4.73872e-06
3.304	4.81354e-06
3.302	4.88952e-06
3.3	4.96671e-06
3.298	5.0451e-06
3.296	5.12472e-06
3.294	5.20559e-06
3.292	5.28773e-06
3.29	5.37116e-06
3.288	5.4559e-06
3.286	5.54196e-06
3.284	5.62937e-06
3.282	5.71814e-06
3.28	5.80831e-06
3.278	5.89988e-06
3.276	5.99289e-06
3.274	6.08735e-06
3.272	6.18328e-06
3.27	6.28071e-06
3.268	6.37966e-06
3.266	6.48016e-06
3.264	6.58222e-06
3.262	6.68587e-06
3.26	6.79113e-06
3.258	6.89803e-06
3.256	7.0066e-06
3.254	7.11685e-06
3.252	7.22882e-06
3.25	7.34253e-06
3.248	7.458e-06
3.246	7.57526e-06
3.244	7.69434e-06
3.242	7.81527e-06
3.24	7.93808e-06
3.238	8.06278e-06
3.236	8.18942e-06
3.234	8.31801e-06
3.232	8.4486e-06
3.23	8.5812e-06
3.228	8.71585e-06
3.226	8.85258e-06
3.224	8.99141e-06
3.222	9.13239e-06
3.22	9.27555e-06
3.218	9.4209e-06
3.216	9.5685e-06
3.214	9.71837e-06
3.212	9.87054e-06
3.21	1.0025e-05
3.208	1.01819e-05
3.206	1.03412e-05
3.204	1.0503e-05
3.202	1.06672e-05
3.2	1.08339e-05
3.198	1.10032e-05
3.196	1.11751e-05
3.194	1.13496e-05
3.192	1.15267e-05
3.19	1.17066e-05
3.188	1.18893e-05
3.186	1.20747e-05
3.184	1.22629e-05
3.182	1.2454e-05
3.18	1.2648e-05
3.178	1.2845e-05
3.176	1.3045e-05
3.174	1.3248e-05
3.172	1.34541e-05
3.17	1.36633e-05
3.168	1.38757e-05
3.166	1.40913e-05
3.164	1.43102e-05
3.162	1.45324e-05
3.16	1.47579e-05
3.158	1.49869e-05
3.156	1.52193e-05
3.154	1.54552e-05
3.152	1.56947e-05
3.15	1.59378e-05
3.148	1.61846e-05
3.146	1.6435e-05
3.144	1.66893e-05
3.142	1.69473e-05
3.14	1.72093e-05
3.138	1.74752e-05
3.136	1.7745e-05
3.134	1.80189e-05
3.132	1.82969e-05
3.13	1.85791e-05
3.128	1.88655e-05
3.126	1.91561e-05
3.124	1.94511e-05
3.122	1.97505e-05
3.12	2.00544e-05
3.118	2.03628e-05
3.116	2.06758e-05
3.114	2.09934e-05
3.112	2.13158e-05
3.11	2.16429e-05
3.108	2.19749e-05
3.106	2.23119e-05
3.104	2.26538e-05
3.102	2.30007e-05
3.1	2.33528e-05
3.098	2.37102e-05
3.096	2.40727e-05
3.094	2.44407e-05
3.092	2.4814e-05
3.09	2.51929e-05
3.088	2.55773e-05
3.086	2.59674e-05
3.084	2.63632e-05
3.082	2.67648e-05
3.08	2.71724e-05
3.078	2.75858e-05
3.076	2.80054e-05
3.074	2.84311e-05
3.072	2.8863e-05
3.07	2.93012e-05
3.068	2.97458e-05
3.066	3.01969e-05
3.064	3.06545e-05
3.062	3.11188e-05
3.06	3.15899e-05
3.058	3.20678e-05
3.056	3.25526e-05
3.054	3.30445e-05
3.052	3.35435e-05
3.05	3.40497e-05
3.048	3.45632e-05
3.046	3.50842e-05
3.044	3.56126e-05
3.042	3.61487e-05
3.04	3.66925e-05
3.038	3.72442e-05
3.036	3.78038e-05
3.034	3.83714e-05
3.032	3.89471e-05
3.03	3.95311e-05
3.028	4.01235e-05
3.026	4.07244e-05
3.024	4.13338e-05
3.022	4.19519e-05
3.02	4.25789e-05
3.018	4.32148e-05
3.016	4.38598e-05
3.014	4.45139e-05
3.012	4.51773e-05
3.01	4.58502e-05
3.008	4.65326e-05
3.006	4.72247e-05
3.004	4.79265e-05
3.002	4.86383e-05
3	4.93601e-05
2.998	5.00922e-05
2.996	5.08345e-05
2.994	5.15873e-05
2.992	5.23507e-05
2.99	5.31248e-05
2.988	5.39098e-05
2.986	5.47058e-05
2.984	5.5513e-05
2.982	5.63315e-05
2.98	5.71614e-05
2.978	5.80028e-05
2.976	5.88561e-05
2.974	5.97212e-05
2.972	6.05984e-05
2.97	6.14877e-05
2.968	6.23895e-05
2.966	6.33037e-05
2.964	6.42306e-05
2.962	6.51704e-05
2.96	6.61231e-05
2.958	6.7089e-05
2.956	6.80683e-05
2.954	6.9061e-05
2.952	7.00674e-05
2.95	7.10877e-05
2.948	7.2122e-05
2.946	7.31705e-05
2.944	7.42334e-05
2.942	7.53108e-05
2.94	7.64029e-05
2.938	7.751e-05
2.936	7.86322e-05
2.934	7.97697e-05
2.932	8.09227e-05
2.93	8.20914e-05
2.928	8.32759e-05
2.926	8.44766e-05
2.924	8.56935e-05
2.922	8.69268e-05
2.92	8.81769e-05
2.918	8.94439e-05
2.916	9.07279e-05
2.914	9.20293e-05
2.912	9.33482e-05
2.91	9.46848e-05
2.908	9.60393e-05
2.906	9.74121e-05
2.904	9.88032e-05
2.902	0.000100213
2.9	0.000101642
2.898	0.000103089
2.896	0.000104556
2.894	0.000106043
2.892	0.000107549
2.89	0.000109075
2.888	0.000110622
2.886	0.000112189
2.884	0.000113777
2.882	0.000115385
2.88	0.000117016
2.878	0.000118667
2.876	0.00012034
2.874	0.000122036
2.872	0.000123753
2.87	0.000125493
2.868	0.000127256
2.866	0.000129042
2.864	0.000130852
2.862	0.000132685
2.86	0.000134542
2.858	0.000136423
2.856	0.000138328
2.854	0.000140259
2.852	0.000142214
2.85	0.000144195
2.848	0.000146201
2.846	0.000148233
2.844	0.000150292
2.842	0.000152377
2.84	0.000154489
2.838	0.000156628
2.836	0.000158795
2.834	0.000160989
2.832	0.000163211
2.83	0.000165462
2.828	0.000167742
2.826	0.000170051
2.824	0.000172389
2.822	0.000174757
2.82	0.000177155
2.818	0.000179583
2.816	0.000182043
2.814	0.000184533
2.812	0.000187055
2.81	0.000189608
2.808	0.000192194
2.806	0.000194813
2.804	0.000197464
2.802	0.000200149
2.8	0.000202867
2.798	0.000205619
2.796	0.000208406
2.794	0.000211228
2.792	0.000214085
2.79	0.000216977
2.788	0.000219905
2.786	0.00022287
2.784	0.000225871
2.782	0.00022891
2.78	0.000231986
2.778	0.000235101
2.776	0.000238253
2.774	0.000241445
2.772	0.000244676
2.77	0.000247946
2.768	0.000251256
2.766	0.000254608
2.764	0.000258
2.762	0.000261433
2.76	0.000264909
2.758	0.000268426
2.756	0.000271987
2.754	0.000275591
2.752	0.000279238
2.75	0.00028293
2.748	0.000286666
2.746	0.000290447
2.744	0.000294274
2.742	0.000298148
2.74	0.000302067
2.738	0.000306034
2.736	0.000310048
2.734	0.000314111
2.732	0.000318221
2.73	0.000322381
2.728	0.000326591
2.726	0.000330851
2.724	0.000335161
2.722	0.000339522
2.72	0.000343936
2.718	0.000348401
2.716	0.000352919
2.714	0.000357491
2.712	0.000362116
2.71	0.000366796
2.708	0.00037153
2.706	0.00037632
2.704	0.000381167
2.702	0.00038607
2.7	0.00039103
2.698	0.000396048
2.696	0.000401124
2.694	0.00040626
2.692	0.000411455
2.69	0.00041671
2.688	0.000422026
2.686	0.000427404
2.684	0.000432843
2.682	0.000438346
2.68	0.000443911
2.678	0.000449541
2.676	0.000455235
2.674	0.000460994
2.672	0.000466819
2.67	0.00047271
2.668	0.000478669
2.666	0.000484695
2.664	0.00049079
2.662	0.000496954
2.66	0.000503188
2.658	0.000509493
2.656	0.000515868
2.654	0.000522316
2.652	0.000528836
2.65	0.000535429
2.648	0.000542097
2.646	0.000548839
2.644	0.000555656
2.642	0.00056255
2.64	0.00056952
2.638	0.000576568
2.636	0.000583695
2.634	0.0005909
2.632	0.000598186
2.63	0.000605552
2.628	0.000613
2.626	0.000620529
2.624	0.000628142
2.622	0.000635838
2.62	0.000643619
2.618	0.000651485
2.616	0.000659437
2.614	0.000667476
2.612	0.000675603
2.61	0.000683818
2.608	0.000692123
2.606	0.000700517
2.604	0.000709003
2.602	0.000717581
2.6	0.000726251
2.598	0.000735015
2.596	0.000743873
2.594	0.000752827
2.592	0.000761876
2.59	0.000771023
2.588	0.000780268
2.586	0.000789611
2.584	0.000799054
2.582	0.000808597
2.58	0.000818243
2.578	0.00082799
2.576	0.000837841
2.574	0.000847796
2.572	0.000857856
2.57	0.000868022
2.568	0.000878296
2.566	0.000888677
2.564	0.000899167
2.562	0.000909767
2.56	0.000920479
2.558	0.000931302
2.556	0.000942237
2.554	0.000953287
2.552	0.000964452
2.55	0.000975732
2.548	0.00098713
2.546	0.000998645
2.544	0.00101028
2.542	0.00102203
2.54	0.00103391
2.538	0.0010459
2.536	0.00105802
2.534	0.00107027
2.532	0.00108264
2.53	0.00109513
2.528	0.00110776
2.526	0.00112051
2.524	0.00113339
2.522	0.0011464
2.52	0.00115954
2.518	0.00117282
2.516	0.00118623
2.514	0.00119978
2.512	0.00121346
2.51	0.00122728
2.508	0.00124123
2.506	0.00125533
2.504	0.00126957
2.502	0.00128395
2.5	0.00129847
2.498	0.00131314
2.496	0.00132795
2.494	0.00134291
2.492	0.00135802
2.49	0.00137328
2.488	0.00138868
2.486	0.00140424
2.484	0.00141995
2.482	0.00143582
2.48	0.00145184
2.478	0.00146802
2.476	0.00148435
2.474	0.00150085
2.472	0.0015175
2.47	0.00153432
2.468	0.0015513
2.466	0.00156845
2.464	0.00158576
2.462	0.00160323
2.46	0.00162088
2.458	0.00163869
2.456	0.00165668
2.454	0.00167484
2.452	0.00169317
2.45	0.00171168
2.448	0.00173036
2.446	0.00174922
2.444	0.00176826
2.442	0.00178748
2.44	0.00180689
2.438	0.00182647
2.436	0.00184625
2.434	0.0018662
2.432	0.00188635
2.43	0.00190668
2.428	0.00192721
2.426	0.00194793
2.424	0.00196884
2.422	0.00198994
2.42	0.00201125
2.418	0.00203275
2.416	0.00205445
2.414	0.00207635
2.412	0.00209845
2.41	0.00212076
2.408	0.00214327
2.406	0.002166
2.404	0.00218893
2.402	0.00221207
2.4	0.00223542
2.398	0.00225898
2.396	0.00228276
2.394	0.00230676
2.392	0.00233098
2.39	0.00235541
2.388	0.00238007
2.386	0.00240495
2.384	0.00243005
2.382	0.00245538
2.38	0.00248094
2.378	0.00250673
2.376	0.00253275
2.374	0.00255901
2.372	0.0025855
2.37	0.00261222
2.368	0.00263919
2.366	0.00266639
2.364	0.00269383
2.362	0.00272152
2.36	0.00274946
2.358	0.00277764
2.356	0.00280607
2.354	0.00283475
2.352	0.00286368
2.35	0.00289287
2.348	0.00292231
2.346	0.00295201
2.344	0.00298197
2.342	0.0030122
2.34	0.00304268
2.338	0.00307343
2.336	0.00310445
2.334	0.00313573
2.332	0.00316729
2.33	0.00319912
2.328	0.00323123
2.326	0.00326361
2.324	0.00329627
2.322	0.0033292
2.32	0.00336243
2.318	0.00339593
2.316	0.00342972
2.314	0.0034638
2.312	0.00349818
2.31	0.00353284
2.308	0.00356779
2.306	0.00360305
2.304	0.0036386
2.302	0.00367445
2.3	0.0037106
2.298	0.00374706
2.296	0.00378383
2.294	0.0038209
2.292	0.00385828
2.29	0.00389598
2.288	0.00393399
2.286	0.00397232
2.284	0.00401097
2.282	0.00404993
2.28	0.00408923
2.278	0.00412884
2.276	0.00416879
2.274	0.00420906
2.272	0.00424967
2.27	0.00429061
2.268	0.00433189
2.266	0.0043735
2.264	0.00441546
2.262	0.00445776
2.26	0.00450041
2.258	0.0045434
2.256	0.00458674
2.254	0.00463044
2.252	0.00467449
2.25	0.0047189
2.248	0.00476366
2.246	0.00480879
2.244	0.00485428
2.242	0.00490014
2.24	0.00494637
2.238	0.00499297
2.236	0.00503994
2.234	0.00508728
2.232	0.00513501
2.23	0.00518312
2.228	0.00523161
2.226	0.00528048
2.224	0.00532975
2.222	0.0053794
2.22	0.00542945
2.218	0.00547989
2.216	0.00553073
2.214	0.00558197
2.212	0.00563362
2.21	0.00568567
2.208	0.00573813
2.206	0.005791
2.204	0.00584428
2.202	0.00589798
2.2	0.0059521
2.198	0.00600664
2.196	0.0060616
2.194	0.00611699
2.192	0.00617281
2.19	0.00622907
2.188	0.00628575
2.186	0.00634288
2.184	0.00640044
2.182	0.00645845
2.18	0.0065169
2.178	0.0065758
2.176	0.00663516
2.174	0.00669497
2.172	0.00675523
2.17	0.00681595
2.168	0.00687714
2.166	0.00693879
2.164	0.00700091
2.162	0.0070635
2.16	0.00712657
2.158	0.00719011
2.156	0.00725413
2.154	0.00731864
2.152	0.00738363
2.15	0.00744911
2.148	0.00751508
2.146	0.00758154
2.144	0.0076485
2.142	0.00771597
2.14	0.00778394
2.138	0.00785241
2.136	0.00792139
2.134	0.00799089
2.132	0.0080609
2.13	0.00813144
2.128	0.00820249
2.126	0.00827407
2.124	0.00834618
2.122	0.00841882
2.12	0.008492
2.118	0.00856571
2.116	0.00863996
2.114	0.00871476
2.112	0.00879011
2.11	0.00886601
2.108	0.00894246
2.106	0.00901947
2.104	0.00909704
2.102	0.00917518
2.1	0.00925388
2.098	0.00933316
2.096	0.00941301
2.094	0.00949344
2.092	0.00957444
2.09	0.00965604
2.088	0.00973822
2.086	0.00982099
2.084	0.00990436
2.082	0.00998833
2.08	0.0100729
2.078	0.0101581
2.076	0.0102439
2.074	0.0103302
2.072	0.0104173
2.07	0.0105049
2.068	0.0105932
2.066	0.010682
2.064	0.0107715
2.062	0.0108617
2.06	0.0109525
2.058	0.0110439
2.056	0.011136
2.054	0.0112287
2.052	0.0113221
2.05	0.0114161
2.048	0.0115108
2.046	0.0116062
2.044	0.0117022
2.042	0.0117989
2.04	0.0118963
2.038	0.0119943
2.036	0.0120931
2.034	0.0121925
2.032	0.0122926
2.03	0.0123934
2.028	0.012495
2.026	0.0125972
2.024	0.0127001
2.022	0.0128037
2.02	0.0129081
2.018	0.0130132
2.016	0.013119
2.014	0.0132255
2.012	0.0133328
2.01	0.0134408
2.008	0.0135495
2.006	0.013659
2.004	0.0137692
2.002	0.0138802
2	0.0139919
1.998	0.0141044
1.996	0.0142177
1.994	0.0143317
1.992	0.0144466
1.99	0.0145622
1.988	0.0146785
1.986	0.0147957
1.984	0.0149137
1.982	0.0150324
1.98	0.015152
1.978	0.0152723
1.976	0.0153935
1.974	0.0155155
1.972	0.0156383
1.97	0.0157619
1.968	0.0158864
1.966	0.0160117
1.964	0.0161378
1.962	0.0162648
1.96	0.0163926
1.958	0.0165213
1.956	0.0166508
1.954	0.0167812
1.952	0.0169124
1.95	0.0170446
1.948	0.0171776
1.946	0.0173115
1.944	0.0174462
1.942	0.0175819
1.94	0.0177184
1.938	0.0178559
1.936	0.0179942
1.934	0.0181335
1.932	0.0182737
1.93	0.0184148
1.928	0.0185568
1.926	0.0186998
1.924	0.0188437
1.922	0.0189885
1.92	0.0191343
1.918	0.019281
1.916	0.0194287
1.914	0.0195773
1.912	0.0197269
1.91	0.0198775
1.908	0.0200291
1.906	0.0201816
1.904	0.0203351
1.902	0.0204896
1.9	0.0206451
1.898	0.0208017
1.896	0.0209592
1.894	0.0211177
1.892	0.0212773
1.89	0.0214379
1.888	0.0215995
1.886	0.0217621
1.884	0.0219258
1.882	0.0220905
1.88	0.0222563
1.878	0.0224232
1.876	0.0225911
1.874	0.02276
1.872	0.0229301
1.87	0.0231012
1.868	0.0232734
1.866	0.0234467
1.864	0.0236211
1.862	0.0237966
1.86	0.0239733
1.858	0.024151
1.856	0.0243298
1.854	0.0245098
1.852	0.0246909
1.85	0.0248732
1.848	0.0250565
1.846	0.0252411
1.844	0.0254268
1.842	0.0256136
1.84	0.0258017
1.838	0.0259909
1.836	0.0261812
1.834	0.0263728
1.832	0.0265655
1.83	0.0267595
1.828	0.0269547
1.826	0.027151
1.824	0.0273486
1.822	0.0275474
1.82	0.0277474
1.818	0.0279487
1.816	0.0281512
1.814	0.028355
1.812	0.02856
1.81	0.0287663
1.808	0.0289738
1.806	0.0291826
1.804	0.0293927
1.802	0.0296041
1.8	0.0298167
1.798	0.0300307
1.796	0.030246
1.794	0.0304626
1.792	0.0306805
1.79	0.0308997
1.788	0.0311202
1.786	0.0313421
1.784	0.0315654
1.782	0.0317899
1.78	0.0320159
1.778	0.0322432
1.776	0.0324719
1.774	0.0327019
1.772	0.0329334
1.77	0.0331662
1.768	0.0334004
1.766	0.0336361
1.764	0.0338731
1.762	0.0341116
1.76	0.0343515
1.758	0.0345928
1.756	0.0348355
1.754	0.0350797
1.752	0.0353254
1.75	0.0355725
1.748	0.0358211
1.746	0.0360711
1.744	0.0363226
1.742	0.0365756
1.74	0.0368301
1.738	0.0370861
1.736	0.0373437
1.734	0.0376027
1.732	0.0378632
1.73	0.0381253
1.728	0.0383889
1.726	0.0386541
1.724	0.0389208
1.722	0.039189
1.72	0.0394588
1.718	0.0397302
1.716	0.0400032
1.714	0.0402778
1.712	0.0405539
1.71	0.0408317
1.708	0.041111
1.706	0.041392
1.704	0.0416746
1.702	0.0419588
1.7	0.0422446
1.698	0.0425321
1.696	0.0428212
1.694	0.043112
1.692	0.0434045
1.69	0.0436986
1.688	0.0439944
1.686	0.0442919
1.684	0.0445911
1.682	0.044892
1.68	0.0451946
1.678	0.0454989
1.676	0.0458049
1.674	0.0461127
1.672	0.0464222
1.67	0.0467334
1.668	0.0470464
1.666	0.0473612
1.664	0.0476777
1.662	0.047996
1.66	0.048316
1.658	0.0486379
1.656	0.0489616
1.654	0.049287
1.652	0.0496143
1.65	0.0499433
1.648	0.0502743
1.646	0.050607
1.644	0.0509416
1.642	0.051278
1.64	0.0516163
1.638	0.0519564
1.636	0.0522984
1.634	0.0526423
1.632	0.052988
1.63	0.0533357
1.628	0.0536852
1.626	0.0540367
1.624	0.05439
1.622	0.0547453
1.62	0.0551025
1.618	0.0554617
1.616	0.0558227
1.614	0.0561858
1.612	0.0565508
1.61	0.0569177
1.608	0.0572866
1.606	0.0576575
1.604	0.0580304
1.602	0.0584053
1.6	0.0587821
1.598	0.059161
1.596	0.0595419
1.594	0.0599248
1.592	0.0603097
1.59	0.0606967
1.588	0.0610857
1.586	0.0614767
1.584	0.0618698
1.582	0.062265
1.58	0.0626622
1.578	0.0630615
1.576	0.0634629
1.574	0.0638664
1.572	0.064272
1.57	0.0646797
1.568	0.0650894
1.566	0.0655014
1.564	0.0659154
1.562	0.0663315
1.56	0.0667498
1.558	0.0671703
1.556	0.0675929
1.554	0.0680176
1.552	0.0684445
1.55	0.0688736
1.548	0.0693048
1.546	0.0697383
1.544	0.0701739
1.542	0.0706117
1.54	0.0710518
1.538	0.071494
1.536	0.0719384
1.534	0.0723851
1.532	0.072834
1.53	0.0732851
1.528	0.0737385
1.526	0.0741941
1.524	0.074652
1.522	0.0751121
1.52	0.0755745
1.518	0.0760391
1.516	0.0765061
1.514	0.0769753
1.512	0.0774468
1.51	0.0779206
1.508	0.0783967
1.506	0.0788751
1.504	0.0793558
1.502	0.0798388
1.5	0.0803241
1.498	0.0808118
1.496	0.0813018
1.494	0.0817942
1.492	0.0822888
1.49	0.0827859
1.488	0.0832853
1.486	0.083787
1.484	0.0842911
1.482	0.0847976
1.48	0.0853064
1.478	0.0858176
1.476	0.0863312
1.474	0.0868472
1.472	0.0873656
1.47	0.0878864
1.468	0.0884096
1.466	0.0889351
1.464	0.0894631
1.462	0.0899936
1.46	0.0905264
1.458	0.0910616
1.456	0.0915993
1.454	0.0921394
1.452	0.092682
1.45	0.0932269
1.448	0.0937744
1.446	0.0943242
1.444	0.0948765
1.442	0.0954313
1.44	0.0959885
1.438	0.0965482
1.436	0.0971104
1.434	0.097675
1.432	0.0982421
1.43	0.0988116
1.428	0.0993836
1.426	0.0999582
1.424	0.100535
1.422	0.101115
1.42	0.101697
1.418	0.102281
1.416	0.102868
1.414	0.103457
1.412	0.104049
1.41	0.104644
1.408	0.105241
1.406	0.10584
1.404	0.106442
1.402	0.107046
1.4	0.107653
1.398	0.108263
1.396	0.108875
1.394	0.109489
1.392	0.110106
1.39	0.110726
1.388	0.111348
1.386	0.111972
1.384	0.112599
1.382	0.113229
1.38	0.113861
1.378	0.114495
1.376	0.115133
1.374	0.115772
1.372	0.116414
1.37	0.117059
1.368	0.117706
1.366	0.118356
1.364	0.119008
1.362	0.119663
1.36	0.12032
1.358	0.12098
1.356	0.121642
1.354	0.122307
1.352	0.122974
1.35	0.123644
1.348	0.124316
1.346	0.124991
1.344	0.125668
1.342	0.126348
1.34	0.12703
1.338	0.127715
1.336	0.128402
1.334	0.129092
1.332	0.129784
1.33	0.130479
1.328	0.131176
1.326	0.131876
1.324	0.132578
1.322	0.133283
1.32	0.13399
1.318	0.1347
1.316	0.135412
1.314	0.136126
1.312	0.136843
1.31	0.137563
1.308	0.138285
1.306	0.139009
1.304	0.139736
1.302	0.140465
1.3	0.141197
1.298	0.141931
1.296	0.142667
1.294	0.143406
1.292	0.144147
1.29	0.144891
1.288	0.145637
1.286	0.146386
1.284	0.147137
1.282	0.14789
1.28	0.148646
1.278	0.149404
1.276	0.150164
1.274	0.150927
1.272	0.151692
1.27	0.152459
1.268	0.153229
1.266	0.154001
1.264	0.154775
1.262	0.155552
1.26	0.156331
1.258	0.157112
1.256	0.157896
1.254	0.158681
1.252	0.15947
1.25	0.16026
1.248	0.161052
1.246	0.161847
1.244	0.162644
1.242	0.163444
1.24	0.164245
1.238	0.165049
1.236	0.165854
1.234	0.166662
1.232	0.167473
1.23	0.168285
1.228	0.1691
1.226	0.169916
1.224	0.170735
1.222	0.171556
1.22	0.172379
1.218	0.173204
1.216	0.174031
1.214	0.17486
1.212	0.175691
1.21	0.176525
1.208	0.17736
1.206	0.178197
1.204	0.179036
1.202	0.179878
1.2	0.180721
1.198	0.181566
1.196	0.182413
1.194	0.183263
1.192	0.184114
1.19	0.184967
1.188	0.185821
1.186	0.186678
1.184	0.187537
1.182	0.188397
1.18	0.189259
1.178	0.190123
1.176	0.190989
1.174	0.191857
1.172	0.192726
1.17	0.193597
1.168	0.19447
1.166	0.195345
1.164	0.196221
1.162	0.197099
1.16	0.197979
1.158	0.19886
1.156	0.199743
1.154	0.200628
1.152	0.201514
1.15	0.202402
1.148	0.203291
1.146	0.204182
1.144	0.205075
1.142	0.205969
1.14	0.206864
1.138	0.207761
1.136	0.20866
1.134	0.209559
1.132	0.210461
1.13	0.211363
1.128	0.212267
1.126	0.213173
1.124	0.214079
1.122	0.214987
1.12	0.215897
1.118	0.216807
1.116	0.217719
1.114	0.218632
1.112	0.219547
1.11	0.220462
1.108	0.221379
1.106	0.222297
1.104	0.223216
1.102	0.224136
1.1	0.225057
1.098	0.225979
1.096	0.226902
1.094	0.227827
1.092	0.228752
1.09	0.229678
1.088	0.230606
1.086	0.231534
1.084	0.232463
1.082	0.233393
1.08	0.234324
1.078	0.235255
1.076	0.236188
1.074	0.237121
1.072	0.238055
1.07	0.23899
1.068	0.239925
1.066	0.240862
1.064	0.241798
1.062	0.242736
1.06	0.243674
1.058	0.244613
1.056	0.245552
1.054	0.246492
1.052	0.247432
1.05	0.248373
1.048	0.249315
1.046	0.250256
1.044	0.251199
1.042	0.252141
1.04	0.253084
1.038	0.254027
1.036	0.254971
1.034	0.255915
1.032	0.256859
1.03	0.257803
1.028	0.258748
1.026	0.259693
1.024	0.260638
1.022	0.261583
1.02	0.262528
1.018	0.263473
1.016	0.264419
1.014	0.265364
1.012	0.266309
1.01	0.267254
1.008	0.2682
1.006	0.269145
1.004	0.27009
1.002	0.271035
1	0.271979
0.998	0.272924
0.996	0.273868
0.994	0.274812
0.992	0.275756
0.99	0.276699
0.988	0.277642
0.986	0.278585
0.984	0.279527
0.982	0.280469
0.98	0.28141
0.978	0.282351
0.976	0.283292
0.974	0.284231
0.972	0.285171
0.97	0.286109
0.968	0.287047
0.966	0.287985
0.964	0.288921
0.962	0.289857
0.96	0.290792
0.958	0.291727
0.956	0.29266
0.954	0.293593
0.952	0.294525
0.95	0.295456
0.948	0.296386
0.946	0.297315
0.944	0.298243
0.942	0.29917
0.94	0.300096
0.938	0.301021
0.936	0.301945
0.934	0.302868
0.932	0.30379
0.93	0.30471
0.928	0.305629
0.926	0.306547
0.924	0.307464
0.922	0.308379
0.92	0.309293
0.918	0.310205
0.916	0.311117
0.914	0.312026
0.912	0.312935
0.91	0.313841
0.908	0.314747
0.906	0.31565
0.904	0.316552
0.902	0.317453
0.9	0.318352
0.898	0.319249
0.896	0.320144
0.894	0.321038
0.892	0.32193
0.89	0.32282
0.888	0.323709
0.886	0.324595
0.884	0.32548
0.882	0.326362
0.88	0.327243
0.878	0.328122
0.876	0.328999
0.874	0.329873
0.872	0.330746
0.87	0.331617
0.868	0.332485
0.866	0.333352
0.864	0.334216
0.862	0.335078
0.86	0.335937
0.858	0.336795
0.856	0.33765
0.854	0.338503
0.852	0.339353
0.85	0.340201
0.848	0.341047
0.846	0.34189
0.844	0.342731
0.842	0.343569
0.84	0.344405
0.838	0.345238
0.836	0.346069
0.834	0.346897
0.832	0.347722
0.83	0.348545
0.828	0.349365
0.826	0.350182
0.824	0.350997
0.822	0.351808
0.82	0.352617
0.818	0.353423
0.816	0.354227
0.814	0.355027
0.812	0.355824
0.81	0.356619
0.808	0.357411
0.806	0.358199
0.804	0.358985
0.802	0.359767
0.8	0.360546
0.798	0.361323
0.796	0.362096
0.794	0.362866
0.792	0.363633
0.79	0.364396
0.788	0.365157
0.786	0.365914
0.784	0.366668
0.782	0.367418
0.78	0.368165
0.778	0.368909
0.776	0.36965
0.774	0.370387
0.772	0.37112
0.77	0.37185
0.768	0.372577
0.766	0.3733
0.764	0.37402
0.762	0.374736
0.76	0.375448
0.758	0.376157
0.756	0.376863
0.754	0.377564
0.752	0.378262
0.75	0.378956
0.748	0.379647
0.746	0.380334
0.744	0.381017
0.742	0.381696
0.74	0.382371
0.738	0.383043
0.736	0.383711
0.734	0.384375
0.732	0.385035
0.73	0.385691
0.728	0.386343
0.726	0.386991
0.724	0.387636
0.722	0.388276
0.72	0.388912
0.718	0.389544
0.716	0.390172
0.714	0.390797
0.712	0.391417
0.71	0.392032
0.708	0.392644
0.706	0.393252
0.704	0.393855
0.702	0.394455
0.7	0.39505
0.698	0.39564
0.696	0.396227
0.694	0.396809
0.692	0.397388
0.69	0.397961
0.688	0.398531
0.686	0.399096
0.684	0.399657
0.682	0.400213
0.68	0.400766
0.678	0.401313
0.676	0.401857
0.674	0.402396
0.672	0.40293
0.67	0.40346
0.668	0.403986
0.666	0.404507
0.664	0.405024
0.662	0.405536
0.66	0.406044
0.658	0.406547
0.656	0.407046
0.654	0.40754
0.652	0.408029
0.65	0.408514
0.648	0.408995
0.646	0.409471
0.644	0.409942
0.642	0.410408
0.64	0.41087
0.638	0.411328
0.636	0.411781
0.634	0.412229
0.632	0.412672
0.63	0.413111
0.628	0.413545
0.626	0.413974
0.624	0.414399
0.622	0.414819
0.62	0.415234
0.618	0.415645
0.616	0.416051
0.614	0.416452
0.612	0.416849
0.61	0.41724
0.608	0.417627
0.606	0.418009
0.604	0.418387
0.602	0.41876
0.6	0.419128
0.598	0.419491
0.596	0.419849
0.594	0.420203
0.592	0.420552
0.59	0.420896
0.588	0.421235
0.586	0.42157
0.584	0.421899
0.582	0.422224
0.58	0.422545
0.578	0.42286
0.576	0.423171
0.574	0.423477
0.572	0.423778
0.57	0.424074
0.568	0.424365
0.566	0.424652
0.564	0.424934
0.562	0.425211
0.56	0.425484
0.558	0.425751
0.556	0.426014
0.554	0.426272
0.552	0.426526
0.55	0.426774
0.548	0.427018
0.546	0.427257
0.544	0.427492
0.542	0.427721
0.54	0.427946
0.538	0.428166
0.536	0.428382
0.534	0.428592
0.532	0.428798
0.53	0.429
0.528	0.429196
0.526	0.429388
0.524	0.429576
0.522	0.429758
0.52	0.429936
0.518	0.43011
0.516	0.430278
0.514	0.430442
0.512	0.430602
0.51	0.430757
0.508	0.430907
0.506	0.431053
0.504	0.431194
0.502	0.431331
0.5	0.431463
0.498	0.43159
0.496	0.431713
0.494	0.431832
0.492	0.431946
0.49	0.432055
0.488	0.432161
0.486	0.432261
0.484	0.432358
0.482	0.432449
0.48	0.432537
0.478	0.43262
0.476	0.432699
0.474	0.432773
0.472	0.432843
0.47	0.432909
0.468	0.432971
0.466	0.433028
0.464	0.433081
0.462	0.43313
0.46	0.433175
0.458	0.433215
0.456	0.433252
0.454	0.433284
0.452	0.433312
0.45	0.433336
0.448	0.433356
0.446	0.433372
0.444	0.433383
0.442	0.433391
0.44	0.433395
0.438	0.433395
0.436	0.433391
0.434	0.433383
0.432	0.433371
0.43	0.433356
0.428	0.433336
0.426	0.433313
0.424	0.433286
0.422	0.433255
0.42	0.433221
0.418	0.433182
0.416	0.43314
0.414	0.433095
0.412	0.433046
0.41	0.432993
0.408	0.432937
0.406	0.432877
0.404	0.432814
0.402	0.432747
0.4	0.432677
0.398	0.432604
0.396	0.432527
0.394	0.432446
0.392	0.432363
0.39	0.432276
0.388	0.432186
0.386	0.432093
0.384	0.431996
0.382	0.431897
0.38	0.431794
0.378	0.431689
0.376	0.43158
0.374	0.431468
0.372	0.431353
0.37	0.431236
0.368	0.431115
0.366	0.430992
0.364	0.430865
0.362	0.430736
0.36	0.430604
0.358	0.43047
0.356	0.430333
0.354	0.430193
0.352	0.43005
0.35	0.429905
0.348	0.429758
0.346	0.429608
0.344	0.429455
0.342	0.4293
0.34	0.429143
0.338	0.428983
0.336	0.428821
0.334	0.428657
0.332	0.428491
0.33	0.428322
0.328	0.428151
0.326	0.427978
0.324	0.427803
0.322	0.427627
0.32	0.427448
0.318	0.427267
0.316	0.427084
0.314	0.426899
0.312	0.426713
0.31	0.426525
0.308	0.426335
0.306	0.426143
0.304	0.42595
0.302	0.425755
0.3	0.425558
0.298	0.42536
0.296	0.425161
0.294	0.42496
0.292	0.424758
0.29	0.424554
0.288	0.424349
0.286	0.424143
0.284	0.423935
0.282	0.423727
0.28	0.423517
0.278	0.423306
0.276	0.423094
0.274	0.422881
0.272	0.422667
0.27	0.422452
0.268	0.422237
0.266	0.42202
0.264	0.421803
0.262	0.421585
0.26	0.421366
0.258	0.421147
0.256	0.420927
0.254	0.420706
0.252	0.420485
0.25	0.420263
0.248	0.420041
0.246	0.419819
0.244	0.419596
0.242	0.419373
0.24	0.419149
0.238	0.418926
0.236	0.418702
0.234	0.418478
0.232	0.418254
0.23	0.41803
0.228	0.417806
0.226	0.417582
0.224	0.417358
0.222	0.417134
0.22	0.416911
0.218	0.416687
0.216	0.416464
0.214	0.416241
0.212	0.416018
0.21	0.415796
0.208	0.415575
0.206	0.415353
0.204	0.415133
0.202	0.414912
0.2	0.414693
0.198	0.414474
0.196	0.414256
0.194	0.414038
0.192	0.413821
0.19	0.413605
0.188	0.41339
0.186	0.413176
0.184	0.412962
0.182	0.41275
0.18	0.412538
0.178	0.412328
0.176	0.412119
0.174	0.41191
0.172	0.411703
0.17	0.411498
0.168	0.411293
0.166	0.41109
0.164	0.410888
0.162	0.410687
0.16	0.410488
0.158	0.41029
0.156	0.410093
0.154	0.409898
0.152	0.409705
0.15	0.409513
0.148	0.409323
0.146	0.409134
0.144	0.408948
0.142	0.408762
0.14	0.408579
0.138	0.408397
0.136	0.408217
0.134	0.408039
0.132	0.407863
0.13	0.407689
0.128	0.407517
0.126	0.407346
0.124	0.407178
0.122	0.407012
0.12	0.406847
0.118	0.406685
0.116	0.406525
0.114	0.406367
0.112	0.406212
0.11	0.406058
0.108	0.405907
0.106	0.405758
0.104	0.405611
0.102	0.405467
0.1	0.405325
0.098	0.405185
0.096	0.405048
0.094	0.404913
0.092	0.404781
0.09	0.404651
0.088	0.404524
0.086	0.404399
0.084	0.404276
0.082	0.404157
0.08	0.404039
0.078	0.403925
0.076	0.403813
0.074	0.403704
0.072	0.403597
0.07	0.403493
0.068	0.403392
0.066	0.403293
0.064	0.403198
0.062	0.403105
0.06	0.403014
0.058	0.402927
0.056	0.402842
0.054	0.402761
0.052	0.402682
0.05	0.402606
0.048	0.402532
0.046	0.402462
0.044	0.402395
0.042	0.40233
0.04	0.402269
0.038	0.40221
0.036	0.402154
0.034	0.402102
0.032	0.402052
0.03	0.402005
0.028	0.401961
0.026	0.40192
0.024	0.401882
0.022	0.401848
0.02	0.401816
0.018	0.401787
0.016	0.401761
0.014	0.401738
0.012	0.401719
0.01	0.401702
0.008	0.401688
0.006	0.401678
0.004	0.40167
0.002	0.401665
0	0.401664
-0.002	0.401665
-0.004	0.40167
-0.006	0.401678
-0.008	0.401688
-0.01	0.401702
-0.012	0.401719
-0.014	0.401738
-0.016	0.401761
-0.018	0.401787
-0.02	0.401816
-0.022	0.401848
-0.024	0.401882
-0.026	0.40192
-0.028	0.401961
-0.03	0.402005
-0.032	0.402052
-0.034	0.402102
-0.036	0.402154
-0.038	0.40221
-0.04	0.402269
-0.042	0.40233
-0.044	0.402395
-0.046	0.402462
-0.048	0.402532
-0.05	0.402606
-0.052	0.402682
-0.054	0.402761
-0.056	0.402842
-0.058	0.402927
-0.06	0.403014
-0.062	0.403105
-0.064	0.403198
-0.066	0.403293
-0.068	0.403392
-0.07	0.403493
-0.072	0.403597
-0.074	0.403704
-0.076	0.403813
-0.078	0.403925
-0.08	0.404039
-0.082	0.404157
-0.084	0.404276
-0.086	0.404399
-0.088	0.404524
-0.09	0.404651
-0.092	0.404781
-0.094	0.404913
-0.096	0.405048
-0.098	0.405185
-0.1	0.405325
-0.102	0.405467
-0.104	0.405611
-0.106	0.405758
-0.108	0.405907
-0.11	0.406058
-0.112	0.406212
-0.114	0.406367
-0.116	0.406525
-0.118	0.406685
-0.12	0.406847
-0.122	0.407012
-0.124	0.407178
-0.126	0.407346
-0.128	0.407517
-0.13	0.407689
-0.132	0.407863
-0.134	0.408039
-0.136	0.408217
-0.138	0.408397
-0.14	0.408579
-0.142	0.408762
-0.144	0.408948
-0.146	0.409134
-0.148	0.409323
-0.15	0.409513
-0.152	0.409705
-0.154	0.409898
-0.156	0.410093
-0.158	0.41029
-0.16	0.410488
-0.162	0.410687
-0.164	0.410888
-0.166	0.41109
-0.168	0.411293
-0.17	0.411498
-0.172	0.411703
-0.174	0.41191
-0.176	0.412119
-0.178	0.412328
-0.18	0.412538
-0.182	0.41275
-0.184	0.412962
-0.186	0.413176
-0.188	0.41339
-0.19	0.413605
-0.192	0.413821
-0.194	0.414038
-0.196	0.414256
-0.198	0.414474
-0.2	0.414693
-0.202	0.414912
-0.204	0.415133
-0.206	0.415353
-0.208	0.415575
-0.21	0.415796
-0.212	0.416018
-0.214	0.416241
-0.216	0.416464
-0.218	0.416687
-0.22	0.416911
-0.222	0.417134
-0.224	0.417358
-0.226	0.417582
-0.228	0.417806
-0.23	0.41803
-0.232	0.418254
-0.234	0.418478
-0.236	0.418702
-0.238	0.418926
-0.24	0.419149
-0.242	0.419373
-0.244	0.419596
-0.246	0.419819
-0.248	0.420041
-0.25	0.420263
-0.252	0.420485
-0.254	0.420706
-0.256	0.420927
-0.258	0.421147
-0.26	0.421366
-0.262	0.421585
-0.264	0.421803
-0.266	0.42202
-0.268	0.422237
-0.27	0.422452
-0.272	0.422667
-0.274	0.422881
-0.276	0.423094
-0.278	0.423306
-0.28	0.423517
-0.282	0.423727
-0.284	0.423935
-0.286	0.424143
-0.288	0.424349
-0.29	0.424554
-0.292	0.424758
-0.294	0.42496
-0.296	0.425161
-0.298	0.42536
-0.3	0.425558
-0.302	0.425755
-0.304	0.42595
-0.306	0.426143
-0.308	0.426335
-0.31	0.426525
-0.312	0.426713
-0.314	0.426899
-0.316	0.427084
-0.318	0.427267
-0.32	0.427448
-0.322	0.427627
-0.324	0.427803
-0.326	0.427978
-0.328	0.428151
-0.33	0.428322
-0.332	0.428491
-0.334	0.428657
-0.336	0.428821
-0.338	0.428983
-0.34	0.429143
-0.342	0.4293
-0.344	0.429455
-0.346	0.429608
-0.348	0.429758
-0.35	0.429905
-0.352	0.43005
-0.354	0.430193
-0.356	0.430333
-0.358	0.43047
-0.36	0.430604
-0.362	0.430736
-0.364	0.430865
-0.366	0.430992
-0.368	0.431115
-0.37	0.431236
-0.372	0.431353
-0.374	0.431468
-0.376	0.43158
-0.378	0.431689
-0.38	0.431794
-0.382	0.431897
-0.384	0.431996
-0.386	0.432093
-0.388	0.432186
-0.39	0.432276
-0.392	0.432363
-0.394	0.432446
-0.396	0.432527
-0.398	0.432604
-0.4	0.432677
-0.402	0.432747
-0.404	0.432814
-0.406	0.432877
-0.408	0.432937
-0.41	0.432993
-0.412	0.433046
-0.414	0.433095
-0.416	0.43314
-0.418	0.433182
-0.42	0.433221
-0.422	0.433255
-0.424	0.433286
-0.426	0.433313
-0.428	0.433336
-0.43	0.433356
-0.432	0.433371
-0.434	0.433383
-0.436	0.433391
-0.438	0.433395
-0.44	0.433395
-0.442	0.433391
-0.444	0.433383
-0.446	0.433372
-0.448	0.433356
-0.45	0.433336
-0.452	0.433312
-0.454	0.433284
-0.456	0.433252
-0.458	0.433215
-0.46	0.433175
-0.462	0.43313
-0.464	0.433081
-0.466	0.433028
-0.468	0.432971
-0.47	0.432909
-0.472	0.432843
-0.474	0.432773
-0.476	0.432699
-0.478	0.43262
-0.48	0.432537
-0.482	0.432449
-0.484	0.432358
-0.486	0.432261
-0.488	0.432161
-0.49	0.432055
-0.492	0.431946
-0.494	0.431832
-0.496	0.431713
-0.498	0.43159
-0.5	0.431463
-0.502	0.431331
-0.504	0.431194
-0.506	0.431053
-0.508	0.430907
-0.51	0.430757
-0.512	0.430602
-0.514	0.430442
-0.516	0.430278
-0.518	0.43011
-0.52	0.429936
-0.522	0.429758
-0.524	0.429576
-0.526	0.429388
-0.528	0.429196
-0.53	0.429
-0.532	0.428798
-0.534	0.428592
-0.536	0.428382
-0.538	0.428166
-0.54	0.427946
-0.542	0.427721
-0.544	0.427492
-0.546	0.427257
-0.548	0.427018
-0.55	0.426774
-0.552	0.426526
-0.554	0.426272
-0.556	0.426014
-0.558	0.425751
-0.56	0.425484
-0.562	0.425211
-0.564	0.424934
-0.566	0.424652
-0.568	0.424365
-0.57	0.424074
-0.572	0.423778
-0.574	0.423477
-0.576	0.423171
-0.578	0.42286
-0.58	0.422545
-0.582	0.422224
-0.584	0.421899
-0.586	0.42157
-0.588	0.421235
-0.59	0.420896
-0.592	0.420552
-0.594	0.420203
-0.596	0.419849
-0.598	0.419491
-0.6	0.419128
-0.602	0.41876
-0.604	0.418387
-0.606	0.418009
-0.608	0.417627
-0.61	0.41724
-0.612	0.416849
-0.614	0.416452
-0.616	0.416051
-0.618	0.415645
-0.62	0.415234
-0.622	0.414819
-0.624	0.414399
-0.626	0.413974
-0.628	0.413545
-0.63	0.413111
-0.632	0.412672
-0.634	0.412229
-0.636	0.411781
-0.638	0.411328
-0.64	0.41087
-0.642	0.410408
-0.644	0.409942
-0.646	0.409471
-0.648	0.408995
-0.65	0.408514
-0.652	0.408029
-0.654	0.40754
-0.656	0.407046
-0.658	0.406547
-0.66	0.406044
-0.662	0.405536
-0.664	0.405024
-0.666	0.404507
-0.668	0.403986
-0.67	0.40346
-0.672	0.40293
-0.674	0.402396
-0.676	0.401857
-0.678	0.401313
-0.68	0.400766
-0.682	0.400213
-0.684	0.399657
-0.686	0.399096
-0.688	0.398531
-0.69	0.397961
-0.692	0.397388
-0.694	0.396809
-0.696	0.396227
-0.698	0.39564
-0.7	0.39505
-0.702	0.394455
-0.704	0.393855
-0.706	0.393252
-0.708	0.392644
-0.71	0.392032
-0.712	0.391417
-0.714	0.390797
-0.716	0.390172
-0.718	0.389544
-0.72	0.388912
-0.722	0.388276
-0.724	0.387636
-0.726	0.386991
-0.728	0.386343
-0.73	0.385691
-0.732	0.385035
-0.734	0.384375
-0.736	0.383711
-0.738	0.383043
-0.74	0.382371
-0.742	0.381696
-0.744	0.381017
-0.746	0.380334
-0.748	0.379647
-0.75	0.378956
-0.752	0.378262
-0.754	0.377564
-0.756	0.376863
-0.758	0.376157
-0.76	0.375448
-0.762	0.374736
-0.764	0.37402
-0.766	0.3733
-0.768	0.372577
-0.77	0.37185
-0.772	0.37112
-0.774	0.370387
-0.776	0.36965
-0.778	0.368909
-0.78	0.368165
-0.782	0.367418
-0.784	0.366668
-0.786	0.365914
-0.788	0.365157
-0.79	0.364396
-0.792	0.363633
-0.794	0.362866
-0.796	0.362096
-0.798	0.361323
-0.8	0.360546
-0.802	0.359767
-0.804	0.358985
-0.806	0.358199
-0.808	0.357411
-0.81	0.356619
-0.812	0.355824
-0.814	0.355027
-0.816	0.354227
-0.818	0.353423
-0.82	0.352617
-0.822	0.351808
-0.824	0.350997
-0.826	0.350182
-0.828	0.349365
-0.83	0.348545
-0.832	0.347722
-0.834	0.346897
-0.836	0.346069
-0.838	0.345238
-0.84	0.344405
-0.842	0.343569
-0.844	0.342731
-0.846	0.34189
-0.848	0.341047
-0.85	0.340201
-0.852	0.339353
-0.854	0.338503
-0.856	0.33765
-0.858	0.336795
-0.86	0.335937
-0.862	0.335078
-0.864	0.334216
-0.866	0.333352
-0.868	0.332485
-0.87	0.331617
-0.872	0.330746
-0.874	0.329873
-0.876	0.328999
-0.878	0.328122
-0.88	0.327243
-0.882	0.326362
-0.884	0.32548
-0.886	0.324595
-0.888	0.323709
-0.89	0.32282
-0.892	0.32193
-0.894	0.321038
-0.896	0.320144
-0.898	0.319249
-0.9	0.318352
-0.902	0.317453
-0.904	0.316552
-0.906	0.31565
-0.908	0.314747
-0.91	0.313841
-0.912	0.312935
-0.914	0.312026
-0.916	0.311117
-0.918	0.310205
-0.92	0.309293
-0.922	0.308379
-0.924	0.307464
-0.926	0.306547
-0.928	0.305629
-0.93	0.30471
-0.932	0.30379
-0.934	0.302868
-0.936	0.301945
-0.938	0.301021
-0.94	0.300096
-0.942	0.29917
-0.944	0.298243
-0.946	0.297315
-0.948	0.296386
-0.95	0.295456
-0.952	0.294525
-0.954	0.293593
-0.956	0.29266
-0.958	0.291727
-0.96	0.290792
-0.962	0.289857
-0.964	0.288921
-0.966	0.287985
-0.968	0.287047
-0.97	0.286109
-0.972	0.285171
-0.974	0.284231
-0.976	0.283292
-0.978	0.282351
-0.98	0.28141
-0.982	0.280469
-0.984	0.279527
-0.986	0.278585
-0.988	0.277642
-0.99	0.276699
-0.992	0.275756
-0.994	0.274812
-0.996	0.273868
-0.998	0.272924
-1	0.271979
-1.002	0.271035
-1.004	0.27009
-1.006	0.269145
-1.008	0.2682
-1.01	0.267254
-1.012	0.266309
-1.014	0.265364
-1.016	0.264419
-1.018	0.263473
-1.02	0.262528
-1.022	0.261583
-1.024	0.260638
-1.026	0.259693
-1.028	0.258748
-1.03	0.257803
-1.032	0.256859
-1.034	0.255915
-1.036	0.254971
-1.038	0.254027
-1.04	0.253084
-1.042	0.252141
-1.044	0.251199
-1.046	0.250256
-1.048	0.249315
-1.05	0.248373
-1.052	0.247432
-1.054	0.246492
-1.056	0.245552
-1.058	0.244613
-1.06	0.243674
-1.062	0.242736
-1.064	0.241798
-1.066	0.240862
-1.068	0.239925
-1.07	0.23899
-1.072	0.238055
-1.074	0.237121
-1.076	0.236188
-1.078	0.235255
-1.08	0.234324
-1.082	0.233393
-1.084	0.232463
-1.086	0.231534
-1.088	0.230606
-1.09	0.229678
-1.092	0.228752
-1.094	0.227827
-1.096	0.226902
-1.098	0.225979
-1.1	0.225057
-1.102	0.224136
-1.104	0.223216
-1.106	0.222297
-1.108	0.221379
-1.11	0.220462
-1.112	0.219547
-1.114	0.218632
-1.116	0.217719
-1.118	0.216807
-1.12	0.215897
-1.122	0.214987
-1.124	0.214079
-1.126	0.213173
-1.128	0.212267
-1.13	0.211363
-1.132	0.210461
-1.134	0.209559
-1.136	0.20866
-1.138	0.207761
-1.14	0.206864
-1.142	0.205969
-1.144	0.205075
-1.146	0.204182
-1.148	0.203291
-1.15	0.202402
-1.152	0.201514
-1.154	0.200628
-1.156	0.199743
-1.158	0.19886
-1.16	0.197979
-1.162	0.197099
-1.164	0.196221
-1.166	0.195345
-1.168	0.19447
-1.17	0.193597
-1.172	0.192726
-1.174	0.191857
-1.176	0.190989
-1.178	0.190123
-1.18	0.189259
-1.182	0.188397
-1.184	0.187537
-1.186	0.186678
-1.188	0.185821
-1.19	0.184967
-1.192	0.184114
-1.194	0.183263
-1.196	0.182413
-1.198	0.181566
-1.2	0.180721
-1.202	0.179878
-1.204	0.179036
-1.206	0.178197
-1.208	0.17736
-1.21	0.176525
-1.212	0.175691
-1.214	0.17486
-1.216	0.174031
-1.218	0.173204
-1.22	0.172379
-1.222	0.171556
-1.224	0.170735
-1.226	0.169916
-1.228	0.1691
-1.23	0.168285
-1.232	0.167473
-1.234	0.166662
-1.236	0.165854
-1.238	0.165049
-1.24	0.164245
-1.242	0.163444
-1.244	0.162644
-1.246	0.161847
-1.248	0.161052
-1.25	0.16026
-1.252	0.15947
-1.254	0.158681
-1.256	0.157896
-1.258	0.157112
-1.26	0.156331
-1.262	0.155552
-1.264	0.154775
-1.266	0.154001
-1.268	0.153229
-1.27	0.152459
-1.272	0.151692
-1.274	0.150927
-1.276	0.150164
-1.278	0.149404
-1.28	0.148646
-1.282	0.14789
-1.284	0.147137
-1.286	0.146386
-1.288	0.145637
-1.29	0.144891
-1.292	0.144147
-1.294	0.143406
-1.296	0.142667
-1.298	0.141931
-1.3	0.141197
-1.302	0.140465
-1.304	0.139736
-1.306	0.139009
-1.308	0.138285
-1.31	0.137563
-1.312	0.136843
-1.314	0.136126
-1.316	0.135412
-1.318	0.1347
-1.32	0.13399
-1.322	0.133283
-1.324	0.132578
-1.326	0.131876
-1.328	0.131176
-1.33	0.130479
-1.332	0.129784
-1.334	0.129092
-1.336	0.128402
-1.338	0.127715
-1.34	0.12703
-1.342	0.126348
-1.344	0.125668
-1.346	0.124991
-1.348	0.124316
-1.35	0.123644
-1.352	0.122974
-1.354	0.122307
-1.356	0.121642
-1.358	0.12098
-1.36	0.12032
-1.362	0.119663
-1.364	0.119008
-1.366	0.118356
-1.368	0.117706
-1.37	0.117059
-1.372	0.116414
-1.374	0.115772
-1.376	0.115133
-1.378	0.114495
-1.38	0.113861
-1.382	0.113229
-1.384	0.112599
-1.386	0.111972
-1.388	0.111348
-1.39	0.110726
-1.392	0.110106
-1.394	0.109489
-1.396	0.108875
-1.398	0.108263
-1.4	0.107653
-1.402	0.107046
-1.404	0.106442
-1.406	0.10584
-1.408	0.105241
-1.41	0.104644
-1.412	0.104049
-1.414	0.103457
-1.416	0.102868
-1.418	0.102281
-1.42	0.101697
-1.422	0.101115
-1.424	0.100535
-1.426	0.0999582
-1.428	0.0993836
-1.43	0.0988116
-1.432	0.0982421
-1.434	0.097675
-1.436	0.0971104
-1.438	0.0965482
-1.44	0.0959885
-1.442	0.0954313
-1.444	0.0948765
-1.446	0.0943242
-1.448	0.0937744
-1.45	0.0932269
-1.452	0.092682
-1.454	0.0921394
-1.456	0.0915993
-1.458	0.0910616
-1.46	0.0905264
-1.462	0.0899936
-1.464	0.0894631
-1.466	0.0889351
-1.468	0.0884096
-1.47	0.0878864
-1.472	0.0873656
-1.474	0.0868472
-1.476	0.0863312
-1.478	0.0858176
-1.48	0.0853064
-1.482	0.0847976
-1.484	0.0842911
-1.486	0.083787
-1.488	0.0832853
-1.49	0.0827859
-1.492	0.0822888
-1.494	0.0817942
-1.496	0.0813018
-1.498	0.0808118
-1.5	0.0803241
-1.502	0.0798388
-1.504	0.0793558
-1.506	0.0788751
-1.508	0.0783967
-1.51	0.0779206
-1.512	0.0774468
-1.514	0.0769753
-1.516	0.0765061
-1.518	0.0760391
-1.52	0.0755745
-1.522	0.0751121
-1.524	0.074652
-1.526	0.0741941
-1.528	0.0737385
-1.53	0.0732851
-1.532	0.072834
-1.534	0.0723851
-1.536	0.0719384
-1.538	0.071494
-1.54	0.0710518
-1.542	0.0706117
-1.544	0.0701739
-1.546	0.0697383
-1.548	0.0693048
-1.55	0.0688736
-1.552	0.0684445
-1.554	0.0680176
-1.556	0.0675929
-1.558	0.0671703
-1.56	0.0667498
-1.562	0.0663315
-1.564	0.0659154
-1.566	0.0655014
-1.568	0.0650894
-1.57	0.0646797
-1.572	0.064272
-1.574	0.0638664
-1.576	0.0634629
-1.578	0.0630615
-1.58	0.0626622
-1.582	0.062265
-1.584	0.0618698
-1.586	0.0614767
-1.588	0.0610857
-1.59	0.0606967
-1.592	0.0603097
-1.594	0.0599248
-1.596	0.0595419
-1.598	0.059161
-1.6	0.0587821
-1.602	0.0584053
-1.604	0.0580304
-1.606	0.0576575
-1.608	0.0572866
-1.61	0.0569177
-1.612	0.0565508
-1.614	0.0561858
-1.616	0.0558227
-1.618	0.0554617
-1.62	0.0551025
-1.622	0.0547453
-1.624	0.05439
-1.626	0.0540367
-1.628	0.0536852
-1.63	0.0533357
-1.632	0.052988
-1.634	0.0526423
-1.636	0.0522984
-1.638	0.0519564
-1.64	0.0516163
-1.642	0.051278
-1.644	0.0509416
-1.646	0.050607
-1.648	0.0502743
-1.65	0.0499433
-1.652	0.0496143
-1.654	0.049287
-1.656	0.0489616
-1.658	0.0486379
-1.66	0.048316
-1.662	0.047996
-1.664	0.0476777
-1.666	0.0473612
-1.668	0.0470464
-1.67	0.0467334
-1.672	0.0464222
-1.674	0.0461127
-1.676	0.0458049
-1.678	0.0454989
-1.68	0.0451946
-1.682	0.044892
-1.684	0.0445911
-1.686	0.0442919
-1.688	0.0439944
-1.69	0.0436986
-1.692	0.0434045
-1.694	0.043112
-1.696	0.0428212
-1.698	0.0425321
-1.7	0.0422446
-1.702	0.0419588
-1.704	0.0416746
-1.706	0.041392
-1.708	0.041111
-1.71	0.0408317
-1.712	0.0405539
-1.714	0.0402778
-1.716	0.0400032
-1.718	0.0397302
-1.72	0.0394588
-1.722	0.039189
-1.724	0.0389208
-1.726	0.0386541
-1.728	0.0383889
-1.73	0.0381253
-1.732	0.0378632
-1.734	0.0376027
-1.736	0.0373437
-1.738	0.0370861
-1.74	0.0368301
-1.742	0.0365756
-1.744	0.0363226
-1.746	0.0360711
-1.748	0.0358211
-1.75	0.0355725
-1.752	0.0353254
-1.754	0.0350797
-1.756	0.0348355
-1.758	0.0345928
-1.76	0.0343515
-1.762	0.0341116
-1.764	0.0338731
-1.766	0.0336361
-1.768	0.0334004
-1.77	0.0331662
-1.772	0.0329334
-1.774	0.0327019
-1.776	0.0324719
-1.778	0.0322432
-1.78	0.0320159
-1.782	0.0317899
-1.784	0.0315654
-1.786	0.0313421
-1.788	0.0311202
-1.79	0.0308997
-1.792	0.0306805
-1.794	0.0304626
-1.796	0.030246
-1.798	0.0300307
-1.8	0.0298167
-1.802	0.0296041
-1.804	0.0293927
-1.806	0.0291826
-1.808	0.0289738
-1.81	0.0287663
-1.812	0.02856
-1.814	0.028355
-1.816	0.0281512
-1.818	0.0279487
-1.82	0.0277474
-1.822	0.0275474
-1.824	0.0273486
-1.826	0.027151
-1.828	0.0269547
-1.83	0.0267595
-1.832	0.0265655
-1.834	0.0263728
-1.836	0.0261812
-1.838	0.0259909
-1.84	0.0258017
-1.842	0.0256136
-1.844	0.0254268
-1.846	0.0252411
-1.848	0.0250565
-1.85	0.0248732
-1.852	0.0246909
-1.854	0.0245098
-1.856	0.0243298
-1.858	0.024151
-1.86	0.0239733
-1.862	0.0237966
-1.864	0.0236211
-1.866	0.0234467
-1.868	0.0232734
-1.87	0.0231012
-1.872	0.0229301
-1.874	0.02276
-1.876	0.0225911
-1.878	0.0224232
-1.88	0.0222563
-1.882	0.0220905
-1.884	0.0219258
-1.886	0.0217621
-1.888	0.0215995
-1.89	0.0214379
-1.892	0.0212773
-1.894	0.0211177
-1.896	0.0209592
-1.898	0.0208017
-1.9	0.0206451
-1.902	0.0204896
-1.904	0.0203351
-1.906	0.0201816
-1.908	0.0200291
-1.91	0.0198775
-1.912	0.0197269
-1.914	0.0195773
-1.916	0.0194287
-1.918	0.019281
-1.92	0.0191343
-1.922	0.0189885
-1.924	0.0188437
-1.926	0.0186998
-1.928	0.0185568
-1.93	0.0184148
-1.932	0.0182737
-1.934	0.0181335
-1.936	0.0179942
-1.938	0.0178559
-1.94	0.0177184
-1.942	0.0175819
-1.944	0.0174462
-1.946	0.0173115
-1.948	0.0171776
-1.95	0.0170446
-1.952	0.0169124
-1.954	0.0167812
-1.956	0.0166508
-1.958	0.0165213
-1.96	0.0163926
-1.962	0.0162648
-1.964	0.0161378
-1.966	0.0160117
-1.968	0.0158864
-1.97	0.0157619
-1.972	0.0156383
-1.974	0.0155155
-1.976	0.0153935
-1.978	0.0152723
-1.98	0.015152
-1.982	0.0150324
-1.984	0.0149137
-1.986	0.0147957
-1.988	0.0146785
-1.99	0.0145622
-1.992	0.0144466
-1.994	0.0143317
-1.996	0.0142177
-1.998	0.0141044
-2	0.0139919
-2.002	0.0138802
-2.004	0.0137692
-2.006	0.013659
-2.008	0.0135495
-2.01	0.0134408
-2.012	0.0133328
-2.014	0.0132255
-2.016	0.013119
-2.018	0.0130132
-2.02	0.0129081
-2.022	0.0128037
-2.024	0.0127001
-2.026	0.0125972
-2.028	0.012495
-2.03	0.0123934
-2.032	0.0122926
-2.034	0.0121925
-2.036	0.0120931
-2.038	0.0119943
-2.04	0.0118963
-2.042	0.0117989
-2.044	0.0117022
-2.046	0.0116062
-2.048	0.0115108
-2.05	0.0114161
-2.052	0.0113221
-2.054	0.0112287
-2.056	0.011136
-2.058	0.0110439
-2.06	0.0109525
-2.062	0.0108617
-2.064	0.0107715
-2.066	0.010682
-2.068	0.0105932
-2.07	0.0105049
-2.072	0.0104173
-2.074	0.0103302
-2.076	0.0102439
-2.078	0.0101581
-2.08	0.0100729
-2.082	0.00998833
-2.084	0.00990436
-2.086	0.00982099
-2.088	0.00973822
-2.09	0.00965604
-2.092	0.00957444
-2.094	0.00949344
-2.096	0.00941301
-2.098	0.00933316
-2.1	0.00925388
-2.102	0.00917518
-2.104	0.00909704
-2.106	0.00901947
-2.108	0.00894246
-2.11	0.00886601
-2.112	0.00879011
-2.114	0.00871476
-2.116	0.00863996
-2.118	0.00856571
-2.12	0.008492
-2.122	0.00841882
-2.124	0.00834618
-2.126	0.00827407
-2.128	0.00820249
-2.13	0.00813144
-2.132	0.0080609
-2.134	0.00799089
-2.136	0.00792139
-2.138	0.00785241
-2.14	0.00778394
-2.142	0.00771597
-2.144	0.0076485
-2.146	0.00758154
-2.148	0.00751508
-2.15	0.00744911
-2.152	0.00738363
-2.154	0.00731864
-2.156	0.00725413
-2.158	0.00719011
-2.16	0.00712657
-2.162	0.0070635
-2.164	0.00700091
-2.166	0.00693879
-2.168	0.00687714
-2.17	0.00681595
-2.172	0.00675523
-2.174	0.00669497
-2.176	0.00663516
-2.178	0.0065758
-2.18	0.0065169
-2.182	0.00645845
-2.184	0.00640044
-2.186	0.00634288
-2.188	0.00628575
-2.19	0.00622907
-2.192	0.00617281
-2.194	0.00611699
-2.196	0.0060616
-2.198	0.00600664
-2.2	0.0059521
-2.202	0.00589798
-2.204	0.00584428
-2.206	0.005791
-2.208	0.00573813
-2.21	0.00568567
-2.212	0.00563362
-2.214	0.00558197
-2.216	0.00553073
-2.218	0.00547989
-2.22	0.00542945
-2.222	0.0053794
-2.224	0.00532975
-2.226	0.00528048
-2.228	0.00523161
-2.23	0.00518312
-2.232	0.00513501
-2.234	0.00508728
-2.236	0.00503994
-2.238	0.00499297
-2.24	0.00494637
-2.242	0.00490014
-2.244	0.00485428
-2.246	0.00480879
-2.248	0.00476366
-2.25	0.0047189
-2.252	0.00467449
-2.254	0.00463044
-2.256	0.00458674
-2.258	0.0045434
-2.26	0.00450041
-2.262	0.00445776
-2.264	0.00441546
-2.266	0.0043735
-2.268	0.00433189
-2.27	0.00429061
-2.272	0.00424967
-2.274	0.00420906
-2.276	0.00416879
-2.278	0.00412884
-2.28	0.00408923
-2.282	0.00404993
-2.284	0.00401097
-2.286	0.00397232
-2.288	0.00393399
-2.29	0.00389598
-2.292	0.00385828
-2.294	0.0038209
-2.296	0.00378383
-2.298	0.00374706
-2.3	0.0037106
-2.302	0.00367445
-2.304	0.0036386
-2.306	0.00360305
-2.308	0.00356779
-2.31	0.00353284
-2.312	0.00349818
-2.314	0.0034638
-2.316	0.00342972
-2.318	0.00339593
-2.32	0.00336243
-2.322	0.0033292
-2.324	0.00329627
-2.326	0.00326361
-2.328	0.00323123
-2.33	0.00319912
-2.332	0.00316729
-2.334	0.00313573
-2.336	0.00310445
-2.338	0.00307343
-2.34	0.00304268
-2.342	0.0030122
-2.344	0.00298197
-2.346	0.00295201
-2.348	0.00292231
-2.35	0.00289287
-2.352	0.00286368
-2.354	0.00283475
-2.356	0.00280607
-2.358	0.00277764
-2.36	0.00274946
-2.362	0.00272152
-2.364	0.00269383
-2.366	0.00266639
-2.368	0.00263919
-2.37	0.00261222
-2.372	0.0025855
-2.374	0.00255901
-2.376	0.00253275
-2.378	0.00250673
-2.38	0.00248094
-2.382	0.00245538
-2.384	0.00243005
-2.386	0.00240495
-2.388	0.00238007
-2.39	0.00235541
-2.392	0.00233098
-2.394	0.00230676
-2.396	0.00228276
-2.398	0.00225898
-2.4	0.00223542
-2.402	0.00221207
-2.404	0.00218893
-2.406	0.002166
-2.408	0.00214327
-2.41	0.00212076
-2.412	0.00209845
-2.414	0.00207635
-2.416	0.00205445
-2.418	0.00203275
-2.42	0.00201125
-2.422	0.00198994
-2.424	0.00196884
-2.426	0.00194793
-2.428	0.00192721
-2.43	0.00190668
-2.432	0.00188635
-2.434	0.0018662
-2.436	0.00184625
-2.438	0.00182647
-2.44	0.00180689
-2.442	0.00178748
-2.444	0.00176826
-2.446	0.00174922
-2.448	0.00173036
-2.45	0.00171168
-2.452	0.00169317
-2.454	0.00167484
-2.456	0.00165668
-2.458	0.00163869
-2.46	0.00162088
-2.462	0.00160323
-2.464	0.00158576
-2.466	0.00156845
-2.468	0.0015513
-2.47	0.00153432
-2.472	0.0015175
-2.474	0.00150085
-2.476	0.00148435
-2.478	0.00146802
-2.48	0.00145184
-2.482	0.00143582
-2.484	0.00141995
-2.486	0.00140424
-2.488	0.00138868
-2.49	0.00137328
-2.492	0.00135802
-2.494	0.00134291
-2.496	0.00132795
-2.498	0.00131314
-2.5	0.00129847
-2.502	0.00128395
-2.504	0.00126957
-2.506	0.00125533
-2.508	0.00124123
-2.51	0.00122728
-2.512	0.00121346
-2.514	0.00119978
-2.516	0.00118623
-2.518	0.00117282
-2.52	0.00115954
-2.522	0.0011464
-2.524	0.00113339
-2.526	0.00112051
-2.528	0.00110776
-2.53	0.00109513
-2.532	0.00108264
-2.534	0.00107027
-2.536	0.00105802
-2.538	0.0010459
-2.54	0.00103391
-2.542	0.00102203
-2.544	0.00101028
-2.546	0.000998645
-2.548	0.00098713
-2.55	0.000975732
-2.552	0.000964452
-2.554	0.000953287
-2.556	0.000942237
-2.558	0.000931302
-2.56	0.000920479
-2.562	0.000909767
-2.564	0.000899167
-2.566	0.000888677
-2.568	0.000878296
-2.57	0.000868022
-2.572	0.000857856
-2.574	0.000847796
-2.576	0.000837841
-2.578	0.00082799
-2.58	0.000818243
-2.582	0.000808597
-2.584	0.000799054
-2.586	0.000789611
-2.588	0.000780268
-2.59	0.000771023
-2.592	0.000761876
-2.594	0.000752827
-2.596	0.000743873
-2.598	0.000735015
-2.6	0.000726251
-2.602	0.000717581
-2.604	0.000709003
-2.606	0.000700517
-2.608	0.000692123
-2.61	0.000683818
-2.612	0.000675603
-2.614	0.000667476
-2.616	0.000659437
-2.618	0.000651485
-2.62	0.000643619
-2.622	0.000635838
-2.624	0.000628142
-2.626	0.000620529
-2.628	0.000613
-2.63	0.000605552
-2.632	0.000598186
-2.634	0.0005909
-2.636	0.000583695
-2.638	0.000576568
-2.64	0.00056952
-2.642	0.00056255
-2.644	0.000555656
-2.646	0.000548839
-2.648	0.000542097
-2.65	0.000535429
-2.652	0.000528836
-2.654	0.000522316
-2.656	0.000515868
-2.658	0.000509493
-2.66	0.000503188
-2.662	0.000496954
-2.664	0.00049079
-2.666	0.000484695
-2.668	0.000478669
-2.67	0.00047271
-2.672	0.000466819
-2.674	0.000460994
-2.676	0.000455235
-2.678	0.000449541
-2.68	0.000443911
-2.682	0.000438346
-2.684	0.000432843
-2.686	0.000427404
-2.688	0.000422026
-2.69	0.00041671
-2.692	0.000411455
-2.694	0.00040626
-2.696	0.000401124
-2.698	0.000396048
-2.7	0.00039103
-2.702	0.00038607
-2.704	0.000381167
-2.706	0.00037632
-2.708	0.00037153
-2.71	0.000366796
-2.712	0.000362116
-2.714	0.000357491
-2.716	0.000352919
-2.718	0.000348401
-2.72	0.000343936
-2.722	0.000339522
-2.724	0.000335161
-2.726	0.000330851
-2.728	0.000326591
-2.73	0.000322381
-2.732	0.000318221
-2.734	0.000314111
-2.736	0.000310048
-2.738	0.000306034
-2.74	0.000302067
-2.742	0.000298148
-2.744	0.000294274
-2.746	0.000290447
-2.748	0.000286666
-2.75	0.00028293
-2.752	0.000279238
-2.754	0.000275591
-2.756	0.000271987
-2.758	0.000268426
-2.76	0.000264909
-2.762	0.000261433
-2.764	0.000258
-2.766	0.000254608
-2.768	0.000251256
-2.77	0.000247946
-2.772	0.000244676
-2.774	0.000241445
-2.776	0.000238253
-2.778	0.000235101
-2.78	0.000231986
-2.782	0.00022891
-2.784	0.000225871
-2.786	0.00022287
-2.788	0.000219905
-2.79	0.000216977
-2.792	0.000214085
-2.794	0.000211228
-2.796	0.000208406
-2.798	0.000205619
-2.8	0.000202867
-2.802	0.000200149
-2.804	0.000197464
-2.806	0.000194813
-2.808	0.000192194
-2.81	0.000189608
-2.812	0.000187055
-2.814	0.000184533
-2.816	0.000182043
-2.818	0.000179583
-2.82	0.000177155
-2.822	0.000174757
-2.824	0.000172389
-2.826	0.000170051
-2.828	0.000167742
-2.83	0.000165462
-2.832	0.000163211
-2.834	0.000160989
-2.836	0.000158795
-2.838	0.000156628
-2.84	0.000154489
-2.842	0.000152377
-2.844	0.000150292
-2.846	0.000148233
-2.848	0.000146201
-2.85	0.000144195
-2.852	0.000142214
-2.854	0.000140259
-2.856	0.000138328
-2.858	0.000136423
-2.86	0.000134542
-2.862	0.000132685
-2.864	0.000130852
-2.866	0.000129042
-2.868	0.000127256
-2.87	0.000125493
-2.872	0.000123753
-2.874	0.000122036
-2.876	0.00012034
-2.878	0.000118667
-2.88	0.000117016
-2.882	0.000115385
-2.884	0.000113777
-2.886	0.000112189
-2.888	0.000110622
-2.89	0.000109075
-2.892	0.000107549
-2.894	0.000106043
-2.896	0.000104556
-2.898	0.000103089
-2.9	0.000101642
-2.902	0.000100213
-2.904	9.88032e-05
-2.906	9.74121e-05
-2.908	9.60393e-05
-2.91	9.46848e-05
-2.912	9.33482e-05
-2.914	9.20293e-05
-2.916	9.07279e-05
-2.918	8.94439e-05
-2.92	8.81769e-05
-2.922	8.69268e-05
-2.924	8.56935e-05
-2.926	8.44766e-05
-2.928	8.32759e-05
-2.93	8.20914e-05
-2.932	8.09227e-05
-2.934	7.97697e-05
-2.936	7.86322e-05
-2.938	7.751e-05
-2.94	7.64029e-05
-2.942	7.53108e-05
-2.944	7.42334e-05
-2.946	7.31705e-05
-2.948	7.2122e-05
-2.95	7.10877e-05
-2.952	7.00674e-05
-2.954	6.9061e-05
-2.956	6.80683e-05
-2.958	6.7089e-05
-2.96	6.61231e-05
-2.962	6.51704e-05
-2.964	6.42306e-05
-2.966	6.33037e-05
-2.968	6.23895e-05
-2.97	6.14877e-05
-2.972	6.05984e-05
-2.974	5.97212e-05
-2.976	5.88561e-05
-2.978	5.80028e-05
-2.98	5.71614e-05
-2.982	5.63315e-05
-2.984	5.5513e-05
-2.986	5.47058e-05
-2.988	5.39098e-05
-2.99	5.31248e-05
-2.992	5.23507e-05
-2.994	5.15873e-05
-2.996	5.08345e-05
-2.998	5.00922e-05
-3	4.93601e-05
-3.002	4.86383e-05
-3.004	4.79265e-05
-3.006	4.72247e-05
-3.008	4.65326e-05
-3.01	4.58502e-05
-3.012	4.51773e-05
-3.014	4.45139e-05
-3.016	4.38598e-05
-3.018	4.32148e-05
-3.02	4.25789e-05
-3.022	4.19519e-05
-3.024	4.13338e-05
-3.026	4.07244e-05
-3.028	4.01235e-05
-3.03	3.95311e-05
-3.032	3.89471e-05
-3.034	3.83714e-05
-3.036	3.78038e-05
-3.038	3.72442e-05
-3.04	3.66925e-05
-3.042	3.61487e-05
-3.044	3.56126e-05
-3.046	3.50842e-05
-3.048	3.45632e-05
-3.05	3.40497e-05
-3.052	3.35435e-05
-3.054	3.30445e-05
-3.056	3.25526e-05
-3.058	3.20678e-05
-3.06	3.15899e-05
-3.062	3.11188e-05
-3.064	3.06545e-05
-3.066	3.01969e-05
-3.068	2.97458e-05
-3.07	2.93012e-05
-3.072	2.8863e-05
-3.074	2.84311e-05
-3.076	2.80054e-05
-3.078	2.75858e-05
-3.08	2.71724e-05
-3.082	2.67648e-05
-3.084	2.63632e-05
-3.086	2.59674e-05
-3.088	2.55773e-05
-3.09	2.51929e-05
-3.092	2.4814e-05
-3.094	2.44407e-05
-3.096	2.40727e-05
-3.098	2.37102e-05
-3.1	2.33528e-05
-3.102	2.30007e-05
-3.104	2.26538e-05
-3.106	2.23119e-05
-3.108	2.19749e-05
-3.11	2.16429e-05
-3.112	2.13158e-05
-3.114	2.09934e-05
-3.116	2.06758e-05
-3.118	2.03628e-05
-3.12	2.00544e-05
-3.122	1.97505e-05
-3.124	1.94511e-05
-3.126	1.91561e-05
-3.128	1.88655e-05
-3.13	1.85791e-05
-3.132	1.82969e-05
-3.134	1.80189e-05
-3.136	1.7745e-05
-3.138	1.74752e-05
-3.14	1.72093e-05
-3.142	1.69473e-05
-3.144	1.66893e-05
-3.146	1.6435e-05
-3.148	1.61846e-05
-3.15	1.59378e-05
-3.152	1.56947e-05
-3.154	1.54552e-05
-3.156	1.52193e-05
-3.158	1.49869e-05
-3.16	1.47579e-05
-3.162	1.45324e-05
-3.164	1.43102e-05
-3.166	1.40913e-05
-3.168	1.38757e-05
-3.17	1.36633e-05
-3.172	1.34541e-05
-3.174	1.3248e-05
-3.176	1.3045e-05
-3.178	1.2845e-05
-3.18	1.2648e-05
-3.182	1.2454e-05
-3.184	1.22629e-05
-3.186	1.20747e-05
-3.188	1.18893e-05
-3.19	1.17066e-05
-3.192	1.15267e-05
-3.194	1.13496e-05
-3.196	1.11751e-05
-3.198	1.10032e-05
-3.2	1.08339e-05
-3.202	1.06672e-05
-3.204	1.0503e-05
-3.206	1.03412e-05
-3.208	1.01819e-05
-3.21	1.0025e-05
-3.212	9.87054e-06
-3.214	9.71837e-06
-3.216	9.5685e-06
-3.218	9.4209e-06
-3.22	9.27555e-06
-3.222	9.13239e-06
-3.224	8.99141e-06
-3.226	8.85258e-06
-3.228	8.71585e-06
-3.23	8.5812e-06
-3.232	8.4486e-06
-3.234	8.31801e-06
-3.236	8.18942e-06
-3.238	8.06278e-06
-3.24	7.93808e-06
-3.242	7.81527e-06
-3.244	7.69434e-06
-3.246	7.57526e-06
-3.248	7.458e-06
-3.25	7.34253e-06
-3.252	7.22882e-06
-3.254	7.11685e-06
-3.256	7.0066e-06
-3.258	6.89803e-06
-3.26	6.79113e-06
-3.262	6.68587e-06
-3.264	6.58222e-06
-3.266	6.48016e-06
-3.268	6.37966e-06
-3.27	6.28071e-06
-3.272	6.18328e-06
-3.274	6.08735e-06
-3.276	5.99289e-06
-3.278	5.89988e-06
-3.28	5.80831e-06
-3.282	5.71814e-06
-3.284	5.62937e-06
-3.286	5.54196e-06
-3.288	5.4559e-06
-3.29	5.37116e-06
-3.292	5.28773e-06
-3.294	5.20559e-06
-3.296	5.12472e-06
-3.298	5.0451e-06
-3.3	4.96671e-06
-3.302	4.88952e-06
-3.304	4.81354e-06
-3.306	4.73872e-06
-3.308	4.66507e-06
-3.31	4.59255e-06
-3.312	4.52116e-06
-3.314	4.45087e-06
-3.316	4.38167e-06
-3.318	4.31355e-06
-3.32	4.24648e-06
-3.322	4.18045e-06
-3.324	4.11544e-06
-3.326	4.05144e-06
-3.328	3.98844e-06
-3.33	3.92642e-06
-3.332	3.86535e-06
-3.334	3.80524e-06
-3.336	3.74606e-06
-3.338	3.68781e-06
-3.34	3.63045e-06
-3.342	3.57399e-06
-3.344	3.51841e-06
-3.346	3.46369e-06
-3.348	3.40983e-06
-3.35	3.3568e-06
-3.352	3.3046e-06
-3.354	3.25322e-06
-3.356	3.20263e-06
-3.358	3.15283e-06
-3.36	3.10381e-06
-3.362	3.05555e-06
-3.364	3.00805e-06
-3.366	2.96129e-06
-3.368	2.91525e-06
-3.37	2.86994e-06
-3.372	2.82533e-06
-3.374	2.78142e-06
-3.376	2.7382e-06
-3.378	2.69565e-06
-3.38	2.65376e-06
-3.382	2.61253e-06
-3.384	2.57194e-06
-3.386	2.53199e-06
-3.388	2.49267e-06
-3.39	2.45395e-06
-3.392	2.41585e-06
-3.394	2.37834e-06
-3.396	2.34141e-06
-3.398	2.30507e-06
-3.4	2.26929e-06
-3.402	2.23407e-06
-3.404	2.19941e-06
-3.406	2.16528e-06
-3.408	2.13169e-06
-3.41	2.09863e-06
-3.412	2.06608e-06
-3.414	2.03405e-06
-3.416	2.00252e-06
-3.418	1.97148e-06
-3.42	1.94092e-06
-3.422	1.91085e-06
-3.424	1.88124e-06
-3.426	1.8521e-06
-3.428	1.82342e-06
-3.43	1.79519e-06
-3.432	1.7674e-06
-3.434	1.74004e-06
-3.436	1.71311e-06
-3.438	1.68661e-06
-3.44	1.66052e-06
-3.442	1.63484e-06
-3.444	1.60956e-06
-3.446	1.58468e-06
-3.448	1.56019e-06
-3.45	1.53608e-06
-3.452	1.51236e-06
-3.454	1.489e-06
-3.456	1.46601e-06
-3.458	1.44338e-06
-3.46	1.4211e-06
-3.462	1.39918e-06
-3.464	1.37759e-06
-3.466	1.35635e-06
-3.468	1.33544e-06
-3.47	1.31485e-06
-3.472	1.29459e-06
-3.474	1.27465e-06
-3.476	1.25502e-06
-3.478	1.2357e-06
-3.48	1.21668e-06
-3.482	1.19796e-06
-3.484	1.17953e-06
-3.486	1.16139e-06
-3.488	1.14353e-06
-3.49	1.12596e-06
-3.492	1.10866e-06
-3.494	1.09163e-06
-3.496	1.07486e-06
-3.498	1.05836e-06
-3.5	1.04212e-06
-3.502	1.02613e-06
-3.504	1.0104e-06
-3.506	9.94907e-07
-3.508	9.79659e-07
-3.51	9.64649e-07
-3.512	9.49875e-07
-3.514	9.35331e-07
-3.516	9.21015e-07
-3.518	9.06923e-07
-3.52	8.93052e-07
-3.522	8.79397e-07
-3.524	8.65955e-07
-3.526	8.52724e-07
-3.528	8.397e-07
-3.53	8.26879e-07
-3.532	8.14258e-07
-3.534	8.01835e-07
-3.536	7.89606e-07
-3.538	7.77567e-07
-3.54	7.65717e-07
-3.542	7.54051e-07
-3.544	7.42568e-07
-3.546	7.31263e-07
-3.548	7.20135e-07
-3.55	7.09181e-07
-3.552	6.98397e-07
-3.554	6.87782e-07
-3.556	6.77332e-07
-3.558	6.67044e-07
-3.56	6.56917e-07
-3.562	6.46948e-07
-3.564	6.37134e-07
-3.566	6.27472e-07
-3.568	6.17961e-07
-3.57	6.08598e-07
-3.572	5.9938e-07
-3.574	5.90306e-07
-3.576	5.81373e-07
-3.578	5.72579e-07
-3.58	5.63921e-07
-3.582	5.55398e-07
-3.584	5.47007e-07
-3.586	5.38746e-07
-3.588	5.30613e-07
-3.59	5.22607e-07
-3.592	5.14725e-07
-3.594	5.06965e-07
-3.596	4.99325e-07
-3.598	4.91803e-07
-3.6	4.84398e-07
-3.602	4.77108e-07
-3.604	4.6993e-07
-3.606	4.62864e-07
-3.608	4.55907e-07
-3.61	4.49057e-07
-3.612	4.42313e-07
-3.614	4.35674e-07
-3.616	4.29137e-07
-3.618	4.227e-07
-3.62	4.16363e-07
-3.622	4.10124e-07
-3.624	4.03981e-07
-3.626	3.97933e-07
-3.628	3.91978e-07
-3.63	3.86115e-07
-3.632	3.80342e-07
-3.634	3.74658e-07
-3.636	3.69061e-07
-3.638	3.6355e-07
-3.64	3.58124e-07
-3.642	3.52782e-07
-3.644	3.47521e-07
-3.646	3.42341e-07
-3.648	3.37241e-07
-3.65	3.32219e-07
-3.652	3.27274e-07
-3.654	3.22405e-07
-3.656	3.1761e-07
-3.658	3.12889e-07
-3.66	3.0824e-07
-3.662	3.03662e-07
-3.664	2.99154e-07
-3.666	2.94715e-07
-3.668	2.90344e-07
-3.67	2.8604e-07
-3.672	2.81801e-07
-3.674	2.77627e-07
-3.676	2.73517e-07
-3.678	2.69469e-07
-3.68	2.65483e-07
-3.682	2.61558e-07
-3.684	2.57693e-07
-3.686	2.53886e-07
-3.688	2.50137e-07
-3.69	2.46445e-07
-3.692	2.42809e-07
-3.694	2.39229e-07
-3.696	2.35703e-07
-3.698	2.3223e-07
-3.7	2.2881e-07
-3.702	2.25442e-07
-3.704	2.22125e-07
-3.706	2.18858e-07
-3.708	2.1564e-07
-3.71	2.12472e-07
-3.712	2.09351e-07
-3.714	2.06277e-07
-3.716	2.0325e-07
-3.718	2.00268e-07
-3.72	1.97331e-07
-3.722	1.94439e-07
-3.724	1.9159e-07
-3.726	1.88784e-07
-3.728	1.86021e-07
-3.73	1.83299e-07
-3.732	1.80618e-07
-3.734	1.77977e-07
-3.736	1.75376e-07
-3.738	1.72814e-07
-3.74	1.7029e-07
-3.742	1.67805e-07
-3.744	1.65356e-07
-3.746	1.62945e-07
-3.748	1.60569e-07
-3.75	1.58229e-07
-3.752	1.55924e-07
-3.754	1.53653e-07
-3.756	1.51417e-07
-3.758	1.49214e-07
-3.76	1.47043e-07
-3.762	1.44905e-07
-3.764	1.42799e-07
-3.766	1.40725e-07
-3.768	1.38681e-07
-3.77	1.36668e-07
-3.772	1.34684e-07
-3.774	1.32731e-07
-3.776	1.30806e-07
-3.778	1.2891e-07
-3.78	1.27042e-07
-3.782	1.25201e-07
-3.784	1.23388e-07
-3.786	1.21602e-07
-3.788	1.19843e-07
-3.79	1.18109e-07
-3.792	1.16401e-07
-3.794	1.14718e-07
-3.796	1.13061e-07
-3.798	1.11427e-07
-3.8	1.09818e-07
-3.802	1.08233e-07
-3.804	1.06671e-07
-3.806	1.05132e-07
-3.808	1.03616e-07
-3.81	1.02122e-07
-3.812	1.0065e-07
-3.814	9.91996e-08
-3.816	9.77706e-08
-3.818	9.63627e-08
-3.82	9.49755e-08
-3.822	9.36086e-08
-3.824	9.22618e-08
-3.826	9.09348e-08
-3.828	8.96272e-08
-3.83	8.83388e-08
-3.832	8.70692e-08
-3.834	8.58182e-08
-3.836	8.45856e-08
-3.838	8.3371e-08
-3.84	8.21741e-08
-3.842	8.09947e-08
-3.844	7.98325e-08
-3.846	7.86873e-08
-3.848	7.75588e-08
-3.85	7.64468e-08
-3.852	7.5351e-08
-3.854	7.42711e-08
-3.856	7.3207e-08
-3.858	7.21583e-08
-3.86	7.11249e-08
-3.862	7.01065e-08
-3.864	6.91029e-08
-3.866	6.81139e-08
-3.868	6.71392e-08
-3.87	6.61787e-08
-3.872	6.52321e-08
-3.874	6.42993e-08
-3.876	6.33799e-08
-3.878	6.24739e-08
-3.88	6.1581e-08
-3.882	6.0701e-08
-3.884	5.98337e-08
-3.886	5.8979e-08
-3.888	5.81366e-08
-3.89	5.73064e-08
-3.892	5.64882e-08
-3.894	5.56817e-08
-3.896	5.48869e-08
-3.898	5.41036e-08
-3.9	5.33316e-08
-3.902	5.25706e-08
-3.904	5.18207e-08
-3.906	5.10815e-08
-3.908	5.0353e-08
-3.91	4.96349e-08
-3.912	4.89271e-08
-3.914	4.82296e-08
-3.916	4.7542e-08
-3.918	4.68643e-08
-3.92	4.61964e-08
-3.922	4.5538e-08
-3.924	4.48891e-08
-3.926	4.42494e-08
-3.928	4.36189e-08
-3.93	4.29975e-08
-3.932	4.2385e-08
-3.934	4.17812e-08
-3.936	4.1186e-08
-3.938	4.05994e-08
-3.94	4.00212e-08
-3.942	3.94512e-08
-3.944	3.88894e-08
-3.946	3.83356e-08
-3.948	3.77897e-08
-3.95	3.72515e-08
-3.952	3.67211e-08
-3.954	3.61982e-08
-3.956	3.56828e-08
-3.958	3.51748e-08
-3.96	3.46739e-08
-3.962	3.41802e-08
-3.964	3.36936e-08
-3.966	3.32138e-08
-3.968	3.27409e-08
-3.97	3.22747e-08
-3.972	3.18152e-08
-3.974	3.13621e-08
-3.976	3.09156e-08
-3.978	3.04753e-08
-3.98	3.00413e-08
-3.982	2.96135e-08
-3.984	2.91918e-08
-3.986	2.8776e-08
-3.988	2.83662e-08
-3.99	2.79621e-08
-3.992	2.75638e-08
-3.994	2.71712e-08
-3.996	2.67841e-08
-3.998	2.64024e-08
-4	2.60262e-08
-4.002	2.56554e-08
-4.004	2.52898e-08
-4.006	2.49293e-08
-4.008	2.4574e-08
-4.01	2.42237e-08
-4.012	2.38783e-08
-4.014	2.35379e-08
-4.016	2.32022e-08
-4.018	2.28713e-08
-4.02	2.25451e-08
-4.022	2.22235e-08
-4.024	2.19064e-08
-4.026	2.15939e-08
-4.028	2.12857e-08
-4.03	2.09819e-08
-4.032	2.06824e-08
-4.034	2.03871e-08
-4.036	2.0096e-08
-4.038	1.9809e-08
-4.04	1.95261e-08
-4.042	1.92471e-08
-4.044	1.89721e-08
-4.046	1.8701e-08
-4.048	1.84337e-08
-4.05	1.81702e-08
-4.052	1.79103e-08
-4.054	1.76542e-08
-4.056	1.74017e-08
-4.058	1.71527e-08
-4.06	1.69073e-08
-4.062	1.66653e-08
-4.064	1.64267e-08
-4.066	1.61915e-08
-4.068	1.59596e-08
-4.07	1.5731e-08
-4.072	1.55056e-08
-4.074	1.52833e-08
-4.076	1.50643e-08
-4.078	1.48483e-08
-4.08	1.46353e-08
-4.082	1.44254e-08
-4.084	1.42184e-08
-4.086	1.40143e-08
-4.088	1.38131e-08
-4.09	1.36148e-08
-4.092	1.34192e-08
-4.094	1.32264e-08
-4.096	1.30363e-08
-4.098	1.28489e-08
-4.1	1.26642e-08
-4.102	1.2482e-08
-4.104	1.23024e-08
-4.106	1.21254e-08
-4.108	1.19508e-08
-4.11	1.17787e-08
-4.112	1.16091e-08
-4.114	1.14418e-08
-4.116	1.12769e-08
-4.118	1.11143e-08
-4.12	1.0954e-08
-4.122	1.0796e-08
-4.124	1.06402e-08
-4.126	1.04866e-08
-4.128	1.03352e-08
-4.13	1.01859e-08
-4.132	1.00387e-08
-4.134	9.89359e-09
-4.136	9.75053e-09
-4.138	9.60949e-09
-4.14	9.47045e-09
-4.142	9.33337e-09
-4.144	9.19822e-09
-4.146	9.06499e-09
-4.148	8.93364e-09
-4.15	8.80414e-09
-4.152	8.67648e-09
-4.154	8.55062e-09
-4.156	8.42654e-09
-4.158	8.30421e-09
-4.16	8.18362e-09
-4.162	8.06473e-09
-4.164	7.94753e-09
-4.166	7.83198e-09
-4.168	7.71807e-09
-4.17	7.60577e-09
-4.172	7.49506e-09
-4.174	7.38592e-09
-4.176	7.27833e-09
-4.178	7.17226e-09
-4.18	7.0677e-09
-4.182	6.96462e-09
-4.184	6.863e-09
-4.186	6.76282e-09
-4.188	6.66406e-09
-4.19	6.5667e-09
-4.192	6.47073e-09
-4.194	6.37612e-09
-4.196	6.28285e-09
-4.198	6.1909e-09
-4.2	6.10027e-09
-4.202	6.01092e-09
-4.204	5.92284e-09
-4.206	5.83601e-09
-4.208	5.75042e-09
-4.21	5.66605e-09
-4.212	5.58288e-09
-4.214	5.50089e-09
-4.216	5.42007e-09
-4.218	5.3404e-09
-4.22	5.26186e-09
-4.222	5.18445e-09
-4.224	5.10814e-09
-4.226	5.03291e-09
-4.228	4.95876e-09
-4.23	4.88567e-09
-4.232	4.81362e-09
-4.234	4.7426e-09
-4.236	4.6726e-09
-4.238	4.60359e-09
-4.24	4.53558e-09
-4.242	4.46853e-09
-4.244	4.40244e-09
-4.246	4.3373e-09
-4.248	4.2731e-09
-4.25	4.20981e-09
-4.252	4.14743e-09
-4.254	4.08594e-09
-4.256	4.02533e-09
-4.258	3.96559e-09
-4.26	3.90671e-09
-4.262	3.84868e-09
-4.264	3.79148e-09
-4.266	3.73509e-09
-4.268	3.67952e-09
-4.27	3.62475e-09
-4.272	3.57077e-09
-4.274	3.51756e-09
-4.276	3.46512e-09
-4.278	3.41343e-09
-4.28	3.36249e-09
-4.282	3.31228e-09
-4.284	3.2628e-09
-4.286	3.21403e-09
-4.288	3.16596e-09
-4.29	3.11859e-09
-4.292	3.0719e-09
-4.294	3.02588e-09
-4.296	2.98053e-09
-4.298	2.93584e-09
-4.3	2.89179e-09
-4.302	2.84838e-09
-4.304	2.8056e-09
-4.306	2.76344e-09
-4.308	2.72189e-09
-4.31	2.68094e-09
-4.312	2.64058e-09
-4.314	2.60082e-09
-4.316	2.56162e-09
-4.318	2.523e-09
-4.32	2.48494e-09
-4.322	2.44743e-09
-4.324	2.41047e-09
-4.326	2.37404e-09
-4.328	2.33815e-09
-4.33	2.30278e-09
-4.332	2.26792e-09
-4.334	2.23358e-09
-4.336	2.19973e-09
-4.338	2.16638e-09
-4.34	2.13351e-09
-4.342	2.10112e-09
-4.344	2.06921e-09
-4.346	2.03777e-09
-4.348	2.00678e-09
-4.35	1.97625e-09
-4.352	1.94616e-09
-4.354	1.91652e-09
-4.356	1.88731e-09
-4.358	1.85853e-09
-4.36	1.83017e-09
-4.362	1.80223e-09
-4.364	1.7747e-09
-4.366	1.74757e-09
-4.368	1.72084e-09
-4.37	1.69451e-09
-4.372	1.66856e-09
-4.374	1.643e-09
-4.376	1.61781e-09
-4.378	1.593e-09
-4.38	1.56854e-09
-4.382	1.54446e-09
-4.384	1.52072e-09
-4.386	1.49734e-09
-4.388	1.4743e-09
-4.39	1.45161e-09
-4.392	1.42925e-09
-4.394	1.40722e-09
-4.396	1.38552e-09
-4.398	1.36414e-09
-4.4	1.34307e-09
-4.402	1.32232e-09
-4.404	1.30188e-09
-4.406	1.28174e-09
-4.408	1.2619e-09
-4.41	1.24236e-09
-4.412	1.2231e-09
-4.414	1.20414e-09
-4.416	1.18545e-09
-4.418	1.16705e-09
-4.42	1.14892e-09
-4.422	1.13106e-09
-4.424	1.11347e-09
-4.426	1.09614e-09
-4.428	1.07907e-09
-4.43	1.06225e-09
-4.432	1.04569e-09
-4.434	1.02937e-09
-4.436	1.0133e-09
-4.438	9.97473e-10
-4.44	9.81882e-10
-4.442	9.66524e-10
-4.444	9.51397e-10
-4.446	9.36498e-10
-4.448	9.21823e-10
-4.45	9.07368e-10
-4.452	8.93132e-10
-4.454	8.7911e-10
-4.456	8.65299e-10
-4.458	8.51697e-10
-4.46	8.38301e-10
-4.462	8.25107e-10
-4.464	8.12112e-10
-4.466	7.99314e-10
-4.468	7.8671e-10
-4.47	7.74296e-10
-4.472	7.62071e-10
-4.474	7.50031e-10
-4.476	7.38174e-10
-4.478	7.26497e-10
-4.48	7.14998e-10
-4.482	7.03673e-10
-4.484	6.9252e-10
-4.486	6.81538e-10
-4.488	6.70722e-10
-4.49	6.60072e-10
-4.492	6.49584e-10
-4.494	6.39256e-10
-4.496	6.29085e-10
-4.498	6.19071e-10
-4.5	6.09209e-10
-4.502	5.99498e-10
-4.504	5.89936e-10
-4.506	5.8052e-10
-4.508	5.71249e-10
-4.51	5.6212e-10
-4.512	5.53131e-10
-4.514	5.4428e-10
-4.516	5.35565e-10
-4.518	5.26984e-10
-4.52	5.18536e-10
-4.522	5.10217e-10
-4.524	5.02026e-10
-4.526	4.93962e-10
-4.528	4.86023e-10
-4.53	4.78205e-10
-4.532	4.70509e-10
-4.534	4.62932e-10
-4.536	4.55471e-10
-4.538	4.48127e-10
-4.54	4.40896e-10
-4.542	4.33777e-10
-4.544	4.26768e-10
-4.546	4.19869e-10
-4.548	4.13076e-10
-4.55	4.06389e-10
-4.552	3.99806e-10
-4.554	3.93326e-10
-4.556	3.86946e-10
-4.558	3.80666e-10
-4.56	3.74484e-10
-4.562	3.68398e-10
-4.564	3.62407e-10
-4.566	3.5651e-10
-4.568	3.50705e-10
-4.57	3.44991e-10
-4.572	3.39366e-10
-4.574	3.33829e-10
-4.576	3.2838e-10
-4.578	3.23015e-10
-4.58	3.17735e-10
-4.582	3.12538e-10
-4.584	3.07422e-10
-4.586	3.02387e-10
-4.588	2.97431e-10
-4.59	2.92554e-10
-4.592	2.87753e-10
-4.594	2.83028e-10
-4.596	2.78377e-10
-4.598	2.738e-10
-4.6	2.69295e-10
-4.602	2.64861e-10
-4.604	2.60498e-10
-4.606	2.56203e-10
-4.608	2.51977e-10
-4.61	2.47818e-10
-4.612	2.43724e-10
-4.614	2.39696e-10
-4.616	2.35732e-10
-4.618	2.3183e-10
-4.62	2.27991e-10
-4.622	2.24213e-10
-4.624	2.20495e-10
-4.626	2.16836e-10
-4.628	2.13236e-10
-4.63	2.09693e-10
-4.632	2.06207e-10
-4.634	2.02776e-10
-4.636	1.994e-10
-4.638	1.96079e-10
-4.64	1.9281e-10
-4.642	1.89594e-10
-4.644	1.8643e-10
-4.646	1.83316e-10
-4.648	1.80253e-10
-4.65	1.77238e-10
-4.652	1.74272e-10
-4.654	1.71354e-10
-4.656	1.68483e-10
-4.658	1.65658e-10
-4.66	1.62878e-10
-4.662	1.60144e-10
-4.664	1.57453e-10
-4.666	1.54807e-10
-4.668	1.52202e-10
-4.67	1.49641e-10
-4.672	1.4712e-10
-4.674	1.4464e-10
-4.676	1.42201e-10
-4.678	1.39801e-10
-4.68	1.3744e-10
-4.682	1.35118e-10
-4.684	1.32833e-10
-4.686	1.30585e-10
-4.688	1.28374e-10
-4.69	1.26199e-10
-4.692	1.2406e-10
-4.694	1.21955e-10
-4.696	1.19885e-10
-4.698	1.17849e-10
-4.7	1.15845e-10
-4.702	1.13875e-10
-4.704	1.11937e-10
-4.706	1.10031e-10
-4.708	1.08156e-10
-4.71	1.06311e-10
-4.712	1.04497e-10
-4.714	1.02713e-10
-4.716	1.00958e-10
-4.718	9.92319e-11
-4.72	9.75342e-11
-4.722	9.58646e-11
-4.724	9.42224e-11
-4.726	9.26073e-11
-4.728	9.10189e-11
-4.73	8.94567e-11
-4.732	8.79203e-11
-4.734	8.64094e-11
-4.736	8.49234e-11
-4.738	8.34621e-11
-4.74	8.2025e-11
-4.742	8.06117e-11
-4.744	7.92218e-11
-4.746	7.78551e-11
-4.748	7.65111e-11
-4.75	7.51894e-11
-4.752	7.38897e-11
-4.754	7.26117e-11
-4.756	7.13549e-11
-4.758	7.01191e-11
-4.76	6.8904e-11
-4.762	6.77091e-11
-4.764	6.65342e-11
-4.766	6.53789e-11
-4.768	6.4243e-11
-4.77	6.31261e-11
-4.772	6.20279e-11
-4.774	6.09481e-11
-4.776	5.98864e-11
-4.778	5.88426e-11
-4.78	5.78163e-11
-4.782	5.68072e-11
-4.784	5.58152e-11
-4.786	5.48398e-11
-4.788	5.38809e-11
-4.79	5.29381e-11
-4.792	5.20112e-11
-4.794	5.11e-11
-4.796	5.02042e-11
-4.798	4.93235e-11
-4.8	4.84577e-11
-4.802	4.76066e-11
-4.804	4.67699e-11
-4.806	4.59474e-11
-4.808	4.51388e-11
-4.81	4.4344e-11
-4.812	4.35626e-11
-4.814	4.27945e-11
-4.816	4.20395e-11
-4.818	4.12974e-11
-4.82	4.05679e-11
-4.822	3.98508e-11
-4.824	3.91459e-11
-4.826	3.84531e-11
-4.828	3.77721e-11
-4.83	3.71028e-11
-4.832	3.64448e-11
-4.834	3.57982e-11
-4.836	3.51626e-11
-4.838	3.45379e-11
-4.84	3.39239e-11
-4.842	3.33205e-11
-4.844	3.27274e-11
-4.846	3.21445e-11
-4.848	3.15717e-11
-4.85	3.10086e-11
-4.852	3.04553e-11
-4.854	2.99115e-11
-4.856	2.93771e-11
-4.858	2.88519e-11
-4.86	2.83358e-11
-4.862	2.78286e-11
-4.864	2.73301e-11
-4.866	2.68403e-11
-4.868	2.6359e-11
-4.87	2.5886e-11
-4.872	2.54212e-11
-4.874	2.49644e-11
-4.876	2.45156e-11
-4.878	2.40746e-11
-4.88	2.36412e-11
-4.882	2.32154e-11
-4.884	2.27969e-11
-4.886	2.23858e-11
-4.888	2.19818e-11
-4.89	2.15849e-11
-4.892	2.11949e-11
-4.894	2.08117e-11
-4.896	2.04352e-11
-4.898	2.00653e-11
-4.9	1.97019e-11
-4.902	1.93448e-11
-4.904	1.8994e-11
-4.906	1.86493e-11
-4.908	1.83107e-11
-4.91	1.7978e-11
-4.912	1.76511e-11
-4.914	1.733e-11
-4.916	1.70146e-11
-4.918	1.67047e-11
-4.92	1.64003e-11
-4.922	1.61012e-11
-4.924	1.58074e-11
-4.926	1.55188e-11
-4.928	1.52352e-11
-4.93	1.49567e-11
-4.932	1.46831e-11
-4.934	1.44144e-11
-4.936	1.41504e-11
-4.938	1.38911e-11
-4.94	1.36364e-11
-4.942	1.33862e-11
-4.944	1.31404e-11
-4.946	1.2899e-11
-4.948	1.26619e-11
-4.95	1.2429e-11
-4.952	1.22003e-11
-4.954	1.19756e-11
-4.956	1.1755e-11
-4.958	1.15382e-11
-4.96	1.13254e-11
-4.962	1.11163e-11
-4.964	1.0911e-11
-4.966	1.07093e-11
-4.968	1.05113e-11
-4.97	1.03168e-11
-4.972	1.01257e-11
-4.974	9.93815e-12
-4.976	9.75392e-12
-4.978	9.573e-12
-4.98	9.39532e-12
-4.982	9.22084e-12
-4.984	9.0495e-12
-4.986	8.88123e-12
-4.988	8.716e-12
-4.99	8.55375e-12
-4.992	8.39442e-12
-4.994	8.23796e-12
-4.996	8.08433e-12
-4.998	7.93348e-12
