5	1.34728e-09
4.998	1.37305e-09
4.996	1.3993e-09
4.994	1.42606e-09
4.992	1.45332e-09
4.99	1.4811e-09
4.988	1.50941e-09
4.986	1.53826e-09
4.984	1.56765e-09
4.982	1.5976e-09
4.98	1.62812e-09
4.978	1.65921e-09
4.976	1.6909e-09
4.974	1.72318e-09
4.972	1.75608e-09
4.97	1.7896e-09
4.968	1.82376e-09
4.966	1.85857e-09
4.964	1.89403e-09
4.962	1.93016e-09
4.96	1.96698e-09
4.958	2.0045e-09
4.956	2.04272e-09
4.954	2.08167e-09
4.952	2.12136e-09
4.95	2.16179e-09
4.948	2.20299e-09
4.946	2.24497e-09
4.944	2.28775e-09
4.942	2.33133e-09
4.94	2.37573e-09
4.938	2.42098e-09
4.936	2.46708e-09
4.934	2.51405e-09
4.932	2.5619e-09
4.93	2.61066e-09
4.928	2.66034e-09
4.926	2.71096e-09
4.924	2.76253e-09
4.922	2.81508e-09
4.92	2.86861e-09
4.918	2.92316e-09
4.916	2.97873e-09
4.914	3.03535e-09
4.912	3.09304e-09
4.91	3.15181e-09
4.908	3.21169e-09
4.906	3.2727e-09
4.904	3.33486e-09
4.902	3.39818e-09
4.9	3.4627e-09
4.898	3.52843e-09
4.896	3.5954e-09
4.894	3.66362e-09
4.892	3.73313e-09
4.89	3.80394e-09
4.888	3.87609e-09
4.886	3.94959e-09
4.884	4.02446e-09
4.882	4.10075e-09
4.88	4.17846e-09
4.878	4.25764e-09
4.876	4.33829e-09
4.874	4.42046e-09
4.872	4.50417e-09
4.87	4.58945e-09
4.868	4.67633e-09
4.866	4.76483e-09
4.864	4.85499e-09
4.862	4.94683e-09
4.86	5.0404e-09
4.858	5.13571e-09
4.856	5.23281e-09
4.854	5.33172e-09
4.852	5.43248e-09
4.85	5.53512e-09
4.848	5.63968e-09
4.846	5.74619e-09
4.844	5.85469e-09
4.842	5.96522e-09
4.84	6.0778e-09
4.838	6.19248e-09
4.836	6.3093e-09
4.834	6.4283e-09
4.832	6.54951e-09
4.83	6.67298e-09
4.828	6.79874e-09
4.826	6.92685e-09
4.824	7.05734e-09
4.822	7.19025e-09
4.82	7.32564e-09
4.818	7.46354e-09
4.816	7.604e-09
4.814	7.74706e-09
4.812	7.89279e-09
4.81	8.04121e-09
4.808	8.19239e-09
4.806	8.34636e-09
4.804	8.5032e-09
4.802	8.66293e-09
4.8	8.82562e-09
4.798	8.99132e-09
4.796	9.16009e-09
4.794	9.33198e-09
4.792	9.50704e-09
4.79	9.68534e-09
4.788	9.86693e-09
4.786	1.00519e-08
4.784	1.02402e-08
4.782	1.04321e-08
4.78	1.06274e-08
4.778	1.08264e-08
4.776	1.1029e-08
4.774	1.12354e-08
4.772	1.14455e-08
4.77	1.16595e-08
4.768	1.18775e-08
4.766	1.20995e-08
4.764	1.23255e-08
4.762	1.25557e-08
4.76	1.27901e-08
4.758	1.30288e-08
4.756	1.32719e-08
4.754	1.35194e-08
4.752	1.37715e-08
4.75	1.40282e-08
4.748	1.42896e-08
4.746	1.45557e-08
4.744	1.48268e-08
4.742	1.51027e-08
4.74	1.53838e-08
4.738	1.56699e-08
4.736	1.59613e-08
4.734	1.6258e-08
4.732	1.65601e-08
4.73	1.68676e-08
4.728	1.71808e-08
4.726	1.74997e-08
4.724	1.78244e-08
4.722	1.8155e-08
4.72	1.84916e-08
4.718	1.88343e-08
4.716	1.91832e-08
4.714	1.95384e-08
4.712	1.99001e-08
4.71	2.02684e-08
4.708	2.06433e-08
4.706	2.1025e-08
4.704	2.14135e-08
4.702	2.18092e-08
4.7	2.22119e-08
4.698	2.2622e-08
4.696	2.30394e-08
4.694	2.34643e-08
4.692	2.38969e-08
4.69	2.43374e-08
4.688	2.47857e-08
4.686	2.52421e-08
4.684	2.57067e-08
4.682	2.61796e-08
4.68	2.66611e-08
4.678	2.71512e-08
4.676	2.765e-08
4.674	2.81579e-08
4.672	2.86748e-08
4.67	2.92009e-08
4.668	2.97365e-08
4.666	3.02817e-08
4.664	3.08365e-08
4.662	3.14013e-08
4.66	3.19762e-08
4.658	3.25614e-08
4.656	3.31569e-08
4.654	3.37631e-08
4.652	3.438e-08
4.65	3.5008e-08
4.648	3.56471e-08
4.646	3.62975e-08
4.644	3.69595e-08
4.642	3.76333e-08
4.64	3.83189e-08
4.638	3.90168e-08
4.636	3.97269e-08
4.634	4.04497e-08
4.632	4.11852e-08
4.63	4.19337e-08
4.628	4.26955e-08
4.626	4.34707e-08
4.624	4.42595e-08
4.622	4.50623e-08
4.62	4.58791e-08
4.618	4.67104e-08
4.616	4.75563e-08
4.614	4.8417e-08
4.612	4.92928e-08
4.61	5.01841e-08
4.608	5.10909e-08
4.606	5.20136e-08
4.604	5.29525e-08
4.602	5.39078e-08
4.6	5.48798e-08
4.598	5.58688e-08
4.596	5.68751e-08
4.594	5.78989e-08
4.592	5.89405e-08
4.59	6.00003e-08
4.588	6.10785e-08
4.586	6.21755e-08
4.584	6.32916e-08
4.582	6.4427e-08
4.58	6.55822e-08
4.578	6.67574e-08
4.576	6.79529e-08
4.574	6.91692e-08
4.572	7.04064e-08
4.57	7.16651e-08
4.568	7.29455e-08
4.566	7.4248e-08
4.564	7.5573e-08
4.562	7.69208e-08
4.56	7.82919e-08
4.558	7.96865e-08
4.556	8.11051e-08
4.554	8.25481e-08
4.552	8.40158e-08
4.55	8.55088e-08
4.548	8.70273e-08
4.546	8.85718e-08
4.544	9.01427e-08
4.542	9.17406e-08
4.54	9.33657e-08
4.538	9.50186e-08
4.536	9.66996e-08
4.534	9.84093e-08
4.532	1.00148e-07
4.53	1.01917e-07
4.528	1.03715e-07
4.526	1.05544e-07
4.524	1.07404e-07
4.522	1.09296e-07
4.52	1.1122e-07
4.518	1.13176e-07
4.516	1.15165e-07
4.514	1.17188e-07
4.512	1.19246e-07
4.51	1.21337e-07
4.508	1.23465e-07
4.506	1.25628e-07
4.504	1.27827e-07
4.502	1.30064e-07
4.5	1.32338e-07
4.498	1.3465e-07
4.496	1.37001e-07
4.494	1.39392e-07
4.492	1.41822e-07
4.49	1.44293e-07
4.488	1.46806e-07
4.486	1.4936e-07
4.484	1.51958e-07
4.482	1.54598e-07
4.48	1.57283e-07
4.478	1.60012e-07
4.476	1.62787e-07
4.474	1.65607e-07
4.472	1.68475e-07
4.47	1.7139e-07
4.468	1.74354e-07
4.466	1.77366e-07
4.464	1.80429e-07
4.462	1.83542e-07
4.46	1.86707e-07
4.458	1.89924e-07
4.456	1.93194e-07
4.454	1.96517e-07
4.452	1.99896e-07
4.45	2.0333e-07
4.448	2.06821e-07
4.446	2.10369e-07
4.444	2.13975e-07
4.442	2.1764e-07
4.44	2.21366e-07
4.438	2.25152e-07
4.436	2.29e-07
4.434	2.32911e-07
4.432	2.36886e-07
4.43	2.40926e-07
4.428	2.45032e-07
4.426	2.49204e-07
4.424	2.53444e-07
4.422	2.57754e-07
4.42	2.62133e-07
4.418	2.66583e-07
4.416	2.71106e-07
4.414	2.75701e-07
4.412	2.80371e-07
4.41	2.85117e-07
4.408	2.89939e-07
4.406	2.94839e-07
4.404	2.99818e-07
4.402	3.04877e-07
4.4	3.10017e-07
4.398	3.15241e-07
4.396	3.20548e-07
4.394	3.2594e-07
4.392	3.31419e-07
4.39	3.36985e-07
4.388	3.42641e-07
4.386	3.48387e-07
4.384	3.54225e-07
4.382	3.60156e-07
4.38	3.66182e-07
4.378	3.72304e-07
4.376	3.78523e-07
4.374	3.84841e-07
4.372	3.9126e-07
4.37	3.9778e-07
4.368	4.04404e-07
4.366	4.11133e-07
4.364	4.17968e-07
4.362	4.24912e-07
4.36	4.31965e-07
4.358	4.3913e-07
4.356	4.46408e-07
4.354	4.538e-07
4.352	4.61309e-07
4.35	4.68936e-07
4.348	4.76683e-07
4.346	4.84552e-07
4.344	4.92544e-07
4.342	5.00661e-07
4.34	5.08906e-07
4.338	5.17279e-07
4.336	5.25784e-07
4.334	5.34421e-07
4.332	5.43194e-07
4.33	5.52102e-07
4.328	5.6115e-07
4.326	5.70339e-07
4.324	5.7967e-07
4.322	5.89147e-07
4.32	5.9877e-07
4.318	6.08543e-07
4.316	6.18467e-07
4.314	6.28545e-07
4.312	6.38779e-07
4.31	6.4917e-07
4.308	6.59723e-07
4.306	6.70438e-07
4.304	6.81318e-07
4.302	6.92365e-07
4.3	7.03583e-07
4.298	7.14973e-07
4.296	7.26538e-07
4.294	7.3828e-07
4.292	7.50202e-07
4.29	7.62307e-07
4.288	7.74597e-07
4.286	7.87075e-07
4.284	7.99743e-07
4.282	8.12605e-07
4.28	8.25663e-07
4.278	8.38919e-07
4.276	8.52378e-07
4.274	8.66041e-07
4.272	8.79911e-07
4.27	8.93992e-07
4.268	9.08286e-07
4.266	9.22797e-07
4.264	9.37528e-07
4.262	9.52481e-07
4.26	9.67661e-07
4.258	9.83069e-07
4.256	9.9871e-07
4.254	1.01459e-06
4.252	1.0307e-06
4.25	1.04706e-06
4.248	1.06366e-06
4.246	1.08052e-06
4.244	1.09762e-06
4.242	1.11498e-06
4.24	1.1326e-06
4.238	1.15049e-06
4.236	1.16864e-06
4.234	1.18707e-06
4.232	1.20577e-06
4.23	1.22474e-06
4.228	1.244e-06
4.226	1.26355e-06
4.224	1.28339e-06
4.222	1.30352e-06
4.22	1.32395e-06
4.218	1.34468e-06
4.216	1.36573e-06
4.214	1.38708e-06
4.212	1.40875e-06
4.21	1.43073e-06
4.208	1.45305e-06
4.206	1.47569e-06
4.204	1.49866e-06
4.202	1.52198e-06
4.2	1.54563e-06
4.198	1.56964e-06
4.196	1.594e-06
4.194	1.61871e-06
4.192	1.64379e-06
4.19	1.66923e-06
4.188	1.69505e-06
4.186	1.72124e-06
4.184	1.74782e-06
4.182	1.77478e-06
4.18	1.80214e-06
4.178	1.8299e-06
4.176	1.85806e-06
4.174	1.88663e-06
4.172	1.91561e-06
4.17	1.94502e-06
4.168	1.97485e-06
4.166	2.00511e-06
4.164	2.03582e-06
4.162	2.06696e-06
4.16	2.09856e-06
4.158	2.13062e-06
4.156	2.16313e-06
4.154	2.19612e-06
4.152	2.22958e-06
4.15	2.26352e-06
4.148	2.29796e-06
4.146	2.33288e-06
4.144	2.36831e-06
4.142	2.40425e-06
4.14	2.4407e-06
4.138	2.47767e-06
4.136	2.51517e-06
4.134	2.55321e-06
4.132	2.59179e-06
4.13	2.63093e-06
4.128	2.67062e-06
4.126	2.71087e-06
4.124	2.7517e-06
4.122	2.79311e-06
4.12	2.83511e-06
4.118	2.87771e-06
4.116	2.92091e-06
4.114	2.96473e-06
4.112	3.00916e-06
4.11	3.05422e-06
4.108	3.09992e-06
4.106	3.14627e-06
4.104	3.19327e-06
4.102	3.24094e-06
4.1	3.28927e-06
4.098	3.33829e-06
4.096	3.388e-06
4.094	3.43841e-06
4.092	3.48952e-06
4.09	3.54135e-06
4.088	3.59391e-06
4.086	3.64721e-06
4.084	3.70125e-06
4.082	3.75605e-06
4.08	3.81162e-06
4.078	3.86796e-06
4.076	3.92509e-06
4.074	3.98302e-06
4.072	4.04176e-06
4.07	4.10131e-06
4.068	4.16169e-06
4.066	4.22291e-06
4.064	4.28498e-06
4.062	4.34792e-06
4.06	4.41172e-06
4.058	4.47641e-06
4.056	4.542e-06
4.054	4.6085e-06
4.052	4.67591e-06
4.05	4.74426e-06
4.048	4.81355e-06
4.046	4.8838e-06
4.044	4.95501e-06
4.042	5.02721e-06
4.04	5.1004e-06
4.038	5.1746e-06
4.036	5.24981e-06
4.034	5.32606e-06
4.032	5.40336e-06
4.03	5.48171e-06
4.028	5.56114e-06
4.026	5.64166e-06
4.024	5.72328e-06
4.022	5.80601e-06
4.02	5.88988e-06
4.018	5.97489e-06
4.016	6.06105e-06
4.014	6.1484e-06
4.012	6.23693e-06
4.01	6.32667e-06
4.008	6.41762e-06
4.006	6.50982e-06
4.004	6.60326e-06
4.002	6.69797e-06
4	6.79397e-06
3.998	6.89127e-06
3.996	6.98988e-06
3.994	7.08983e-06
3.992	7.19113e-06
3.99	7.2938e-06
3.988	7.39785e-06
3.986	7.5033e-06
3.984	7.61018e-06
3.982	7.7185e-06
3.98	7.82827e-06
3.978	7.93952e-06
3.976	8.05226e-06
3.974	8.16652e-06
3.972	8.28231e-06
3.97	8.39965e-06
3.968	8.51857e-06
3.966	8.63908e-06
3.964	8.76119e-06
3.962	8.88494e-06
3.96	9.01035e-06
3.958	9.13743e-06
3.956	9.2662e-06
3.954	9.39669e-06
3.952	9.52892e-06
3.95	9.6629e-06
3.948	9.79867e-06
3.946	9.93625e-06
3.944	1.00756e-05
3.942	1.02169e-05
3.94	1.036e-05
3.938	1.0505e-05
3.936	1.0652e-05
3.934	1.08009e-05
3.932	1.09517e-05
3.93	1.11046e-05
3.928	1.12594e-05
3.926	1.14163e-05
3.924	1.15753e-05
3.922	1.17364e-05
3.92	1.18996e-05
3.918	1.20649e-05
3.916	1.22324e-05
3.914	1.24022e-05
3.912	1.25741e-05
3.91	1.27483e-05
3.908	1.29248e-05
3.906	1.31036e-05
3.904	1.32847e-05
3.902	1.34682e-05
3.9	1.36541e-05
3.898	1.38425e-05
3.896	1.40333e-05
3.894	1.42266e-05
3.892	1.44224e-05
3.89	1.46207e-05
3.888	1.48217e-05
3.886	1.50252e-05
3.884	1.52314e-05
3.882	1.54403e-05
3.88	1.56519e-05
3.878	1.58662e-05
3.876	1.60833e-05
3.874	1.63033e-05
3.872	1.65261e-05
3.87	1.67517e-05
3.868	1.69803e-05
3.866	1.72118e-05
3.864	1.74464e-05
3.862	1.76839e-05
3.86	1.79245e-05
3.858	1.81682e-05
3.856	1.84151e-05
3.854	1.86651e-05
3.852	1.89184e-05
3.85	1.91749e-05
3.848	1.94347e-05
3.846	1.96978e-05
3.844	1.99643e-05
3.842	2.02342e-05
3.84	2.05076e-05
3.838	2.07845e-05
3.836	2.10649e-05
3.834	2.13489e-05
3.832	2.16366e-05
3.83	2.19279e-05
3.828	2.22229e-05
3.826	2.25217e-05
3.824	2.28243e-05
3.822	2.31307e-05
3.82	2.34411e-05
3.818	2.37554e-05
3.816	2.40737e-05
3.814	2.4396e-05
3.812	2.47224e-05
3.81	2.5053e-05
3.808	2.53877e-05
3.806	2.57267e-05
3.804	2.607e-05
3.802	2.64176e-05
3.8	2.67696e-05
3.798	2.7126e-05
3.796	2.7487e-05
3.794	2.78525e-05
3.792	2.82226e-05
3.79	2.85974e-05
3.788	2.89769e-05
3.786	2.93611e-05
3.784	2.97502e-05
3.782	3.01442e-05
3.78	3.05432e-05
3.778	3.09471e-05
3.776	3.13561e-05
3.774	3.17702e-05
3.772	3.21895e-05
3.77	3.26141e-05
3.768	3.3044e-05
3.766	3.34792e-05
3.764	3.39199e-05
3.762	3.43661e-05
3.76	3.48178e-05
3.758	3.52752e-05
3.756	3.57382e-05
3.754	3.62071e-05
3.752	3.66817e-05
3.75	3.71623e-05
3.748	3.76488e-05
3.746	3.81414e-05
3.744	3.864e-05
3.742	3.91449e-05
3.74	3.9656e-05
3.738	4.01734e-05
3.736	4.06973e-05
3.734	4.12276e-05
3.732	4.17645e-05
3.73	4.2308e-05
3.728	4.28582e-05
3.726	4.34151e-05
3.724	4.3979e-05
3.722	4.45498e-05
3.72	4.51276e-05
3.718	4.57125e-05
3.716	4.63046e-05
3.714	4.6904e-05
3.712	4.75107e-05
3.71	4.81249e-05
3.708	4.87465e-05
3.706	4.93758e-05
3.704	5.00129e-05
3.702	5.06576e-05
3.7	5.13103e-05
3.698	5.1971e-05
3.696	5.26397e-05
3.694	5.33165e-05
3.692	5.40016e-05
3.69	5.46951e-05
3.688	5.5397e-05
3.686	5.61074e-05
3.684	5.68265e-05
3.682	5.75542e-05
3.68	5.82909e-05
3.678	5.90364e-05
3.676	5.9791e-05
3.674	6.05547e-05
3.672	6.13277e-05
3.67	6.211e-05
3.668	6.29018e-05
3.666	6.37031e-05
3.664	6.45141e-05
3.662	6.53349e-05
3.66	6.61656e-05
3.658	6.70063e-05
3.656	6.78571e-05
3.654	6.87181e-05
3.652	6.95895e-05
3.65	7.04713e-05
3.648	7.13637e-05
3.646	7.22668e-05
3.644	7.31808e-05
3.642	7.41056e-05
3.64	7.50416e-05
3.638	7.59887e-05
3.636	7.69472e-05
3.634	7.79171e-05
3.632	7.88985e-05
3.63	7.98917e-05
3.628	8.08967e-05
3.626	8.19136e-05
3.624	8.29427e-05
3.622	8.3984e-05
3.62	8.50376e-05
3.618	8.61038e-05
3.616	8.71826e-05
3.614	8.82741e-05
3.612	8.93786e-05
3.61	9.04962e-05
3.608	9.1627e-05
3.606	9.27712e-05
3.604	9.39288e-05
3.602	9.51001e-05
3.6	9.62853e-05
3.598	9.74843e-05
3.596	9.86975e-05
3.594	9.9925e-05
3.592	0.000101167
3.59	0.000102423
3.588	0.000103695
3.586	0.000104981
3.584	0.000106282
3.582	0.000107598
3.58	0.00010893
3.578	0.000110278
3.576	0.000111641
3.574	0.00011302
3.572	0.000114415
3.57	0.000115826
3.568	0.000117254
3.566	0.000118698
3.564	0.00012016
3.562	0.000121638
3.56	0.000123133
3.558	0.000124646
3.556	0.000126176
3.554	0.000127724
3.552	0.00012929
3.55	0.000130874
3.548	0.000132476
3.546	0.000134097
3.544	0.000135736
3.542	0.000137394
3.54	0.000139072
3.538	0.000140768
3.536	0.000142484
3.534	0.00014422
3.532	0.000145976
3.53	0.000147752
3.528	0.000149548
3.526	0.000151365
3.524	0.000153203
3.522	0.000155061
3.52	0.000156941
3.518	0.000158842
3.516	0.000160765
3.514	0.00016271
3.512	0.000164677
3.51	0.000166666
3.508	0.000168678
3.506	0.000170713
3.504	0.000172771
3.502	0.000174852
3.5	0.000176956
3.498	0.000179085
3.496	0.000181237
3.494	0.000183414
3.492	0.000185615
3.49	0.000187841
3.488	0.000190093
3.486	0.000192369
3.484	0.000194671
3.482	0.000196999
3.48	0.000199353
3.478	0.000201734
3.476	0.000204141
3.474	0.000206575
3.472	0.000209036
3.47	0.000211525
3.468	0.000214041
3.466	0.000216586
3.464	0.000219159
3.462	0.00022176
3.46	0.000224391
3.458	0.00022705
3.456	0.000229739
3.454	0.000232458
3.452	0.000235207
3.45	0.000237987
3.448	0.000240797
3.446	0.000243638
3.444	0.000246511
3.442	0.000249415
3.44	0.000252351
3.438	0.00025532
3.436	0.000258321
3.434	0.000261355
3.432	0.000264422
3.43	0.000267523
3.428	0.000270658
3.426	0.000273827
3.424	0.000277031
3.422	0.00028027
3.42	0.000283544
3.418	0.000286854
3.416	0.0002902
3.414	0.000293582
3.412	0.000297001
3.41	0.000300457
3.408	0.000303951
3.406	0.000307482
3.404	0.000311052
3.402	0.00031466
3.4	0.000318307
3.398	0.000321993
3.396	0.000325719
3.394	0.000329486
3.392	0.000333292
3.39	0.00033714
3.388	0.000341029
3.386	0.00034496
3.384	0.000348933
3.382	0.000352948
3.38	0.000357006
3.378	0.000361107
3.376	0.000365253
3.374	0.000369442
3.372	0.000373676
3.37	0.000377955
3.368	0.00038228
3.366	0.00038665
3.364	0.000391067
3.362	0.00039553
3.36	0.000400041
3.358	0.000404599
3.356	0.000409205
3.354	0.00041386
3.352	0.000418564
3.35	0.000423318
3.348	0.000428121
3.346	0.000432975
3.344	0.00043788
3.342	0.000442836
3.34	0.000447844
3.338	0.000452905
3.336	0.000458018
3.334	0.000463184
3.332	0.000468405
3.33	0.00047368
3.328	0.000479009
3.326	0.000484394
3.324	0.000489835
3.322	0.000495332
3.32	0.000500886
3.318	0.000506498
3.316	0.000512167
3.314	0.000517895
3.312	0.000523682
3.31	0.000529529
3.308	0.000535435
3.306	0.000541403
3.304	0.000547431
3.302	0.000553522
3.3	0.000559674
3.298	0.00056589
3.296	0.000572169
3.294	0.000578512
3.292	0.00058492
3.29	0.000591393
3.288	0.000597932
3.286	0.000604537
3.284	0.00061121
3.282	0.00061795
3.28	0.000624758
3.278	0.000631635
3.276	0.000638581
3.274	0.000645598
3.272	0.000652685
3.27	0.000659844
3.268	0.000667074
3.266	0.000674378
3.264	0.000681754
3.262	0.000689205
3.26	0.00069673
3.258	0.00070433
3.256	0.000712006
3.254	0.000719758
3.252	0.000727588
3.25	0.000735496
3.248	0.000743483
3.246	0.000751548
3.244	0.000759694
3.242	0.000767921
3.24	0.000776228
3.238	0.000784618
3.236	0.000793091
3.234	0.000801647
3.232	0.000810288
3.23	0.000819014
3.228	0.000827825
3.226	0.000836723
3.224	0.000845708
3.222	0.000854781
3.22	0.000863943
3.218	0.000873194
3.216	0.000882536
3.214	0.000891968
3.212	0.000901493
3.21	0.00091111
3.208	0.000920821
3.206	0.000930625
3.204	0.000940525
3.202	0.000950521
3.2	0.000960613
3.198	0.000970803
3.196	0.000981091
3.194	0.000991478
3.192	0.00100197
3.19	0.00101255
3.188	0.00102324
3.186	0.00103404
3.184	0.00104493
3.182	0.00105593
3.18	0.00106704
3.178	0.00107825
3.176	0.00108957
3.174	0.00110099
3.172	0.00111253
3.17	0.00112417
3.168	0.00113593
3.166	0.00114779
3.164	0.00115977
3.162	0.00117186
3.16	0.00118407
3.158	0.00119639
3.156	0.00120883
3.154	0.00122138
3.152	0.00123406
3.15	0.00124685
3.148	0.00125976
3.146	0.00127279
3.144	0.00128595
3.142	0.00129923
3.14	0.00131263
3.138	0.00132616
3.136	0.00133981
3.134	0.00135359
3.132	0.0013675
3.13	0.00138154
3.128	0.00139571
3.126	0.00141001
3.124	0.00142444
3.122	0.00143901
3.12	0.00145371
3.118	0.00146855
3.116	0.00148352
3.114	0.00149863
3.112	0.00151388
3.11	0.00152927
3.108	0.00154481
3.106	0.00156048
3.104	0.0015763
3.102	0.00159226
3.1	0.00160837
3.098	0.00162463
3.096	0.00164103
3.094	0.00165759
3.092	0.00167429
3.09	0.00169115
3.088	0.00170816
3.086	0.00172532
3.084	0.00174264
3.082	0.00176012
3.08	0.00177775
3.078	0.00179555
3.076	0.0018135
3.074	0.00183162
3.072	0.0018499
3.07	0.00186834
3.068	0.00188695
3.066	0.00190573
3.064	0.00192468
3.062	0.00194379
3.06	0.00196308
3.058	0.00198254
3.056	0.00200217
3.054	0.00202198
3.052	0.00204197
3.05	0.00206213
3.048	0.00208247
3.046	0.002103
3.044	0.00212371
3.042	0.0021446
3.04	0.00216567
3.038	0.00218694
3.036	0.00220839
3.034	0.00223003
3.032	0.00225186
3.03	0.00227388
3.028	0.0022961
3.026	0.00231852
3.024	0.00234113
3.022	0.00236394
3.02	0.00238695
3.018	0.00241017
3.016	0.00243358
3.014	0.00245721
3.012	0.00248104
3.01	0.00250507
3.008	0.00252932
3.006	0.00255378
3.004	0.00257845
3.002	0.00260334
3	0.00262845
2.998	0.00265377
2.996	0.00267932
2.994	0.00270508
2.992	0.00273107
2.99	0.00275729
2.988	0.00278373
2.986	0.0028104
2.984	0.0028373
2.982	0.00286444
2.98	0.00289181
2.978	0.00291941
2.976	0.00294726
2.974	0.00297534
2.972	0.00300367
2.97	0.00303224
2.968	0.00306105
2.966	0.00309012
2.964	0.00311943
2.962	0.00314899
2.96	0.00317881
2.958	0.00320888
2.956	0.00323921
2.954	0.0032698
2.952	0.00330066
2.95	0.00333177
2.948	0.00336315
2.946	0.0033948
2.944	0.00342672
2.942	0.00345891
2.94	0.00349138
2.938	0.00352412
2.936	0.00355714
2.934	0.00359044
2.932	0.00362402
2.93	0.00365789
2.928	0.00369204
2.926	0.00372649
2.924	0.00376122
2.922	0.00379625
2.92	0.00383158
2.918	0.00386721
2.916	0.00390313
2.914	0.00393936
2.912	0.0039759
2.91	0.00401274
2.908	0.0040499
2.906	0.00408737
2.904	0.00412515
2.902	0.00416325
2.9	0.00420167
2.898	0.00424042
2.896	0.00427949
2.894	0.00431889
2.892	0.00435862
2.89	0.00439868
2.888	0.00443908
2.886	0.00447982
2.884	0.0045209
2.882	0.00456232
2.88	0.00460409
2.878	0.0046462
2.876	0.00468868
2.874	0.0047315
2.872	0.00477468
2.87	0.00481823
2.868	0.00486213
2.866	0.00490641
2.864	0.00495105
2.862	0.00499606
2.86	0.00504145
2.858	0.00508722
2.856	0.00513337
2.854	0.0051799
2.852	0.00522682
2.85	0.00527412
2.848	0.00532183
2.846	0.00536992
2.844	0.00541842
2.842	0.00546732
2.84	0.00551662
2.838	0.00556634
2.836	0.00561646
2.834	0.005667
2.832	0.00571796
2.83	0.00576934
2.828	0.00582115
2.826	0.00587339
2.824	0.00592605
2.822	0.00597916
2.82	0.0060327
2.818	0.00608668
2.816	0.00614111
2.814	0.00619599
2.812	0.00625132
2.81	0.00630711
2.808	0.00636335
2.806	0.00642006
2.804	0.00647724
2.802	0.00653489
2.8	0.00659302
2.798	0.00665162
2.796	0.0067107
2.794	0.00677028
2.792	0.00683034
2.79	0.00689089
2.788	0.00695194
2.786	0.0070135
2.784	0.00707556
2.782	0.00713813
2.78	0.00720121
2.778	0.00726481
2.776	0.00732893
2.774	0.00739358
2.772	0.00745876
2.77	0.00752447
2.768	0.00759073
2.766	0.00765752
2.764	0.00772486
2.762	0.00779275
2.76	0.0078612
2.758	0.00793021
2.756	0.00799978
2.754	0.00806992
2.752	0.00814063
2.75	0.00821193
2.748	0.0082838
2.746	0.00835626
2.744	0.00842932
2.742	0.00850297
2.74	0.00857722
2.738	0.00865207
2.736	0.00872754
2.734	0.00880362
2.732	0.00888032
2.73	0.00895765
2.728	0.0090356
2.726	0.00911419
2.724	0.00919342
2.722	0.0092733
2.72	0.00935382
2.718	0.009435
2.716	0.00951684
2.714	0.00959935
2.712	0.00968252
2.71	0.00976637
2.708	0.0098509
2.706	0.00993612
2.704	0.010022
2.702	0.0101086
2.7	0.0101959
2.698	0.0102839
2.696	0.0103727
2.694	0.0104621
2.692	0.0105523
2.69	0.0106432
2.688	0.0107348
2.686	0.0108272
2.684	0.0109203
2.682	0.0110142
2.68	0.0111088
2.678	0.0112042
2.676	0.0113004
2.674	0.0113973
2.672	0.011495
2.67	0.0115935
2.668	0.0116928
2.666	0.0117929
2.664	0.0118939
2.662	0.0119956
2.66	0.0120981
2.658	0.0122015
2.656	0.0123057
2.654	0.0124107
2.652	0.0125166
2.65	0.0126233
2.648	0.0127308
2.646	0.0128393
2.644	0.0129486
2.642	0.0130588
2.64	0.0131698
2.638	0.0132818
2.636	0.0133946
2.634	0.0135083
2.632	0.013623
2.63	0.0137386
2.628	0.013855
2.626	0.0139724
2.624	0.0140908
2.622	0.0142101
2.62	0.0143303
2.618	0.0144515
2.616	0.0145737
2.614	0.0146968
2.612	0.0148209
2.61	0.014946
2.608	0.015072
2.606	0.0151991
2.604	0.0153272
2.602	0.0154563
2.6	0.0155864
2.598	0.0157175
2.596	0.0158496
2.594	0.0159828
2.592	0.0161171
2.59	0.0162524
2.588	0.0163888
2.586	0.0165262
2.584	0.0166647
2.582	0.0168043
2.58	0.016945
2.578	0.0170868
2.576	0.0172297
2.574	0.0173737
2.572	0.0175189
2.57	0.0176651
2.568	0.0178126
2.566	0.0179611
2.564	0.0181108
2.562	0.0182617
2.56	0.0184137
2.558	0.018567
2.556	0.0187214
2.554	0.018877
2.552	0.0190338
2.55	0.0191918
2.548	0.019351
2.546	0.0195114
2.544	0.0196731
2.542	0.019836
2.54	0.0200002
2.538	0.0201656
2.536	0.0203323
2.534	0.0205003
2.532	0.0206695
2.53	0.0208401
2.528	0.0210119
2.526	0.0211851
2.524	0.0213595
2.522	0.0215353
2.52	0.0217124
2.518	0.0218908
2.516	0.0220706
2.514	0.0222518
2.512	0.0224343
2.51	0.0226182
2.508	0.0228034
2.506	0.0229901
2.504	0.0231781
2.502	0.0233676
2.5	0.0235584
2.498	0.0237507
2.496	0.0239444
2.494	0.0241396
2.492	0.0243362
2.49	0.0245342
2.488	0.0247337
2.486	0.0249347
2.484	0.0251372
2.482	0.0253411
2.48	0.0255466
2.478	0.0257535
2.476	0.025962
2.474	0.026172
2.472	0.0263835
2.47	0.0265965
2.468	0.0268111
2.466	0.0270273
2.464	0.027245
2.462	0.0274643
2.46	0.0276851
2.458	0.0279076
2.456	0.0281316
2.454	0.0283573
2.452	0.0285845
2.45	0.0288134
2.448	0.0290439
2.446	0.0292761
2.444	0.0295098
2.442	0.0297453
2.44	0.0299824
2.438	0.0302211
2.436	0.0304616
2.434	0.0307037
2.432	0.0309475
2.43	0.031193
2.428	0.0314402
2.426	0.0316892
2.424	0.0319398
2.422	0.0321922
2.42	0.0324464
2.418	0.0327022
2.416	0.0329598
2.414	0.0332192
2.412	0.0334804
2.41	0.0337433
2.408	0.034008
2.406	0.0342745
2.404	0.0345428
2.402	0.0348129
2.4	0.0350848
2.398	0.0353586
2.396	0.0356341
2.394	0.0359115
2.392	0.0361908
2.39	0.0364719
2.388	0.0367548
2.386	0.0370396
2.384	0.0373263
2.382	0.0376148
2.38	0.0379052
2.378	0.0381975
2.376	0.0384917
2.374	0.0387878
2.372	0.0390858
2.37	0.0393857
2.368	0.0396876
2.366	0.0399913
2.364	0.040297
2.362	0.0406047
2.36	0.0409142
2.358	0.0412257
2.356	0.0415392
2.354	0.0418546
2.352	0.042172
2.35	0.0424914
2.348	0.0428127
2.346	0.043136
2.344	0.0434613
2.342	0.0437886
2.34	0.0441179
2.338	0.0444492
2.336	0.0447825
2.334	0.0451178
2.332	0.0454551
2.33	0.0457944
2.328	0.0461357
2.326	0.0464791
2.324	0.0468245
2.322	0.0471719
2.32	0.0475214
2.318	0.0478729
2.316	0.0482264
2.314	0.048582
2.312	0.0489397
2.31	0.0492993
2.308	0.0496611
2.306	0.0500249
2.304	0.0503908
2.302	0.0507587
2.3	0.0511287
2.298	0.0515007
2.296	0.0518749
2.294	0.0522511
2.292	0.0526293
2.29	0.0530097
2.288	0.0533921
2.286	0.0537766
2.284	0.0541632
2.282	0.0545518
2.28	0.0549426
2.278	0.0553354
2.276	0.0557303
2.274	0.0561272
2.272	0.0565263
2.27	0.0569274
2.268	0.0573307
2.266	0.057736
2.264	0.0581433
2.262	0.0585528
2.26	0.0589643
2.258	0.059378
2.256	0.0597936
2.254	0.0602114
2.252	0.0606312
2.25	0.0610532
2.248	0.0614771
2.246	0.0619032
2.244	0.0623313
2.242	0.0627615
2.24	0.0631937
2.238	0.063628
2.236	0.0640643
2.234	0.0645027
2.232	0.0649432
2.23	0.0653856
2.228	0.0658302
2.226	0.0662767
2.224	0.0667253
2.222	0.0671759
2.22	0.0676285
2.218	0.0680832
2.216	0.0685398
2.214	0.0689985
2.212	0.0694592
2.21	0.0699218
2.208	0.0703865
2.206	0.0708531
2.204	0.0713217
2.202	0.0717923
2.2	0.0722648
2.198	0.0727393
2.196	0.0732157
2.194	0.0736941
2.192	0.0741744
2.19	0.0746566
2.188	0.0751407
2.186	0.0756268
2.184	0.0761147
2.182	0.0766045
2.18	0.0770962
2.178	0.0775898
2.176	0.0780853
2.174	0.0785826
2.172	0.0790817
2.17	0.0795826
2.168	0.0800854
2.166	0.08059
2.164	0.0810964
2.162	0.0816046
2.16	0.0821145
2.158	0.0826262
2.156	0.0831397
2.154	0.0836549
2.152	0.0841718
2.15	0.0846904
2.148	0.0852108
2.146	0.0857328
2.144	0.0862565
2.142	0.0867818
2.14	0.0873088
2.138	0.0878375
2.136	0.0883677
2.134	0.0888996
2.132	0.089433
2.13	0.089968
2.128	0.0905046
2.126	0.0910427
2.124	0.0915823
2.122	0.0921234
2.12	0.0926661
2.118	0.0932102
2.116	0.0937557
2.114	0.0943027
2.112	0.0948512
2.11	0.095401
2.108	0.0959522
2.106	0.0965048
2.104	0.0970587
2.102	0.097614
2.1	0.0981706
2.098	0.0987285
2.096	0.0992876
2.094	0.0998481
2.092	0.10041
2.09	0.100973
2.088	0.101537
2.086	0.102102
2.084	0.102668
2.082	0.103236
2.08	0.103804
2.078	0.104374
2.076	0.104945
2.074	0.105517
2.072	0.10609
2.07	0.106663
2.068	0.107238
2.066	0.107814
2.064	0.108391
2.062	0.108968
2.06	0.109547
2.058	0.110126
2.056	0.110707
2.054	0.111288
2.052	0.111869
2.05	0.112452
2.048	0.113035
2.046	0.113619
2.044	0.114204
2.042	0.114789
2.04	0.115376
2.038	0.115962
2.036	0.116549
2.034	0.117137
2.032	0.117725
2.03	0.118314
2.028	0.118904
2.026	0.119493
2.024	0.120084
2.022	0.120674
2.02	0.121265
2.018	0.121856
2.016	0.122448
2.014	0.12304
2.012	0.123632
2.01	0.124224
2.008	0.124817
2.006	0.12541
2.004	0.126002
2.002	0.126595
2	0.127188
1.998	0.127782
1.996	0.128375
1.994	0.128968
1.992	0.129561
1.99	0.130154
1.988	0.130747
1.986	0.13134
1.984	0.131932
1.982	0.132525
1.98	0.133117
1.978	0.133709
1.976	0.134301
1.974	0.134892
1.972	0.135483
1.97	0.136074
1.968	0.136664
1.966	0.137254
1.964	0.137843
1.962	0.138432
1.96	0.13902
1.958	0.139608
1.956	0.140195
1.954	0.140781
1.952	0.141367
1.95	0.141952
1.948	0.142536
1.946	0.14312
1.944	0.143703
1.942	0.144285
1.94	0.144866
1.938	0.145446
1.936	0.146025
1.934	0.146604
1.932	0.147181
1.93	0.147757
1.928	0.148332
1.926	0.148907
1.924	0.149479
1.922	0.150051
1.92	0.150622
1.918	0.151191
1.916	0.151759
1.914	0.152326
1.912	0.152892
1.91	0.153456
1.908	0.154019
1.906	0.15458
1.904	0.15514
1.902	0.155698
1.9	0.156255
1.898	0.15681
1.896	0.157364
1.894	0.157916
1.892	0.158466
1.89	0.159015
1.888	0.159562
1.886	0.160107
1.884	0.16065
1.882	0.161192
1.88	0.161731
1.878	0.162269
1.876	0.162805
1.874	0.163339
1.872	0.163871
1.87	0.164401
1.868	0.164928
1.866	0.165454
1.864	0.165978
1.862	0.166499
1.86	0.167018
1.858	0.167535
1.856	0.16805
1.854	0.168563
1.852	0.169073
1.85	0.169581
1.848	0.170086
1.846	0.170589
1.844	0.17109
1.842	0.171588
1.84	0.172083
1.838	0.172576
1.836	0.173067
1.834	0.173555
1.832	0.17404
1.83	0.174523
1.828	0.175003
1.826	0.17548
1.824	0.175954
1.822	0.176426
1.82	0.176895
1.818	0.177361
1.816	0.177824
1.814	0.178284
1.812	0.178742
1.81	0.179196
1.808	0.179648
1.806	0.180096
1.804	0.180542
1.802	0.180984
1.8	0.181423
1.798	0.18186
1.796	0.182293
1.794	0.182723
1.792	0.183149
1.79	0.183573
1.788	0.183993
1.786	0.18441
1.784	0.184824
1.782	0.185234
1.78	0.185641
1.778	0.186045
1.776	0.186445
1.774	0.186842
1.772	0.187236
1.77	0.187626
1.768	0.188012
1.766	0.188395
1.764	0.188775
1.762	0.189151
1.76	0.189523
1.758	0.189892
1.756	0.190257
1.754	0.190619
1.752	0.190977
1.75	0.191331
1.748	0.191682
1.746	0.192028
1.744	0.192372
1.742	0.192711
1.74	0.193047
1.738	0.193379
1.736	0.193707
1.734	0.194031
1.732	0.194351
1.73	0.194668
1.728	0.194981
1.726	0.19529
1.724	0.195595
1.722	0.195896
1.72	0.196193
1.718	0.196486
1.716	0.196775
1.714	0.197061
1.712	0.197342
1.71	0.197619
1.708	0.197893
1.706	0.198162
1.704	0.198427
1.702	0.198688
1.7	0.198946
1.698	0.199199
1.696	0.199448
1.694	0.199693
1.692	0.199934
1.69	0.200171
1.688	0.200404
1.686	0.200632
1.684	0.200857
1.682	0.201077
1.68	0.201293
1.678	0.201506
1.676	0.201714
1.674	0.201917
1.672	0.202117
1.67	0.202313
1.668	0.202504
1.666	0.202691
1.664	0.202875
1.662	0.203053
1.66	0.203228
1.658	0.203399
1.656	0.203565
1.654	0.203728
1.652	0.203886
1.65	0.204039
1.648	0.204189
1.646	0.204335
1.644	0.204476
1.642	0.204613
1.64	0.204746
1.638	0.204875
1.636	0.205
1.634	0.205121
1.632	0.205237
1.63	0.205349
1.628	0.205457
1.626	0.205561
1.624	0.205661
1.622	0.205757
1.62	0.205848
1.618	0.205936
1.616	0.206019
1.614	0.206098
1.612	0.206174
1.61	0.206245
1.608	0.206312
1.606	0.206375
1.604	0.206433
1.602	0.206488
1.6	0.206539
1.598	0.206586
1.596	0.206629
1.594	0.206667
1.592	0.206702
1.59	0.206733
1.588	0.20676
1.586	0.206782
1.584	0.206801
1.582	0.206816
1.58	0.206827
1.578	0.206835
1.576	0.206838
1.574	0.206837
1.572	0.206833
1.57	0.206825
1.568	0.206813
1.566	0.206797
1.564	0.206777
1.562	0.206754
1.56	0.206727
1.558	0.206696
1.556	0.206661
1.554	0.206623
1.552	0.206581
1.55	0.206535
1.548	0.206486
1.546	0.206433
1.544	0.206377
1.542	0.206317
1.54	0.206254
1.538	0.206187
1.536	0.206116
1.534	0.206042
1.532	0.205965
1.53	0.205884
1.528	0.2058
1.526	0.205712
1.524	0.205622
1.522	0.205527
1.52	0.20543
1.518	0.205329
1.516	0.205225
1.514	0.205118
1.512	0.205007
1.51	0.204894
1.508	0.204777
1.506	0.204657
1.504	0.204534
1.502	0.204408
1.5	0.204279
1.498	0.204147
1.496	0.204012
1.494	0.203874
1.492	0.203733
1.49	0.20359
1.488	0.203443
1.486	0.203294
1.484	0.203142
1.482	0.202987
1.48	0.202829
1.478	0.202669
1.476	0.202506
1.474	0.20234
1.472	0.202172
1.47	0.202001
1.468	0.201828
1.466	0.201652
1.464	0.201474
1.462	0.201293
1.46	0.20111
1.458	0.200924
1.456	0.200737
1.454	0.200546
1.452	0.200354
1.45	0.200159
1.448	0.199963
1.446	0.199764
1.444	0.199563
1.442	0.199359
1.44	0.199154
1.438	0.198947
1.436	0.198738
1.434	0.198526
1.432	0.198313
1.43	0.198098
1.428	0.197881
1.426	0.197663
1.424	0.197442
1.422	0.19722
1.42	0.196996
1.418	0.196771
1.416	0.196544
1.414	0.196315
1.412	0.196085
1.41	0.195853
1.408	0.19562
1.406	0.195385
1.404	0.195149
1.402	0.194911
1.4	0.194673
1.398	0.194432
1.396	0.194191
1.394	0.193948
1.392	0.193705
1.39	0.19346
1.388	0.193214
1.386	0.192967
1.384	0.192719
1.382	0.19247
1.38	0.19222
1.378	0.191969
1.376	0.191717
1.374	0.191464
1.372	0.191211
1.37	0.190956
1.368	0.190701
1.366	0.190446
1.364	0.190189
1.362	0.189932
1.36	0.189675
1.358	0.189417
1.356	0.189158
1.354	0.188899
1.352	0.18864
1.35	0.18838
1.348	0.18812
1.346	0.187859
1.344	0.187598
1.342	0.187337
1.34	0.187076
1.338	0.186814
1.336	0.186553
1.334	0.186291
1.332	0.18603
1.33	0.185768
1.328	0.185506
1.326	0.185244
1.324	0.184983
1.322	0.184721
1.32	0.18446
1.318	0.184199
1.316	0.183938
1.314	0.183677
1.312	0.183417
1.31	0.183157
1.308	0.182898
1.306	0.182638
1.304	0.18238
1.302	0.182121
1.3	0.181864
1.298	0.181606
1.296	0.18135
1.294	0.181094
1.292	0.180839
1.29	0.180584
1.288	0.18033
1.286	0.180077
1.284	0.179824
1.282	0.179573
1.28	0.179322
1.278	0.179072
1.276	0.178823
1.274	0.178575
1.272	0.178328
1.27	0.178082
1.268	0.177837
1.266	0.177594
1.264	0.177351
1.262	0.177109
1.26	0.176869
1.258	0.17663
1.256	0.176392
1.254	0.176155
1.252	0.17592
1.25	0.175686
1.248	0.175453
1.246	0.175222
1.244	0.174992
1.242	0.174763
1.24	0.174536
1.238	0.174311
1.236	0.174087
1.234	0.173865
1.232	0.173644
1.23	0.173425
1.228	0.173207
1.226	0.172991
1.224	0.172777
1.222	0.172565
1.22	0.172354
1.218	0.172145
1.216	0.171938
1.214	0.171733
1.212	0.17153
1.21	0.171328
1.208	0.171129
1.206	0.170931
1.204	0.170736
1.202	0.170542
1.2	0.17035
1.198	0.170161
1.196	0.169973
1.194	0.169788
1.192	0.169604
1.19	0.169423
1.188	0.169244
1.186	0.169067
1.184	0.168892
1.182	0.16872
1.18	0.16855
1.178	0.168382
1.176	0.168216
1.174	0.168053
1.172	0.167892
1.17	0.167733
1.168	0.167576
1.166	0.167423
1.164	0.167271
1.162	0.167122
1.16	0.166975
1.158	0.166831
1.156	0.166689
1.154	0.16655
1.152	0.166413
1.15	0.166279
1.148	0.166147
1.146	0.166018
1.144	0.165892
1.142	0.165768
1.14	0.165647
1.138	0.165528
1.136	0.165412
1.134	0.165299
1.132	0.165188
1.13	0.16508
1.128	0.164975
1.126	0.164873
1.124	0.164773
1.122	0.164676
1.12	0.164582
1.118	0.16449
1.116	0.164402
1.114	0.164316
1.112	0.164233
1.11	0.164153
1.108	0.164076
1.106	0.164001
1.104	0.16393
1.102	0.163861
1.1	0.163796
1.098	0.163733
1.096	0.163673
1.094	0.163616
1.092	0.163562
1.09	0.163511
1.088	0.163463
1.086	0.163418
1.084	0.163375
1.082	0.163336
1.08	0.1633
1.078	0.163267
1.076	0.163237
1.074	0.16321
1.072	0.163186
1.07	0.163165
1.068	0.163147
1.066	0.163132
1.064	0.16312
1.062	0.163111
1.06	0.163105
1.058	0.163103
1.056	0.163103
1.054	0.163107
1.052	0.163114
1.05	0.163123
1.048	0.163136
1.046	0.163152
1.044	0.163171
1.042	0.163194
1.04	0.163219
1.038	0.163248
1.036	0.163279
1.034	0.163314
1.032	0.163352
1.03	0.163394
1.028	0.163438
1.026	0.163485
1.024	0.163536
1.022	0.16359
1.02	0.163647
1.018	0.163707
1.016	0.163771
1.014	0.163837
1.012	0.163907
1.01	0.16398
1.008	0.164056
1.006	0.164135
1.004	0.164218
1.002	0.164304
1	0.164393
0.998	0.164485
0.996	0.16458
0.994	0.164678
0.992	0.16478
0.99	0.164885
0.988	0.164993
0.986	0.165104
0.984	0.165219
0.982	0.165337
0.98	0.165458
0.978	0.165582
0.976	0.165709
0.974	0.16584
0.972	0.165973
0.97	0.16611
0.968	0.16625
0.966	0.166394
0.964	0.16654
0.962	0.16669
0.96	0.166843
0.958	0.166999
0.956	0.167158
0.954	0.16732
0.952	0.167486
0.95	0.167655
0.948	0.167827
0.946	0.168002
0.944	0.16818
0.942	0.168362
0.94	0.168546
0.938	0.168734
0.936	0.168925
0.934	0.169119
0.932	0.169317
0.93	0.169517
0.928	0.169721
0.926	0.169928
0.924	0.170138
0.922	0.170351
0.92	0.170567
0.918	0.170786
0.916	0.171009
0.914	0.171235
0.912	0.171463
0.91	0.171695
0.908	0.17193
0.906	0.172168
0.904	0.17241
0.902	0.172654
0.9	0.172901
0.898	0.173152
0.896	0.173405
0.894	0.173662
0.892	0.173922
0.89	0.174185
0.888	0.174451
0.886	0.17472
0.884	0.174992
0.882	0.175267
0.88	0.175545
0.878	0.175827
0.876	0.176111
0.874	0.176398
0.872	0.176689
0.87	0.176982
0.868	0.177279
0.866	0.177578
0.864	0.17788
0.862	0.178186
0.86	0.178495
0.858	0.178806
0.856	0.179121
0.854	0.179438
0.852	0.179759
0.85	0.180082
0.848	0.180408
0.846	0.180738
0.844	0.18107
0.842	0.181406
0.84	0.181744
0.838	0.182085
0.836	0.182429
0.834	0.182776
0.832	0.183126
0.83	0.183479
0.828	0.183835
0.826	0.184194
0.824	0.184556
0.822	0.18492
0.82	0.185288
0.818	0.185658
0.816	0.186032
0.814	0.186408
0.812	0.186787
0.81	0.187169
0.808	0.187553
0.806	0.187941
0.804	0.188331
0.802	0.188725
0.8	0.189121
0.798	0.18952
0.796	0.189922
0.794	0.190326
0.792	0.190734
0.79	0.191144
0.788	0.191557
0.786	0.191972
0.784	0.192391
0.782	0.192812
0.78	0.193236
0.778	0.193663
0.776	0.194093
0.774	0.194525
0.772	0.19496
0.77	0.195398
0.768	0.195839
0.766	0.196282
0.764	0.196728
0.762	0.197177
0.76	0.197628
0.758	0.198082
0.756	0.198539
0.754	0.198998
0.752	0.19946
0.75	0.199925
0.748	0.200393
0.746	0.200863
0.744	0.201336
0.742	0.201811
0.74	0.202289
0.738	0.20277
0.736	0.203253
0.734	0.203739
0.732	0.204227
0.73	0.204718
0.728	0.205212
0.726	0.205708
0.724	0.206207
0.722	0.206708
0.72	0.207212
0.718	0.207718
0.716	0.208227
0.714	0.208738
0.712	0.209252
0.71	0.209769
0.708	0.210288
0.706	0.210809
0.704	0.211333
0.702	0.21186
0.7	0.212389
0.698	0.21292
0.696	0.213454
0.694	0.21399
0.692	0.214529
0.69	0.21507
0.688	0.215613
0.686	0.216159
0.684	0.216708
0.682	0.217258
0.68	0.217811
0.678	0.218367
0.676	0.218924
0.674	0.219485
0.672	0.220047
0.67	0.220612
0.668	0.221179
0.666	0.221748
0.664	0.22232
0.662	0.222894
0.66	0.22347
0.658	0.224049
0.656	0.22463
0.654	0.225213
0.652	0.225798
0.65	0.226385
0.648	0.226975
0.646	0.227567
0.644	0.228161
0.642	0.228757
0.64	0.229356
0.638	0.229956
0.636	0.230559
0.634	0.231164
0.632	0.231771
0.63	0.23238
0.628	0.232991
0.626	0.233605
0.624	0.23422
0.622	0.234837
0.62	0.235457
0.618	0.236078
0.616	0.236702
0.614	0.237327
0.612	0.237955
0.61	0.238584
0.608	0.239215
0.606	0.239849
0.604	0.240484
0.602	0.241121
0.6	0.24176
0.598	0.242401
0.596	0.243044
0.594	0.243689
0.592	0.244336
0.59	0.244984
0.588	0.245634
0.586	0.246286
0.584	0.24694
0.582	0.247596
0.58	0.248253
0.578	0.248912
0.576	0.249573
0.574	0.250236
0.572	0.2509
0.57	0.251566
0.568	0.252234
0.566	0.252903
0.564	0.253574
0.562	0.254246
0.56	0.25492
0.558	0.255596
0.556	0.256273
0.554	0.256952
0.552	0.257632
0.55	0.258314
0.548	0.258997
0.546	0.259682
0.544	0.260368
0.542	0.261055
0.54	0.261744
0.538	0.262435
0.536	0.263126
0.534	0.263819
0.532	0.264514
0.53	0.265209
0.528	0.265906
0.526	0.266605
0.524	0.267304
0.522	0.268005
0.52	0.268707
0.518	0.26941
0.516	0.270114
0.514	0.27082
0.512	0.271526
0.51	0.272234
0.508	0.272942
0.506	0.273652
0.504	0.274363
0.502	0.275075
0.5	0.275787
0.498	0.276501
0.496	0.277216
0.494	0.277931
0.492	0.278648
0.49	0.279365
0.488	0.280083
0.486	0.280802
0.484	0.281522
0.482	0.282242
0.48	0.282963
0.478	0.283685
0.476	0.284408
0.474	0.285131
0.472	0.285855
0.47	0.28658
0.468	0.287305
0.466	0.288031
0.464	0.288757
0.462	0.289484
0.46	0.290211
0.458	0.290939
0.456	0.291667
0.454	0.292395
0.452	0.293124
0.45	0.293853
0.448	0.294583
0.446	0.295313
0.444	0.296043
0.442	0.296773
0.44	0.297503
0.438	0.298234
0.436	0.298965
0.434	0.299696
0.432	0.300427
0.43	0.301158
0.428	0.301889
0.426	0.30262
0.424	0.303351
0.422	0.304082
0.42	0.304813
0.418	0.305544
0.416	0.306274
0.414	0.307005
0.412	0.307735
0.41	0.308465
0.408	0.309194
0.406	0.309924
0.404	0.310653
0.402	0.311381
0.4	0.312109
0.398	0.312837
0.396	0.313565
0.394	0.314291
0.392	0.315018
0.39	0.315743
0.388	0.316468
0.386	0.317193
0.384	0.317916
0.382	0.318639
0.38	0.319362
0.378	0.320083
0.376	0.320804
0.374	0.321524
0.372	0.322243
0.37	0.322961
0.368	0.323678
0.366	0.324394
0.364	0.325109
0.362	0.325824
0.36	0.326537
0.358	0.327249
0.356	0.327959
0.354	0.328669
0.352	0.329377
0.35	0.330084
0.348	0.33079
0.346	0.331495
0.344	0.332198
0.342	0.3329
0.34	0.3336
0.338	0.334299
0.336	0.334996
0.334	0.335692
0.332	0.336386
0.33	0.337079
0.328	0.33777
0.326	0.338459
0.324	0.339147
0.322	0.339833
0.32	0.340517
0.318	0.341199
0.316	0.34188
0.314	0.342558
0.312	0.343235
0.31	0.343909
0.308	0.344582
0.306	0.345252
0.304	0.345921
0.302	0.346587
0.3	0.347251
0.298	0.347913
0.296	0.348573
0.294	0.349231
0.292	0.349886
0.29	0.350539
0.288	0.351189
0.286	0.351837
0.284	0.352483
0.282	0.353126
0.28	0.353767
0.278	0.354405
0.276	0.355041
0.274	0.355674
0.272	0.356304
0.27	0.356932
0.268	0.357556
0.266	0.358178
0.264	0.358798
0.262	0.359414
0.26	0.360028
0.258	0.360638
0.256	0.361246
0.254	0.361851
0.252	0.362453
0.25	0.363051
0.248	0.363647
0.246	0.364239
0.244	0.364829
0.242	0.365415
0.24	0.365998
0.238	0.366577
0.236	0.367154
0.234	0.367727
0.232	0.368296
0.23	0.368863
0.228	0.369425
0.226	0.369985
0.224	0.37054
0.222	0.371093
0.22	0.371641
0.218	0.372187
0.216	0.372728
0.214	0.373266
0.212	0.3738
0.21	0.37433
0.208	0.374857
0.206	0.37538
0.204	0.375899
0.202	0.376414
0.2	0.376925
0.198	0.377432
0.196	0.377936
0.194	0.378435
0.192	0.37893
0.19	0.379421
0.188	0.379908
0.186	0.380391
0.184	0.38087
0.182	0.381345
0.18	0.381815
0.178	0.382282
0.176	0.382744
0.174	0.383201
0.172	0.383655
0.17	0.384104
0.168	0.384548
0.166	0.384988
0.164	0.385424
0.162	0.385855
0.16	0.386282
0.158	0.386704
0.156	0.387122
0.154	0.387535
0.152	0.387943
0.15	0.388347
0.148	0.388746
0.146	0.389141
0.144	0.389531
0.142	0.389916
0.14	0.390296
0.138	0.390671
0.136	0.391042
0.134	0.391408
0.132	0.391769
0.13	0.392125
0.128	0.392476
0.126	0.392822
0.124	0.393163
0.122	0.3935
0.12	0.393831
0.118	0.394157
0.116	0.394478
0.114	0.394794
0.112	0.395105
0.11	0.395411
0.108	0.395712
0.106	0.396008
0.104	0.396298
0.102	0.396583
0.1	0.396863
0.098	0.397138
0.096	0.397408
0.094	0.397672
0.092	0.397931
0.09	0.398185
0.088	0.398433
0.086	0.398676
0.084	0.398914
0.082	0.399146
0.08	0.399373
0.078	0.399595
0.076	0.399811
0.074	0.400021
0.072	0.400227
0.07	0.400427
0.068	0.400621
0.066	0.40081
0.064	0.400993
0.062	0.401171
0.06	0.401343
0.058	0.40151
0.056	0.401671
0.054	0.401827
0.052	0.401977
0.05	0.402121
0.048	0.40226
0.046	0.402394
0.044	0.402522
0.042	0.402644
0.04	0.40276
0.038	0.402871
0.036	0.402976
0.034	0.403076
0.032	0.40317
0.03	0.403258
0.028	0.403341
0.026	0.403418
0.024	0.403489
0.022	0.403554
0.02	0.403614
0.018	0.403668
0.016	0.403717
0.014	0.40376
0.012	0.403797
0.01	0.403828
0.008	0.403854
0.006	0.403874
0.004	0.403888
0.002	0.403897
0	0.4039
-0.002	0.403897
-0.004	0.403888
-0.006	0.403874
-0.008	0.403854
-0.01	0.403828
-0.012	0.403797
-0.014	0.40376
-0.016	0.403717
-0.018	0.403668
-0.02	0.403614
-0.022	0.403554
-0.024	0.403489
-0.026	0.403418
-0.028	0.403341
-0.03	0.403258
-0.032	0.40317
-0.034	0.403076
-0.036	0.402976
-0.038	0.402871
-0.04	0.40276
-0.042	0.402644
-0.044	0.402522
-0.046	0.402394
-0.048	0.40226
-0.05	0.402121
-0.052	0.401977
-0.054	0.401827
-0.056	0.401671
-0.058	0.40151
-0.06	0.401343
-0.062	0.401171
-0.064	0.400993
-0.066	0.40081
-0.068	0.400621
-0.07	0.400427
-0.072	0.400227
-0.074	0.400021
-0.076	0.399811
-0.078	0.399595
-0.08	0.399373
-0.082	0.399146
-0.084	0.398914
-0.086	0.398676
-0.088	0.398433
-0.09	0.398185
-0.092	0.397931
-0.094	0.397672
-0.096	0.397408
-0.098	0.397138
-0.1	0.396863
-0.102	0.396583
-0.104	0.396298
-0.106	0.396008
-0.108	0.395712
-0.11	0.395411
-0.112	0.395105
-0.114	0.394794
-0.116	0.394478
-0.118	0.394157
-0.12	0.393831
-0.122	0.3935
-0.124	0.393163
-0.126	0.392822
-0.128	0.392476
-0.13	0.392125
-0.132	0.391769
-0.134	0.391408
-0.136	0.391042
-0.138	0.390671
-0.14	0.390296
-0.142	0.389916
-0.144	0.389531
-0.146	0.389141
-0.148	0.388746
-0.15	0.388347
-0.152	0.387943
-0.154	0.387535
-0.156	0.387122
-0.158	0.386704
-0.16	0.386282
-0.162	0.385855
-0.164	0.385424
-0.166	0.384988
-0.168	0.384548
-0.17	0.384104
-0.172	0.383655
-0.174	0.383201
-0.176	0.382744
-0.178	0.382282
-0.18	0.381815
-0.182	0.381345
-0.184	0.38087
-0.186	0.380391
-0.188	0.379908
-0.19	0.379421
-0.192	0.37893
-0.194	0.378435
-0.196	0.377936
-0.198	0.377432
-0.2	0.376925
-0.202	0.376414
-0.204	0.375899
-0.206	0.37538
-0.208	0.374857
-0.21	0.37433
-0.212	0.3738
-0.214	0.373266
-0.216	0.372728
-0.218	0.372187
-0.22	0.371641
-0.222	0.371093
-0.224	0.37054
-0.226	0.369985
-0.228	0.369425
-0.23	0.368863
-0.232	0.368296
-0.234	0.367727
-0.236	0.367154
-0.238	0.366577
-0.24	0.365998
-0.242	0.365415
-0.244	0.364829
-0.246	0.364239
-0.248	0.363647
-0.25	0.363051
-0.252	0.362453
-0.254	0.361851
-0.256	0.361246
-0.258	0.360638
-0.26	0.360028
-0.262	0.359414
-0.264	0.358798
-0.266	0.358178
-0.268	0.357556
-0.27	0.356932
-0.272	0.356304
-0.274	0.355674
-0.276	0.355041
-0.278	0.354405
-0.28	0.353767
-0.282	0.353126
-0.284	0.352483
-0.286	0.351837
-0.288	0.351189
-0.29	0.350539
-0.292	0.349886
-0.294	0.349231
-0.296	0.348573
-0.298	0.347913
-0.3	0.347251
-0.302	0.346587
-0.304	0.345921
-0.306	0.345252
-0.308	0.344582
-0.31	0.343909
-0.312	0.343235
-0.314	0.342558
-0.316	0.34188
-0.318	0.341199
-0.32	0.340517
-0.322	0.339833
-0.324	0.339147
-0.326	0.338459
-0.328	0.33777
-0.33	0.337079
-0.332	0.336386
-0.334	0.335692
-0.336	0.334996
-0.338	0.334299
-0.34	0.3336
-0.342	0.3329
-0.344	0.332198
-0.346	0.331495
-0.348	0.33079
-0.35	0.330084
-0.352	0.329377
-0.354	0.328669
-0.356	0.327959
-0.358	0.327249
-0.36	0.326537
-0.362	0.325824
-0.364	0.325109
-0.366	0.324394
-0.368	0.323678
-0.37	0.322961
-0.372	0.322243
-0.374	0.321524
-0.376	0.320804
-0.378	0.320083
-0.38	0.319362
-0.382	0.318639
-0.384	0.317916
-0.386	0.317193
-0.388	0.316468
-0.39	0.315743
-0.392	0.315018
-0.394	0.314291
-0.396	0.313565
-0.398	0.312837
-0.4	0.312109
-0.402	0.311381
-0.404	0.310653
-0.406	0.309924
-0.408	0.309194
-0.41	0.308465
-0.412	0.307735
-0.414	0.307005
-0.416	0.306274
-0.418	0.305544
-0.42	0.304813
-0.422	0.304082
-0.424	0.303351
-0.426	0.30262
-0.428	0.301889
-0.43	0.301158
-0.432	0.300427
-0.434	0.299696
-0.436	0.298965
-0.438	0.298234
-0.44	0.297503
-0.442	0.296773
-0.444	0.296043
-0.446	0.295313
-0.448	0.294583
-0.45	0.293853
-0.452	0.293124
-0.454	0.292395
-0.456	0.291667
-0.458	0.290939
-0.46	0.290211
-0.462	0.289484
-0.464	0.288757
-0.466	0.288031
-0.468	0.287305
-0.47	0.28658
-0.472	0.285855
-0.474	0.285131
-0.476	0.284408
-0.478	0.283685
-0.48	0.282963
-0.482	0.282242
-0.484	0.281522
-0.486	0.280802
-0.488	0.280083
-0.49	0.279365
-0.492	0.278648
-0.494	0.277931
-0.496	0.277216
-0.498	0.276501
-0.5	0.275787
-0.502	0.275075
-0.504	0.274363
-0.506	0.273652
-0.508	0.272942
-0.51	0.272234
-0.512	0.271526
-0.514	0.27082
-0.516	0.270114
-0.518	0.26941
-0.52	0.268707
-0.522	0.268005
-0.524	0.267304
-0.526	0.266605
-0.528	0.265906
-0.53	0.265209
-0.532	0.264514
-0.534	0.263819
-0.536	0.263126
-0.538	0.262435
-0.54	0.261744
-0.542	0.261055
-0.544	0.260368
-0.546	0.259682
-0.548	0.258997
-0.55	0.258314
-0.552	0.257632
-0.554	0.256952
-0.556	0.256273
-0.558	0.255596
-0.56	0.25492
-0.562	0.254246
-0.564	0.253574
-0.566	0.252903
-0.568	0.252234
-0.57	0.251566
-0.572	0.2509
-0.574	0.250236
-0.576	0.249573
-0.578	0.248912
-0.58	0.248253
-0.582	0.247596
-0.584	0.24694
-0.586	0.246286
-0.588	0.245634
-0.59	0.244984
-0.592	0.244336
-0.594	0.243689
-0.596	0.243044
-0.598	0.242401
-0.6	0.24176
-0.602	0.241121
-0.604	0.240484
-0.606	0.239849
-0.608	0.239215
-0.61	0.238584
-0.612	0.237955
-0.614	0.237327
-0.616	0.236702
-0.618	0.236078
-0.62	0.235457
-0.622	0.234837
-0.624	0.23422
-0.626	0.233605
-0.628	0.232991
-0.63	0.23238
-0.632	0.231771
-0.634	0.231164
-0.636	0.230559
-0.638	0.229956
-0.64	0.229356
-0.642	0.228757
-0.644	0.228161
-0.646	0.227567
-0.648	0.226975
-0.65	0.226385
-0.652	0.225798
-0.654	0.225213
-0.656	0.22463
-0.658	0.224049
-0.66	0.22347
-0.662	0.222894
-0.664	0.22232
-0.666	0.221748
-0.668	0.221179
-0.67	0.220612
-0.672	0.220047
-0.674	0.219485
-0.676	0.218924
-0.678	0.218367
-0.68	0.217811
-0.682	0.217258
-0.684	0.216708
-0.686	0.216159
-0.688	0.215613
-0.69	0.21507
-0.692	0.214529
-0.694	0.21399
-0.696	0.213454
-0.698	0.21292
-0.7	0.212389
-0.702	0.21186
-0.704	0.211333
-0.706	0.210809
-0.708	0.210288
-0.71	0.209769
-0.712	0.209252
-0.714	0.208738
-0.716	0.208227
-0.718	0.207718
-0.72	0.207212
-0.722	0.206708
-0.724	0.206207
-0.726	0.205708
-0.728	0.205212
-0.73	0.204718
-0.732	0.204227
-0.734	0.203739
-0.736	0.203253
-0.738	0.20277
-0.74	0.202289
-0.742	0.201811
-0.744	0.201336
-0.746	0.200863
-0.748	0.200393
-0.75	0.199925
-0.752	0.19946
-0.754	0.198998
-0.756	0.198539
-0.758	0.198082
-0.76	0.197628
-0.762	0.197177
-0.764	0.196728
-0.766	0.196282
-0.768	0.195839
-0.77	0.195398
-0.772	0.19496
-0.774	0.194525
-0.776	0.194093
-0.778	0.193663
-0.78	0.193236
-0.782	0.192812
-0.784	0.192391
-0.786	0.191972
-0.788	0.191557
-0.79	0.191144
-0.792	0.190734
-0.794	0.190326
-0.796	0.189922
-0.798	0.18952
-0.8	0.189121
-0.802	0.188725
-0.804	0.188331
-0.806	0.187941
-0.808	0.187553
-0.81	0.187169
-0.812	0.186787
-0.814	0.186408
-0.816	0.186032
-0.818	0.185658
-0.82	0.185288
-0.822	0.18492
-0.824	0.184556
-0.826	0.184194
-0.828	0.183835
-0.83	0.183479
-0.832	0.183126
-0.834	0.182776
-0.836	0.182429
-0.838	0.182085
-0.84	0.181744
-0.842	0.181406
-0.844	0.18107
-0.846	0.180738
-0.848	0.180408
-0.85	0.180082
-0.852	0.179759
-0.854	0.179438
-0.856	0.179121
-0.858	0.178806
-0.86	0.178495
-0.862	0.178186
-0.864	0.17788
-0.866	0.177578
-0.868	0.177279
-0.87	0.176982
-0.872	0.176689
-0.874	0.176398
-0.876	0.176111
-0.878	0.175827
-0.88	0.175545
-0.882	0.175267
-0.884	0.174992
-0.886	0.17472
-0.888	0.174451
-0.89	0.174185
-0.892	0.173922
-0.894	0.173662
-0.896	0.173405
-0.898	0.173152
-0.9	0.172901
-0.902	0.172654
-0.904	0.17241
-0.906	0.172168
-0.908	0.17193
-0.91	0.171695
-0.912	0.171463
-0.914	0.171235
-0.916	0.171009
-0.918	0.170786
-0.92	0.170567
-0.922	0.170351
-0.924	0.170138
-0.926	0.169928
-0.928	0.169721
-0.93	0.169517
-0.932	0.169317
-0.934	0.169119
-0.936	0.168925
-0.938	0.168734
-0.94	0.168546
-0.942	0.168362
-0.944	0.16818
-0.946	0.168002
-0.948	0.167827
-0.95	0.167655
-0.952	0.167486
-0.954	0.16732
-0.956	0.167158
-0.958	0.166999
-0.96	0.166843
-0.962	0.16669
-0.964	0.16654
-0.966	0.166394
-0.968	0.16625
-0.97	0.16611
-0.972	0.165973
-0.974	0.16584
-0.976	0.165709
-0.978	0.165582
-0.98	0.165458
-0.982	0.165337
-0.984	0.165219
-0.986	0.165104
-0.988	0.164993
-0.99	0.164885
-0.992	0.16478
-0.994	0.164678
-0.996	0.16458
-0.998	0.164485
-1	0.164393
-1.002	0.164304
-1.004	0.164218
-1.006	0.164135
-1.008	0.164056
-1.01	0.16398
-1.012	0.163907
-1.014	0.163837
-1.016	0.163771
-1.018	0.163707
-1.02	0.163647
-1.022	0.16359
-1.024	0.163536
-1.026	0.163485
-1.028	0.163438
-1.03	0.163394
-1.032	0.163352
-1.034	0.163314
-1.036	0.163279
-1.038	0.163248
-1.04	0.163219
-1.042	0.163194
-1.044	0.163171
-1.046	0.163152
-1.048	0.163136
-1.05	0.163123
-1.052	0.163114
-1.054	0.163107
-1.056	0.163103
-1.058	0.163103
-1.06	0.163105
-1.062	0.163111
-1.064	0.16312
-1.066	0.163132
-1.068	0.163147
-1.07	0.163165
-1.072	0.163186
-1.074	0.16321
-1.076	0.163237
-1.078	0.163267
-1.08	0.1633
-1.082	0.163336
-1.084	0.163375
-1.086	0.163418
-1.088	0.163463
-1.09	0.163511
-1.092	0.163562
-1.094	0.163616
-1.096	0.163673
-1.098	0.163733
-1.1	0.163796
-1.102	0.163861
-1.104	0.16393
-1.106	0.164001
-1.108	0.164076
-1.11	0.164153
-1.112	0.164233
-1.114	0.164316
-1.116	0.164402
-1.118	0.16449
-1.12	0.164582
-1.122	0.164676
-1.124	0.164773
-1.126	0.164873
-1.128	0.164975
-1.13	0.16508
-1.132	0.165188
-1.134	0.165299
-1.136	0.165412
-1.138	0.165528
-1.14	0.165647
-1.142	0.165768
-1.144	0.165892
-1.146	0.166018
-1.148	0.166147
-1.15	0.166279
-1.152	0.166413
-1.154	0.16655
-1.156	0.166689
-1.158	0.166831
-1.16	0.166975
-1.162	0.167122
-1.164	0.167271
-1.166	0.167423
-1.168	0.167576
-1.17	0.167733
-1.172	0.167892
-1.174	0.168053
-1.176	0.168216
-1.178	0.168382
-1.18	0.16855
-1.182	0.16872
-1.184	0.168892
-1.186	0.169067
-1.188	0.169244
-1.19	0.169423
-1.192	0.169604
-1.194	0.169788
-1.196	0.169973
-1.198	0.170161
-1.2	0.17035
-1.202	0.170542
-1.204	0.170736
-1.206	0.170931
-1.208	0.171129
-1.21	0.171328
-1.212	0.17153
-1.214	0.171733
-1.216	0.171938
-1.218	0.172145
-1.22	0.172354
-1.222	0.172565
-1.224	0.172777
-1.226	0.172991
-1.228	0.173207
-1.23	0.173425
-1.232	0.173644
-1.234	0.173865
-1.236	0.174087
-1.238	0.174311
-1.24	0.174536
-1.242	0.174763
-1.244	0.174992
-1.246	0.175222
-1.248	0.175453
-1.25	0.175686
-1.252	0.17592
-1.254	0.176155
-1.256	0.176392
-1.258	0.17663
-1.26	0.176869
-1.262	0.177109
-1.264	0.177351
-1.266	0.177594
-1.268	0.177837
-1.27	0.178082
-1.272	0.178328
-1.274	0.178575
-1.276	0.178823
-1.278	0.179072
-1.28	0.179322
-1.282	0.179573
-1.284	0.179824
-1.286	0.180077
-1.288	0.18033
-1.29	0.180584
-1.292	0.180839
-1.294	0.181094
-1.296	0.18135
-1.298	0.181606
-1.3	0.181864
-1.302	0.182121
-1.304	0.18238
-1.306	0.182638
-1.308	0.182898
-1.31	0.183157
-1.312	0.183417
-1.314	0.183677
-1.316	0.183938
-1.318	0.184199
-1.32	0.18446
-1.322	0.184721
-1.324	0.184983
-1.326	0.185244
-1.328	0.185506
-1.33	0.185768
-1.332	0.18603
-1.334	0.186291
-1.336	0.186553
-1.338	0.186814
-1.34	0.187076
-1.342	0.187337
-1.344	0.187598
-1.346	0.187859
-1.348	0.18812
-1.35	0.18838
-1.352	0.18864
-1.354	0.188899
-1.356	0.189158
-1.358	0.189417
-1.36	0.189675
-1.362	0.189932
-1.364	0.190189
-1.366	0.190446
-1.368	0.190701
-1.37	0.190956
-1.372	0.191211
-1.374	0.191464
-1.376	0.191717
-1.378	0.191969
-1.38	0.19222
-1.382	0.19247
-1.384	0.192719
-1.386	0.192967
-1.388	0.193214
-1.39	0.19346
-1.392	0.193705
-1.394	0.193948
-1.396	0.194191
-1.398	0.194432
-1.4	0.194673
-1.402	0.194911
-1.404	0.195149
-1.406	0.195385
-1.408	0.19562
-1.41	0.195853
-1.412	0.196085
-1.414	0.196315
-1.416	0.196544
-1.418	0.196771
-1.42	0.196996
-1.422	0.19722
-1.424	0.197442
-1.426	0.197663
-1.428	0.197881
-1.43	0.198098
-1.432	0.198313
-1.434	0.198526
-1.436	0.198738
-1.438	0.198947
-1.44	0.199154
-1.442	0.199359
-1.444	0.199563
-1.446	0.199764
-1.448	0.199963
-1.45	0.200159
-1.452	0.200354
-1.454	0.200546
-1.456	0.200737
-1.458	0.200924
-1.46	0.20111
-1.462	0.201293
-1.464	0.201474
-1.466	0.201652
-1.468	0.201828
-1.47	0.202001
-1.472	0.202172
-1.474	0.20234
-1.476	0.202506
-1.478	0.202669
-1.48	0.202829
-1.482	0.202987
-1.484	0.203142
-1.486	0.203294
-1.488	0.203443
-1.49	0.20359
-1.492	0.203733
-1.494	0.203874
-1.496	0.204012
-1.498	0.204147
-1.5	0.204279
-1.502	0.204408
-1.504	0.204534
-1.506	0.204657
-1.508	0.204777
-1.51	0.204894
-1.512	0.205007
-1.514	0.205118
-1.516	0.205225
-1.518	0.205329
-1.52	0.20543
-1.522	0.205527
-1.524	0.205622
-1.526	0.205712
-1.528	0.2058
-1.53	0.205884
-1.532	0.205965
-1.534	0.206042
-1.536	0.206116
-1.538	0.206187
-1.54	0.206254
-1.542	0.206317
-1.544	0.206377
-1.546	0.206433
-1.548	0.206486
-1.55	0.206535
-1.552	0.206581
-1.554	0.206623
-1.556	0.206661
-1.558	0.206696
-1.56	0.206727
-1.562	0.206754
-1.564	0.206777
-1.566	0.206797
-1.568	0.206813
-1.57	0.206825
-1.572	0.206833
-1.574	0.206837
-1.576	0.206838
-1.578	0.206835
-1.58	0.206827
-1.582	0.206816
-1.584	0.206801
-1.586	0.206782
-1.588	0.20676
-1.59	0.206733
-1.592	0.206702
-1.594	0.206667
-1.596	0.206629
-1.598	0.206586
-1.6	0.206539
-1.602	0.206488
-1.604	0.206433
-1.606	0.206375
-1.608	0.206312
-1.61	0.206245
-1.612	0.206174
-1.614	0.206098
-1.616	0.206019
-1.618	0.205936
-1.62	0.205848
-1.622	0.205757
-1.624	0.205661
-1.626	0.205561
-1.628	0.205457
-1.63	0.205349
-1.632	0.205237
-1.634	0.205121
-1.636	0.205
-1.638	0.204875
-1.64	0.204746
-1.642	0.204613
-1.644	0.204476
-1.646	0.204335
-1.648	0.204189
-1.65	0.204039
-1.652	0.203886
-1.654	0.203728
-1.656	0.203565
-1.658	0.203399
-1.66	0.203228
-1.662	0.203053
-1.664	0.202875
-1.666	0.202691
-1.668	0.202504
-1.67	0.202313
-1.672	0.202117
-1.674	0.201917
-1.676	0.201714
-1.678	0.201506
-1.68	0.201293
-1.682	0.201077
-1.684	0.200857
-1.686	0.200632
-1.688	0.200404
-1.69	0.200171
-1.692	0.199934
-1.694	0.199693
-1.696	0.199448
-1.698	0.199199
-1.7	0.198946
-1.702	0.198688
-1.704	0.198427
-1.706	0.198162
-1.708	0.197893
-1.71	0.197619
-1.712	0.197342
-1.714	0.197061
-1.716	0.196775
-1.718	0.196486
-1.72	0.196193
-1.722	0.195896
-1.724	0.195595
-1.726	0.19529
-1.728	0.194981
-1.73	0.194668
-1.732	0.194351
-1.734	0.194031
-1.736	0.193707
-1.738	0.193379
-1.74	0.193047
-1.742	0.192711
-1.744	0.192372
-1.746	0.192028
-1.748	0.191682
-1.75	0.191331
-1.752	0.190977
-1.754	0.190619
-1.756	0.190257
-1.758	0.189892
-1.76	0.189523
-1.762	0.189151
-1.764	0.188775
-1.766	0.188395
-1.768	0.188012
-1.77	0.187626
-1.772	0.187236
-1.774	0.186842
-1.776	0.186445
-1.778	0.186045
-1.78	0.185641
-1.782	0.185234
-1.784	0.184824
-1.786	0.18441
-1.788	0.183993
-1.79	0.183573
-1.792	0.183149
-1.794	0.182723
-1.796	0.182293
-1.798	0.18186
-1.8	0.181423
-1.802	0.180984
-1.804	0.180542
-1.806	0.180096
-1.808	0.179648
-1.81	0.179196
-1.812	0.178742
-1.814	0.178284
-1.816	0.177824
-1.818	0.177361
-1.82	0.176895
-1.822	0.176426
-1.824	0.175954
-1.826	0.17548
-1.828	0.175003
-1.83	0.174523
-1.832	0.17404
-1.834	0.173555
-1.836	0.173067
-1.838	0.172576
-1.84	0.172083
-1.842	0.171588
-1.844	0.17109
-1.846	0.170589
-1.848	0.170086
-1.85	0.169581
-1.852	0.169073
-1.854	0.168563
-1.856	0.16805
-1.858	0.167535
-1.86	0.167018
-1.862	0.166499
-1.864	0.165978
-1.866	0.165454
-1.868	0.164928
-1.87	0.164401
-1.872	0.163871
-1.874	0.163339
-1.876	0.162805
-1.878	0.162269
-1.88	0.161731
-1.882	0.161192
-1.884	0.16065
-1.886	0.160107
-1.888	0.159562
-1.89	0.159015
-1.892	0.158466
-1.894	0.157916
-1.896	0.157364
-1.898	0.15681
-1.9	0.156255
-1.902	0.155698
-1.904	0.15514
-1.906	0.15458
-1.908	0.154019
-1.91	0.153456
-1.912	0.152892
-1.914	0.152326
-1.916	0.151759
-1.918	0.151191
-1.92	0.150622
-1.922	0.150051
-1.924	0.149479
-1.926	0.148907
-1.928	0.148332
-1.93	0.147757
-1.932	0.147181
-1.934	0.146604
-1.936	0.146025
-1.938	0.145446
-1.94	0.144866
-1.942	0.144285
-1.944	0.143703
-1.946	0.14312
-1.948	0.142536
-1.95	0.141952
-1.952	0.141367
-1.954	0.140781
-1.956	0.140195
-1.958	0.139608
-1.96	0.13902
-1.962	0.138432
-1.964	0.137843
-1.966	0.137254
-1.968	0.136664
-1.97	0.136074
-1.972	0.135483
-1.974	0.134892
-1.976	0.134301
-1.978	0.133709
-1.98	0.133117
-1.982	0.132525
-1.984	0.131932
-1.986	0.13134
-1.988	0.130747
-1.99	0.130154
-1.992	0.129561
-1.994	0.128968
-1.996	0.128375
-1.998	0.127782
-2	0.127188
-2.002	0.126595
-2.004	0.126002
-2.006	0.12541
-2.008	0.124817
-2.01	0.124224
-2.012	0.123632
-2.014	0.12304
-2.016	0.122448
-2.018	0.121856
-2.02	0.121265
-2.022	0.120674
-2.024	0.120084
-2.026	0.119493
-2.028	0.118904
-2.03	0.118314
-2.032	0.117725
-2.034	0.117137
-2.036	0.116549
-2.038	0.115962
-2.04	0.115376
-2.042	0.114789
-2.044	0.114204
-2.046	0.113619
-2.048	0.113035
-2.05	0.112452
-2.052	0.111869
-2.054	0.111288
-2.056	0.110707
-2.058	0.110126
-2.06	0.109547
-2.062	0.108968
-2.064	0.108391
-2.066	0.107814
-2.068	0.107238
-2.07	0.106663
-2.072	0.10609
-2.074	0.105517
-2.076	0.104945
-2.078	0.104374
-2.08	0.103804
-2.082	0.103236
-2.084	0.102668
-2.086	0.102102
-2.088	0.101537
-2.09	0.100973
-2.092	0.10041
-2.094	0.0998481
-2.096	0.0992876
-2.098	0.0987285
-2.1	0.0981706
-2.102	0.097614
-2.104	0.0970587
-2.106	0.0965048
-2.108	0.0959522
-2.11	0.095401
-2.112	0.0948512
-2.114	0.0943027
-2.116	0.0937557
-2.118	0.0932102
-2.12	0.0926661
-2.122	0.0921234
-2.124	0.0915823
-2.126	0.0910427
-2.128	0.0905046
-2.13	0.089968
-2.132	0.089433
-2.134	0.0888996
-2.136	0.0883677
-2.138	0.0878375
-2.14	0.0873088
-2.142	0.0867818
-2.144	0.0862565
-2.146	0.0857328
-2.148	0.0852108
-2.15	0.0846904
-2.152	0.0841718
-2.154	0.0836549
-2.156	0.0831397
-2.158	0.0826262
-2.16	0.0821145
-2.162	0.0816046
-2.164	0.0810964
-2.166	0.08059
-2.168	0.0800854
-2.17	0.0795826
-2.172	0.0790817
-2.174	0.0785826
-2.176	0.0780853
-2.178	0.0775898
-2.18	0.0770962
-2.182	0.0766045
-2.184	0.0761147
-2.186	0.0756268
-2.188	0.0751407
-2.19	0.0746566
-2.192	0.0741744
-2.194	0.0736941
-2.196	0.0732157
-2.198	0.0727393
-2.2	0.0722648
-2.202	0.0717923
-2.204	0.0713217
-2.206	0.0708531
-2.208	0.0703865
-2.21	0.0699218
-2.212	0.0694592
-2.214	0.0689985
-2.216	0.0685398
-2.218	0.0680832
-2.22	0.0676285
-2.222	0.0671759
-2.224	0.0667253
-2.226	0.0662767
-2.228	0.0658302
-2.23	0.0653856
-2.232	0.0649432
-2.234	0.0645027
-2.236	0.0640643
-2.238	0.063628
-2.24	0.0631937
-2.242	0.0627615
-2.244	0.0623313
-2.246	0.0619032
-2.248	0.0614771
-2.25	0.0610532
-2.252	0.0606312
-2.254	0.0602114
-2.256	0.0597936
-2.258	0.059378
-2.26	0.0589643
-2.262	0.0585528
-2.264	0.0581433
-2.266	0.057736
-2.268	0.0573307
-2.27	0.0569274
-2.272	0.0565263
-2.274	0.0561272
-2.276	0.0557303
-2.278	0.0553354
-2.28	0.0549426
-2.282	0.0545518
-2.284	0.0541632
-2.286	0.0537766
-2.288	0.0533921
-2.29	0.0530097
-2.292	0.0526293
-2.294	0.0522511
-2.296	0.0518749
-2.298	0.0515007
-2.3	0.0511287
-2.302	0.0507587
-2.304	0.0503908
-2.306	0.0500249
-2.308	0.0496611
-2.31	0.0492993
-2.312	0.0489397
-2.314	0.048582
-2.316	0.0482264
-2.318	0.0478729
-2.32	0.0475214
-2.322	0.0471719
-2.324	0.0468245
-2.326	0.0464791
-2.328	0.0461357
-2.33	0.0457944
-2.332	0.0454551
-2.334	0.0451178
-2.336	0.0447825
-2.338	0.0444492
-2.34	0.0441179
-2.342	0.0437886
-2.344	0.0434613
-2.346	0.043136
-2.348	0.0428127
-2.35	0.0424914
-2.352	0.042172
-2.354	0.0418546
-2.356	0.0415392
-2.358	0.0412257
-2.36	0.0409142
-2.362	0.0406047
-2.364	0.040297
-2.366	0.0399913
-2.368	0.0396876
-2.37	0.0393857
-2.372	0.0390858
-2.374	0.0387878
-2.376	0.0384917
-2.378	0.0381975
-2.38	0.0379052
-2.382	0.0376148
-2.384	0.0373263
-2.386	0.0370396
-2.388	0.0367548
-2.39	0.0364719
-2.392	0.0361908
-2.394	0.0359115
-2.396	0.0356341
-2.398	0.0353586
-2.4	0.0350848
-2.402	0.0348129
-2.404	0.0345428
-2.406	0.0342745
-2.408	0.034008
-2.41	0.0337433
-2.412	0.0334804
-2.414	0.0332192
-2.416	0.0329598
-2.418	0.0327022
-2.42	0.0324464
-2.422	0.0321922
-2.424	0.0319398
-2.426	0.0316892
-2.428	0.0314402
-2.43	0.031193
-2.432	0.0309475
-2.434	0.0307037
-2.436	0.0304616
-2.438	0.0302211
-2.44	0.0299824
-2.442	0.0297453
-2.444	0.0295098
-2.446	0.0292761
-2.448	0.0290439
-2.45	0.0288134
-2.452	0.0285845
-2.454	0.0283573
-2.456	0.0281316
-2.458	0.0279076
-2.46	0.0276851
-2.462	0.0274643
-2.464	0.027245
-2.466	0.0270273
-2.468	0.0268111
-2.47	0.0265965
-2.472	0.0263835
-2.474	0.026172
-2.476	0.025962
-2.478	0.0257535
-2.48	0.0255466
-2.482	0.0253411
-2.484	0.0251372
-2.486	0.0249347
-2.488	0.0247337
-2.49	0.0245342
-2.492	0.0243362
-2.494	0.0241396
-2.496	0.0239444
-2.498	0.0237507
-2.5	0.0235584
-2.502	0.0233676
-2.504	0.0231781
-2.506	0.0229901
-2.508	0.0228034
-2.51	0.0226182
-2.512	0.0224343
-2.514	0.0222518
-2.516	0.0220706
-2.518	0.0218908
-2.52	0.0217124
-2.522	0.0215353
-2.524	0.0213595
-2.526	0.0211851
-2.528	0.0210119
-2.53	0.0208401
-2.532	0.0206695
-2.534	0.0205003
-2.536	0.0203323
-2.538	0.0201656
-2.54	0.0200002
-2.542	0.019836
-2.544	0.0196731
-2.546	0.0195114
-2.548	0.019351
-2.55	0.0191918
-2.552	0.0190338
-2.554	0.018877
-2.556	0.0187214
-2.558	0.018567
-2.56	0.0184137
-2.562	0.0182617
-2.564	0.0181108
-2.566	0.0179611
-2.568	0.0178126
-2.57	0.0176651
-2.572	0.0175189
-2.574	0.0173737
-2.576	0.0172297
-2.578	0.0170868
-2.58	0.016945
-2.582	0.0168043
-2.584	0.0166647
-2.586	0.0165262
-2.588	0.0163888
-2.59	0.0162524
-2.592	0.0161171
-2.594	0.0159828
-2.596	0.0158496
-2.598	0.0157175
-2.6	0.0155864
-2.602	0.0154563
-2.604	0.0153272
-2.606	0.0151991
-2.608	0.015072
-2.61	0.014946
-2.612	0.0148209
-2.614	0.0146968
-2.616	0.0145737
-2.618	0.0144515
-2.62	0.0143303
-2.622	0.0142101
-2.624	0.0140908
-2.626	0.0139724
-2.628	0.013855
-2.63	0.0137386
-2.632	0.013623
-2.634	0.0135083
-2.636	0.0133946
-2.638	0.0132818
-2.64	0.0131698
-2.642	0.0130588
-2.644	0.0129486
-2.646	0.0128393
-2.648	0.0127308
-2.65	0.0126233
-2.652	0.0125166
-2.654	0.0124107
-2.656	0.0123057
-2.658	0.0122015
-2.66	0.0120981
-2.662	0.0119956
-2.664	0.0118939
-2.666	0.0117929
-2.668	0.0116928
-2.67	0.0115935
-2.672	0.011495
-2.674	0.0113973
-2.676	0.0113004
-2.678	0.0112042
-2.68	0.0111088
-2.682	0.0110142
-2.684	0.0109203
-2.686	0.0108272
-2.688	0.0107348
-2.69	0.0106432
-2.692	0.0105523
-2.694	0.0104621
-2.696	0.0103727
-2.698	0.0102839
-2.7	0.0101959
-2.702	0.0101086
-2.704	0.010022
-2.706	0.00993612
-2.708	0.0098509
-2.71	0.00976637
-2.712	0.00968252
-2.714	0.00959935
-2.716	0.00951684
-2.718	0.009435
-2.72	0.00935382
-2.722	0.0092733
-2.724	0.00919342
-2.726	0.00911419
-2.728	0.0090356
-2.73	0.00895765
-2.732	0.00888032
-2.734	0.00880362
-2.736	0.00872754
-2.738	0.00865207
-2.74	0.00857722
-2.742	0.00850297
-2.744	0.00842932
-2.746	0.00835626
-2.748	0.0082838
-2.75	0.00821193
-2.752	0.00814063
-2.754	0.00806992
-2.756	0.00799978
-2.758	0.00793021
-2.76	0.0078612
-2.762	0.00779275
-2.764	0.00772486
-2.766	0.00765752
-2.768	0.00759073
-2.77	0.00752447
-2.772	0.00745876
-2.774	0.00739358
-2.776	0.00732893
-2.778	0.00726481
-2.78	0.00720121
-2.782	0.00713813
-2.784	0.00707556
-2.786	0.0070135
-2.788	0.00695194
-2.79	0.00689089
-2.792	0.00683034
-2.794	0.00677028
-2.796	0.0067107
-2.798	0.00665162
-2.8	0.00659302
-2.802	0.00653489
-2.804	0.00647724
-2.806	0.00642006
-2.808	0.00636335
-2.81	0.00630711
-2.812	0.00625132
-2.814	0.00619599
-2.816	0.00614111
-2.818	0.00608668
-2.82	0.0060327
-2.822	0.00597916
-2.824	0.00592605
-2.826	0.00587339
-2.828	0.00582115
-2.83	0.00576934
-2.832	0.00571796
-2.834	0.005667
-2.836	0.00561646
-2.838	0.00556634
-2.84	0.00551662
-2.842	0.00546732
-2.844	0.00541842
-2.846	0.00536992
-2.848	0.00532183
-2.85	0.00527412
-2.852	0.00522682
-2.854	0.0051799
-2.856	0.00513337
-2.858	0.00508722
-2.86	0.00504145
-2.862	0.00499606
-2.864	0.00495105
-2.866	0.00490641
-2.868	0.00486213
-2.87	0.00481823
-2.872	0.00477468
-2.874	0.0047315
-2.876	0.00468868
-2.878	0.0046462
-2.88	0.00460409
-2.882	0.00456232
-2.884	0.0045209
-2.886	0.00447982
-2.888	0.00443908
-2.89	0.00439868
-2.892	0.00435862
-2.894	0.00431889
-2.896	0.00427949
-2.898	0.00424042
-2.9	0.00420167
-2.902	0.00416325
-2.904	0.00412515
-2.906	0.00408737
-2.908	0.0040499
-2.91	0.00401274
-2.912	0.0039759
-2.914	0.00393936
-2.916	0.00390313
-2.918	0.00386721
-2.92	0.00383158
-2.922	0.00379625
-2.924	0.00376122
-2.926	0.00372649
-2.928	0.00369204
-2.93	0.00365789
-2.932	0.00362402
-2.934	0.00359044
-2.936	0.00355714
-2.938	0.00352412
-2.94	0.00349138
-2.942	0.00345891
-2.944	0.00342672
-2.946	0.0033948
-2.948	0.00336315
-2.95	0.00333177
-2.952	0.00330066
-2.954	0.0032698
-2.956	0.00323921
-2.958	0.00320888
-2.96	0.00317881
-2.962	0.00314899
-2.964	0.00311943
-2.966	0.00309012
-2.968	0.00306105
-2.97	0.00303224
-2.972	0.00300367
-2.974	0.00297534
-2.976	0.00294726
-2.978	0.00291941
-2.98	0.00289181
-2.982	0.00286444
-2.984	0.0028373
-2.986	0.0028104
-2.988	0.00278373
-2.99	0.00275729
-2.992	0.00273107
-2.994	0.00270508
-2.996	0.00267932
-2.998	0.00265377
-3	0.00262845
-3.002	0.00260334
-3.004	0.00257845
-3.006	0.00255378
-3.008	0.00252932
-3.01	0.00250507
-3.012	0.00248104
-3.014	0.00245721
-3.016	0.00243358
-3.018	0.00241017
-3.02	0.00238695
-3.022	0.00236394
-3.024	0.00234113
-3.026	0.00231852
-3.028	0.0022961
-3.03	0.00227388
-3.032	0.00225186
-3.034	0.00223003
-3.036	0.00220839
-3.038	0.00218694
-3.04	0.00216567
-3.042	0.0021446
-3.044	0.00212371
-3.046	0.002103
-3.048	0.00208247
-3.05	0.00206213
-3.052	0.00204197
-3.054	0.00202198
-3.056	0.00200217
-3.058	0.00198254
-3.06	0.00196308
-3.062	0.00194379
-3.064	0.00192468
-3.066	0.00190573
-3.068	0.00188695
-3.07	0.00186834
-3.072	0.0018499
-3.074	0.00183162
-3.076	0.0018135
-3.078	0.00179555
-3.08	0.00177775
-3.082	0.00176012
-3.084	0.00174264
-3.086	0.00172532
-3.088	0.00170816
-3.09	0.00169115
-3.092	0.00167429
-3.094	0.00165759
-3.096	0.00164103
-3.098	0.00162463
-3.1	0.00160837
-3.102	0.00159226
-3.104	0.0015763
-3.106	0.00156048
-3.108	0.00154481
-3.11	0.00152927
-3.112	0.00151388
-3.114	0.00149863
-3.116	0.00148352
-3.118	0.00146855
-3.12	0.00145371
-3.122	0.00143901
-3.124	0.00142444
-3.126	0.00141001
-3.128	0.00139571
-3.13	0.00138154
-3.132	0.0013675
-3.134	0.00135359
-3.136	0.00133981
-3.138	0.00132616
-3.14	0.00131263
-3.142	0.00129923
-3.144	0.00128595
-3.146	0.00127279
-3.148	0.00125976
-3.15	0.00124685
-3.152	0.00123406
-3.154	0.00122138
-3.156	0.00120883
-3.158	0.00119639
-3.16	0.00118407
-3.162	0.00117186
-3.164	0.00115977
-3.166	0.00114779
-3.168	0.00113593
-3.17	0.00112417
-3.172	0.00111253
-3.174	0.00110099
-3.176	0.00108957
-3.178	0.00107825
-3.18	0.00106704
-3.182	0.00105593
-3.184	0.00104493
-3.186	0.00103404
-3.188	0.00102324
-3.19	0.00101255
-3.192	0.00100197
-3.194	0.000991478
-3.196	0.000981091
-3.198	0.000970803
-3.2	0.000960613
-3.202	0.000950521
-3.204	0.000940525
-3.206	0.000930625
-3.208	0.000920821
-3.21	0.00091111
-3.212	0.000901493
-3.214	0.000891968
-3.216	0.000882536
-3.218	0.000873194
-3.22	0.000863943
-3.222	0.000854781
-3.224	0.000845708
-3.226	0.000836723
-3.228	0.000827825
-3.23	0.000819014
-3.232	0.000810288
-3.234	0.000801647
-3.236	0.000793091
-3.238	0.000784618
-3.24	0.000776228
-3.242	0.000767921
-3.244	0.000759694
-3.246	0.000751548
-3.248	0.000743483
-3.25	0.000735496
-3.252	0.000727588
-3.254	0.000719758
-3.256	0.000712006
-3.258	0.00070433
-3.26	0.00069673
-3.262	0.000689205
-3.264	0.000681754
-3.266	0.000674378
-3.268	0.000667074
-3.27	0.000659844
-3.272	0.000652685
-3.274	0.000645598
-3.276	0.000638581
-3.278	0.000631635
-3.28	0.000624758
-3.282	0.00061795
-3.284	0.00061121
-3.286	0.000604537
-3.288	0.000597932
-3.29	0.000591393
-3.292	0.00058492
-3.294	0.000578512
-3.296	0.000572169
-3.298	0.00056589
-3.3	0.000559674
-3.302	0.000553522
-3.304	0.000547431
-3.306	0.000541403
-3.308	0.000535435
-3.31	0.000529529
-3.312	0.000523682
-3.314	0.000517895
-3.316	0.000512167
-3.318	0.000506498
-3.32	0.000500886
-3.322	0.000495332
-3.324	0.000489835
-3.326	0.000484394
-3.328	0.000479009
-3.33	0.00047368
-3.332	0.000468405
-3.334	0.000463184
-3.336	0.000458018
-3.338	0.000452905
-3.34	0.000447844
-3.342	0.000442836
-3.344	0.00043788
-3.346	0.000432975
-3.348	0.000428121
-3.35	0.000423318
-3.352	0.000418564
-3.354	0.00041386
-3.356	0.000409205
-3.358	0.000404599
-3.36	0.000400041
-3.362	0.00039553
-3.364	0.000391067
-3.366	0.00038665
-3.368	0.00038228
-3.37	0.000377955
-3.372	0.000373676
-3.374	0.000369442
-3.376	0.000365253
-3.378	0.000361107
-3.38	0.000357006
-3.382	0.000352948
-3.384	0.000348933
-3.386	0.00034496
-3.388	0.000341029
-3.39	0.00033714
-3.392	0.000333292
-3.394	0.000329486
-3.396	0.000325719
-3.398	0.000321993
-3.4	0.000318307
-3.402	0.00031466
-3.404	0.000311052
-3.406	0.000307482
-3.408	0.000303951
-3.41	0.000300457
-3.412	0.000297001
-3.414	0.000293582
-3.416	0.0002902
-3.418	0.000286854
-3.42	0.000283544
-3.422	0.00028027
-3.424	0.000277031
-3.426	0.000273827
-3.428	0.000270658
-3.43	0.000267523
-3.432	0.000264422
-3.434	0.000261355
-3.436	0.000258321
-3.438	0.00025532
-3.44	0.000252351
-3.442	0.000249415
-3.444	0.000246511
-3.446	0.000243638
-3.448	0.000240797
-3.45	0.000237987
-3.452	0.000235207
-3.454	0.000232458
-3.456	0.000229739
-3.458	0.00022705
-3.46	0.000224391
-3.462	0.00022176
-3.464	0.000219159
-3.466	0.000216586
-3.468	0.000214041
-3.47	0.000211525
-3.472	0.000209036
-3.474	0.000206575
-3.476	0.000204141
-3.478	0.000201734
-3.48	0.000199353
-3.482	0.000196999
-3.484	0.000194671
-3.486	0.000192369
-3.488	0.000190093
-3.49	0.000187841
-3.492	0.000185615
-3.494	0.000183414
-3.496	0.000181237
-3.498	0.000179085
-3.5	0.000176956
-3.502	0.000174852
-3.504	0.000172771
-3.506	0.000170713
-3.508	0.000168678
-3.51	0.000166666
-3.512	0.000164677
-3.514	0.00016271
-3.516	0.000160765
-3.518	0.000158842
-3.52	0.000156941
-3.522	0.000155061
-3.524	0.000153203
-3.526	0.000151365
-3.528	0.000149548
-3.53	0.000147752
-3.532	0.000145976
-3.534	0.00014422
-3.536	0.000142484
-3.538	0.000140768
-3.54	0.000139072
-3.542	0.000137394
-3.544	0.000135736
-3.546	0.000134097
-3.548	0.000132476
-3.55	0.000130874
-3.552	0.00012929
-3.554	0.000127724
-3.556	0.000126176
-3.558	0.000124646
-3.56	0.000123133
-3.562	0.000121638
-3.564	0.00012016
-3.566	0.000118698
-3.568	0.000117254
-3.57	0.000115826
-3.572	0.000114415
-3.574	0.00011302
-3.576	0.000111641
-3.578	0.000110278
-3.58	0.00010893
-3.582	0.000107598
-3.584	0.000106282
-3.586	0.000104981
-3.588	0.000103695
-3.59	0.000102423
-3.592	0.000101167
-3.594	9.9925e-05
-3.596	9.86975e-05
-3.598	9.74843e-05
-3.6	9.62853e-05
-3.602	9.51001e-05
-3.604	9.39288e-05
-3.606	9.27712e-05
-3.608	9.1627e-05
-3.61	9.04962e-05
-3.612	8.93786e-05
-3.614	8.82741e-05
-3.616	8.71826e-05
-3.618	8.61038e-05
-3.62	8.50376e-05
-3.622	8.3984e-05
-3.624	8.29427e-05
-3.626	8.19136e-05
-3.628	8.08967e-05
-3.63	7.98917e-05
-3.632	7.88985e-05
-3.634	7.79171e-05
-3.636	7.69472e-05
-3.638	7.59887e-05
-3.64	7.50416e-05
-3.642	7.41056e-05
-3.644	7.31808e-05
-3.646	7.22668e-05
-3.648	7.13637e-05
-3.65	7.04713e-05
-3.652	6.95895e-05
-3.654	6.87181e-05
-3.656	6.78571e-05
-3.658	6.70063e-05
-3.66	6.61656e-05
-3.662	6.53349e-05
-3.664	6.45141e-05
-3.666	6.37031e-05
-3.668	6.29018e-05
-3.67	6.211e-05
-3.672	6.13277e-05
-3.674	6.05547e-05
-3.676	5.9791e-05
-3.678	5.90364e-05
-3.68	5.82909e-05
-3.682	5.75542e-05
-3.684	5.68265e-05
-3.686	5.61074e-05
-3.688	5.5397e-05
-3.69	5.46951e-05
-3.692	5.40016e-05
-3.694	5.33165e-05
-3.696	5.26397e-05
-3.698	5.1971e-05
-3.7	5.13103e-05
-3.702	5.06576e-05
-3.704	5.00129e-05
-3.706	4.93758e-05
-3.708	4.87465e-05
-3.71	4.81249e-05
-3.712	4.75107e-05
-3.714	4.6904e-05
-3.716	4.63046e-05
-3.718	4.57125e-05
-3.72	4.51276e-05
-3.722	4.45498e-05
-3.724	4.3979e-05
-3.726	4.34151e-05
-3.728	4.28582e-05
-3.73	4.2308e-05
-3.732	4.17645e-05
-3.734	4.12276e-05
-3.736	4.06973e-05
-3.738	4.01734e-05
-3.74	3.9656e-05
-3.742	3.91449e-05
-3.744	3.864e-05
-3.746	3.81414e-05
-3.748	3.76488e-05
-3.75	3.71623e-05
-3.752	3.66817e-05
-3.754	3.62071e-05
-3.756	3.57382e-05
-3.758	3.52752e-05
-3.76	3.48178e-05
-3.762	3.43661e-05
-3.764	3.39199e-05
-3.766	3.34792e-05
-3.768	3.3044e-05
-3.77	3.26141e-05
-3.772	3.21895e-05
-3.774	3.17702e-05
-3.776	3.13561e-05
-3.778	3.09471e-05
-3.78	3.05432e-05
-3.782	3.01442e-05
-3.784	2.97502e-05
-3.786	2.93611e-05
-3.788	2.89769e-05
-3.79	2.85974e-05
-3.792	2.82226e-05
-3.794	2.78525e-05
-3.796	2.7487e-05
-3.798	2.7126e-05
-3.8	2.67696e-05
-3.802	2.64176e-05
-3.804	2.607e-05
-3.806	2.57267e-05
-3.808	2.53877e-05
-3.81	2.5053e-05
-3.812	2.47224e-05
-3.814	2.4396e-05
-3.816	2.40737e-05
-3.818	2.37554e-05
-3.82	2.34411e-05
-3.822	2.31307e-05
-3.824	2.28243e-05
-3.826	2.25217e-05
-3.828	2.22229e-05
-3.83	2.19279e-05
-3.832	2.16366e-05
-3.834	2.13489e-05
-3.836	2.10649e-05
-3.838	2.07845e-05
-3.84	2.05076e-05
-3.842	2.02342e-05
-3.844	1.99643e-05
-3.846	1.96978e-05
-3.848	1.94347e-05
-3.85	1.91749e-05
-3.852	1.89184e-05
-3.854	1.86651e-05
-3.856	1.84151e-05
-3.858	1.81682e-05
-3.86	1.79245e-05
-3.862	1.76839e-05
-3.864	1.74464e-05
-3.866	1.72118e-05
-3.868	1.69803e-05
-3.87	1.67517e-05
-3.872	1.65261e-05
-3.874	1.63033e-05
-3.876	1.60833e-05
-3.878	1.58662e-05
-3.88	1.56519e-05
-3.882	1.54403e-05
-3.884	1.52314e-05
-3.886	1.50252e-05
-3.888	1.48217e-05
-3.89	1.46207e-05
-3.892	1.44224e-05
-3.894	1.42266e-05
-3.896	1.40333e-05
-3.898	1.38425e-05
-3.9	1.36541e-05
-3.902	1.34682e-05
-3.904	1.32847e-05
-3.906	1.31036e-05
-3.908	1.29248e-05
-3.91	1.27483e-05
-3.912	1.25741e-05
-3.914	1.24022e-05
-3.916	1.22324e-05
-3.918	1.20649e-05
-3.92	1.18996e-05
-3.922	1.17364e-05
-3.924	1.15753e-05
-3.926	1.14163e-05
-3.928	1.12594e-05
-3.93	1.11046e-05
-3.932	1.09517e-05
-3.934	1.08009e-05
-3.936	1.0652e-05
-3.938	1.0505e-05
-3.94	1.036e-05
-3.942	1.02169e-05
-3.944	1.00756e-05
-3.946	9.93625e-06
-3.948	9.79867e-06
-3.95	9.6629e-06
-3.952	9.52892e-06
-3.954	9.39669e-06
-3.956	9.2662e-06
-3.958	9.13743e-06
-3.96	9.01035e-06
-3.962	8.88494e-06
-3.964	8.76119e-06
-3.966	8.63908e-06
-3.968	8.51857e-06
-3.97	8.39965e-06
-3.972	8.28231e-06
-3.974	8.16652e-06
-3.976	8.05226e-06
-3.978	7.93952e-06
-3.98	7.82827e-06
-3.982	7.7185e-06
-3.984	7.61018e-06
-3.986	7.5033e-06
-3.988	7.39785e-06
-3.99	7.2938e-06
-3.992	7.19113e-06
-3.994	7.08983e-06
-3.996	6.98988e-06
-3.998	6.89127e-06
-4	6.79397e-06
-4.002	6.69797e-06
-4.004	6.60326e-06
-4.006	6.50982e-06
-4.008	6.41762e-06
-4.01	6.32667e-06
-4.012	6.23693e-06
-4.014	6.1484e-06
-4.016	6.06105e-06
-4.018	5.97489e-06
-4.02	5.88988e-06
-4.022	5.80601e-06
-4.024	5.72328e-06
-4.026	5.64166e-06
-4.028	5.56114e-06
-4.03	5.48171e-06
-4.032	5.40336e-06
-4.034	5.32606e-06
-4.036	5.24981e-06
-4.038	5.1746e-06
-4.04	5.1004e-06
-4.042	5.02721e-06
-4.044	4.95501e-06
-4.046	4.8838e-06
-4.048	4.81355e-06
-4.05	4.74426e-06
-4.052	4.67591e-06
-4.054	4.6085e-06
-4.056	4.542e-06
-4.058	4.47641e-06
-4.06	4.41172e-06
-4.062	4.34792e-06
-4.064	4.28498e-06
-4.066	4.22291e-06
-4.068	4.16169e-06
-4.07	4.10131e-06
-4.072	4.04176e-06
-4.074	3.98302e-06
-4.076	3.92509e-06
-4.078	3.86796e-06
-4.08	3.81162e-06
-4.082	3.75605e-06
-4.084	3.70125e-06
-4.086	3.64721e-06
-4.088	3.59391e-06
-4.09	3.54135e-06
-4.092	3.48952e-06
-4.094	3.43841e-06
-4.096	3.388e-06
-4.098	3.33829e-06
-4.1	3.28927e-06
-4.102	3.24094e-06
-4.104	3.19327e-06
-4.106	3.14627e-06
-4.108	3.09992e-06
-4.11	3.05422e-06
-4.112	3.00916e-06
-4.114	2.96473e-06
-4.116	2.92091e-06
-4.118	2.87771e-06
-4.12	2.83511e-06
-4.122	2.79311e-06
-4.124	2.7517e-06
-4.126	2.71087e-06
-4.128	2.67062e-06
-4.13	2.63093e-06
-4.132	2.59179e-06
-4.134	2.55321e-06
-4.136	2.51517e-06
-4.138	2.47767e-06
-4.14	2.4407e-06
-4.142	2.40425e-06
-4.144	2.36831e-06
-4.146	2.33288e-06
-4.148	2.29796e-06
-4.15	2.26352e-06
-4.152	2.22958e-06
-4.154	2.19612e-06
-4.156	2.16313e-06
-4.158	2.13062e-06
-4.16	2.09856e-06
-4.162	2.06696e-06
-4.164	2.03582e-06
-4.166	2.00511e-06
-4.168	1.97485e-06
-4.17	1.94502e-06
-4.172	1.91561e-06
-4.174	1.88663e-06
-4.176	1.85806e-06
-4.178	1.8299e-06
-4.18	1.80214e-06
-4.182	1.77478e-06
-4.184	1.74782e-06
-4.186	1.72124e-06
-4.188	1.69505e-06
-4.19	1.66923e-06
-4.192	1.64379e-06
-4.194	1.61871e-06
-4.196	1.594e-06
-4.198	1.56964e-06
-4.2	1.54563e-06
-4.202	1.52198e-06
-4.204	1.49866e-06
-4.206	1.47569e-06
-4.208	1.45305e-06
-4.21	1.43073e-06
-4.212	1.40875e-06
-4.214	1.38708e-06
-4.216	1.36573e-06
-4.218	1.34468e-06
-4.22	1.32395e-06
-4.222	1.30352e-06
-4.224	1.28339e-06
-4.226	1.26355e-06
-4.228	1.244e-06
-4.23	1.22474e-06
-4.232	1.20577e-06
-4.234	1.18707e-06
-4.236	1.16864e-06
-4.238	1.15049e-06
-4.24	1.1326e-06
-4.242	1.11498e-06
-4.244	1.09762e-06
-4.246	1.08052e-06
-4.248	1.06366e-06
-4.25	1.04706e-06
-4.252	1.0307e-06
-4.254	1.01459e-06
-4.256	9.9871e-07
-4.258	9.83069e-07
-4.26	9.67661e-07
-4.262	9.52481e-07
-4.264	9.37528e-07
-4.266	9.22797e-07
-4.268	9.08286e-07
-4.27	8.93992e-07
-4.272	8.79911e-07
-4.274	8.66041e-07
-4.276	8.52378e-07
-4.278	8.38919e-07
-4.28	8.25663e-07
-4.282	8.12605e-07
-4.284	7.99743e-07
-4.286	7.87075e-07
-4.288	7.74597e-07
-4.29	7.62307e-07
-4.292	7.50202e-07
-4.294	7.3828e-07
-4.296	7.26538e-07
-4.298	7.14973e-07
-4.3	7.03583e-07
-4.302	6.92365e-07
-4.304	6.81318e-07
-4.306	6.70438e-07
-4.308	6.59723e-07
-4.31	6.4917e-07
-4.312	6.38779e-07
-4.314	6.28545e-07
-4.316	6.18467e-07
-4.318	6.08543e-07
-4.32	5.9877e-07
-4.322	5.89147e-07
-4.324	5.7967e-07
-4.326	5.70339e-07
-4.328	5.6115e-07
-4.33	5.52102e-07
-4.332	5.43194e-07
-4.334	5.34421e-07
-4.336	5.25784e-07
-4.338	5.17279e-07
-4.34	5.08906e-07
-4.342	5.00661e-07
-4.344	4.92544e-07
-4.346	4.84552e-07
-4.348	4.76683e-07
-4.35	4.68936e-07
-4.352	4.61309e-07
-4.354	4.538e-07
-4.356	4.46408e-07
-4.358	4.3913e-07
-4.36	4.31965e-07
-4.362	4.24912e-07
-4.364	4.17968e-07
-4.366	4.11133e-07
-4.368	4.04404e-07
-4.37	3.9778e-07
-4.372	3.9126e-07
-4.374	3.84841e-07
-4.376	3.78523e-07
-4.378	3.72304e-07
-4.38	3.66182e-07
-4.382	3.60156e-07
-4.384	3.54225e-07
-4.386	3.48387e-07
-4.388	3.42641e-07
-4.39	3.36985e-07
-4.392	3.31419e-07
-4.394	3.2594e-07
-4.396	3.20548e-07
-4.398	3.15241e-07
-4.4	3.10017e-07
-4.402	3.04877e-07
-4.404	2.99818e-07
-4.406	2.94839e-07
-4.408	2.89939e-07
-4.41	2.85117e-07
-4.412	2.80371e-07
-4.414	2.75701e-07
-4.416	2.71106e-07
-4.418	2.66583e-07
-4.42	2.62133e-07
-4.422	2.57754e-07
-4.424	2.53444e-07
-4.426	2.49204e-07
-4.428	2.45032e-07
-4.43	2.40926e-07
-4.432	2.36886e-07
-4.434	2.32911e-07
-4.436	2.29e-07
-4.438	2.25152e-07
-4.44	2.21366e-07
-4.442	2.1764e-07
-4.444	2.13975e-07
-4.446	2.10369e-07
-4.448	2.06821e-07
-4.45	2.0333e-07
-4.452	1.99896e-07
-4.454	1.96517e-07
-4.456	1.93194e-07
-4.458	1.89924e-07
-4.46	1.86707e-07
-4.462	1.83542e-07
-4.464	1.80429e-07
-4.466	1.77366e-07
-4.468	1.74354e-07
-4.47	1.7139e-07
-4.472	1.68475e-07
-4.474	1.65607e-07
-4.476	1.62787e-07
-4.478	1.60012e-07
-4.48	1.57283e-07
-4.482	1.54598e-07
-4.484	1.51958e-07
-4.486	1.4936e-07
-4.488	1.46806e-07
-4.49	1.44293e-07
-4.492	1.41822e-07
-4.494	1.39392e-07
-4.496	1.37001e-07
-4.498	1.3465e-07
-4.5	1.32338e-07
-4.502	1.30064e-07
-4.504	1.27827e-07
-4.506	1.25628e-07
-4.508	1.23465e-07
-4.51	1.21337e-07
-4.512	1.19246e-07
-4.514	1.17188e-07
-4.516	1.15165e-07
-4.518	1.13176e-07
-4.52	1.1122e-07
-4.522	1.09296e-07
-4.524	1.07404e-07
-4.526	1.05544e-07
-4.528	1.03715e-07
-4.53	1.01917e-07
-4.532	1.00148e-07
-4.534	9.84093e-08
-4.536	9.66996e-08
-4.538	9.50186e-08
-4.54	9.33657e-08
-4.542	9.17406e-08
-4.544	9.01427e-08
-4.546	8.85718e-08
-4.548	8.70273e-08
-4.55	8.55088e-08
-4.552	8.40158e-08
-4.554	8.25481e-08
-4.556	8.11051e-08
-4.558	7.96865e-08
-4.56	7.82919e-08
-4.562	7.69208e-08
-4.564	7.5573e-08
-4.566	7.4248e-08
-4.568	7.29455e-08
-4.57	7.16651e-08
-4.572	7.04064e-08
-4.574	6.91692e-08
-4.576	6.79529e-08
-4.578	6.67574e-08
-4.58	6.55822e-08
-4.582	6.4427e-08
-4.584	6.32916e-08
-4.586	6.21755e-08
-4.588	6.10785e-08
-4.59	6.00003e-08
-4.592	5.89405e-08
-4.594	5.78989e-08
-4.596	5.68751e-08
-4.598	5.58688e-08
-4.6	5.48798e-08
-4.602	5.39078e-08
-4.604	5.29525e-08
-4.606	5.20136e-08
-4.608	5.10909e-08
-4.61	5.01841e-08
-4.612	4.92928e-08
-4.614	4.8417e-08
-4.616	4.75563e-08
-4.618	4.67104e-08
-4.62	4.58791e-08
-4.622	4.50623e-08
-4.624	4.42595e-08
-4.626	4.34707e-08
-4.628	4.26955e-08
-4.63	4.19337e-08
-4.632	4.11852e-08
-4.634	4.04497e-08
-4.636	3.97269e-08
-4.638	3.90168e-08
-4.64	3.83189e-08
-4.642	3.76333e-08
-4.644	3.69595e-08
-4.646	3.62975e-08
-4.648	3.56471e-08
-4.65	3.5008e-08
-4.652	3.438e-08
-4.654	3.37631e-08
-4.656	3.31569e-08
-4.658	3.25614e-08
-4.66	3.19762e-08
-4.662	3.14013e-08
-4.664	3.08365e-08
-4.666	3.02817e-08
-4.668	2.97365e-08
-4.67	2.92009e-08
-4.672	2.86748e-08
-4.674	2.81579e-08
-4.676	2.765e-08
-4.678	2.71512e-08
-4.68	2.66611e-08
-4.682	2.61796e-08
-4.684	2.57067e-08
-4.686	2.52421e-08
-4.688	2.47857e-08
-4.69	2.43374e-08
-4.692	2.38969e-08
-4.694	2.34643e-08
-4.696	2.30394e-08
-4.698	2.2622e-08
-4.7	2.22119e-08
-4.702	2.18092e-08
-4.704	2.14135e-08
-4.706	2.1025e-08
-4.708	2.06433e-08
-4.71	2.02684e-08
-4.712	1.99001e-08
-4.714	1.95384e-08
-4.716	1.91832e-08
-4.718	1.88343e-08
-4.72	1.84916e-08
-4.722	1.8155e-08
-4.724	1.78244e-08
-4.726	1.74997e-08
-4.728	1.71808e-08
-4.73	1.68676e-08
-4.732	1.65601e-08
-4.734	1.6258e-08
-4.736	1.59613e-08
-4.738	1.56699e-08
-4.74	1.53838e-08
-4.742	1.51027e-08
-4.744	1.48268e-08
-4.746	1.45557e-08
-4.748	1.42896e-08
-4.75	1.40282e-08
-4.752	1.37715e-08
-4.754	1.35194e-08
-4.756	1.32719e-08
-4.758	1.30288e-08
-4.76	1.27901e-08
-4.762	1.25557e-08
-4.764	1.23255e-08
-4.766	1.20995e-08
-4.768	1.18775e-08
-4.77	1.16595e-08
-4.772	1.14455e-08
-4.774	1.12354e-08
-4.776	1.1029e-08
-4.778	1.08264e-08
-4.78	1.06274e-08
-4.782	1.04321e-08
-4.784	1.02402e-08
-4.786	1.00519e-08
-4.788	9.86693e-09
-4.79	9.68534e-09
-4.792	9.50704e-09
-4.794	9.33198e-09
-4.796	9.16009e-09
-4.798	8.99132e-09
-4.8	8.82562e-09
-4.802	8.66293e-09
-4.804	8.5032e-09
-4.806	8.34636e-09
-4.808	8.19239e-09
-4.81	8.04121e-09
-4.812	7.89279e-09
-4.814	7.74706e-09
-4.816	7.604e-09
-4.818	7.46354e-09
-4.82	7.32564e-09
-4.822	7.19025e-09
-4.824	7.05734e-09
-4.826	6.92685e-09
-4.828	6.79874e-09
-4.83	6.67298e-09
-4.832	6.54951e-09
-4.834	6.4283e-09
-4.836	6.3093e-09
-4.838	6.19248e-09
-4.84	6.0778e-09
-4.842	5.96522e-09
-4.844	5.85469e-09
-4.846	5.74619e-09
-4.848	5.63968e-09
-4.85	5.53512e-09
-4.852	5.43248e-09
-4.854	5.33172e-09
-4.856	5.23281e-09
-4.858	5.13571e-09
-4.86	5.0404e-09
-4.862	4.94683e-09
-4.864	4.85499e-09
-4.866	4.76483e-09
-4.868	4.67633e-09
-4.87	4.58945e-09
-4.872	4.50417e-09
-4.874	4.42046e-09
-4.876	4.33829e-09
-4.878	4.25764e-09
-4.88	4.17846e-09
-4.882	4.10075e-09
-4.884	4.02446e-09
-4.886	3.94959e-09
-4.888	3.87609e-09
-4.89	3.80394e-09
-4.892	3.73313e-09
-4.894	3.66362e-09
-4.896	3.5954e-09
-4.898	3.52843e-09
-4.9	3.4627e-09
-4.902	3.39818e-09
-4.904	3.33486e-09
-4.906	3.2727e-09
-4.908	3.21169e-09
-4.91	3.15181e-09
-4.912	3.09304e-09
-4.914	3.03535e-09
-4.916	2.97873e-09
-4.918	2.92316e-09
-4.92	2.86861e-09
-4.922	2.81508e-09
-4.924	2.76253e-09
-4.926	2.71096e-09
-4.928	2.66034e-09
-4.93	2.61066e-09
-4.932	2.5619e-09
-4.934	2.51405e-09
-4.936	2.46708e-09
-4.938	2.42098e-09
-4.94	2.37573e-09
-4.942	2.33133e-09
-4.944	2.28775e-09
-4.946	2.24497e-09
-4.948	2.20299e-09
-4.95	2.16179e-09
-4.952	2.12136e-09
-4.954	2.08167e-09
-4.956	2.04272e-09
-4.958	2.0045e-09
-4.96	1.96698e-09
-4.962	1.93016e-09
-4.964	1.89403e-09
-4.966	1.85857e-09
-4.968	1.82376e-09
-4.97	1.7896e-09
-4.972	1.75608e-09
-4.974	1.72318e-09
-4.976	1.6909e-09
-4.978	1.65921e-09
-4.98	1.62812e-09
-4.982	1.5976e-09
-4.984	1.56765e-09
-4.986	1.53826e-09
-4.988	1.50941e-09
-4.99	1.4811e-09
-4.992	1.45332e-09
-4.994	1.42606e-09
-4.996	1.3993e-09
-4.998	1.37305e-09
