5	1.49532e-08
4.998	1.53672e-08
4.996	1.5793e-08
4.994	1.62308e-08
4.992	1.66811e-08
4.99	1.7144e-08
4.988	1.762e-08
4.986	1.81094e-08
4.984	1.86126e-08
4.982	1.913e-08
4.98	1.96618e-08
4.978	2.02086e-08
4.976	2.07707e-08
4.974	2.13485e-08
4.972	2.19425e-08
4.97	2.2553e-08
4.968	2.31806e-08
4.966	2.38256e-08
4.964	2.44885e-08
4.962	2.51699e-08
4.96	2.58701e-08
4.958	2.65898e-08
4.956	2.73293e-08
4.954	2.80893e-08
4.952	2.88702e-08
4.95	2.96727e-08
4.948	3.04973e-08
4.946	3.13445e-08
4.944	3.2215e-08
4.942	3.31094e-08
4.94	3.40283e-08
4.938	3.49724e-08
4.936	3.59422e-08
4.934	3.69386e-08
4.932	3.79621e-08
4.93	3.90135e-08
4.928	4.00935e-08
4.926	4.12028e-08
4.924	4.23422e-08
4.922	4.35126e-08
4.92	4.47146e-08
4.918	4.59492e-08
4.916	4.72171e-08
4.914	4.85192e-08
4.912	4.98564e-08
4.91	5.12297e-08
4.908	5.26398e-08
4.906	5.40878e-08
4.904	5.55747e-08
4.902	5.71015e-08
4.9	5.86691e-08
4.898	6.02786e-08
4.896	6.19311e-08
4.894	6.36277e-08
4.892	6.53695e-08
4.89	6.71576e-08
4.888	6.89933e-08
4.886	7.08778e-08
4.884	7.28122e-08
4.882	7.47979e-08
4.88	7.68361e-08
4.878	7.89282e-08
4.876	8.10755e-08
4.874	8.32795e-08
4.872	8.55415e-08
4.87	8.7863e-08
4.868	9.02456e-08
4.866	9.26907e-08
4.864	9.51999e-08
4.862	9.77748e-08
4.86	1.00417e-07
4.858	1.03128e-07
4.856	1.05911e-07
4.854	1.08765e-07
4.852	1.11694e-07
4.85	1.14699e-07
4.848	1.17783e-07
4.846	1.20946e-07
4.844	1.24191e-07
4.842	1.27521e-07
4.84	1.30936e-07
4.838	1.3444e-07
4.836	1.38034e-07
4.834	1.4172e-07
4.832	1.45502e-07
4.83	1.49381e-07
4.828	1.53359e-07
4.826	1.5744e-07
4.824	1.61625e-07
4.822	1.65917e-07
4.82	1.70319e-07
4.818	1.74833e-07
4.816	1.79463e-07
4.814	1.84211e-07
4.812	1.89079e-07
4.81	1.94071e-07
4.808	1.9919e-07
4.806	2.04438e-07
4.804	2.0982e-07
4.802	2.15338e-07
4.8	2.20995e-07
4.798	2.26795e-07
4.796	2.32741e-07
4.794	2.38837e-07
4.792	2.45086e-07
4.79	2.51492e-07
4.788	2.5806e-07
4.786	2.64791e-07
4.784	2.71691e-07
4.782	2.78764e-07
4.78	2.86014e-07
4.778	2.93444e-07
4.776	3.0106e-07
4.774	3.08865e-07
4.772	3.16864e-07
4.77	3.25061e-07
4.768	3.33462e-07
4.766	3.42072e-07
4.764	3.50894e-07
4.762	3.59934e-07
4.76	3.69197e-07
4.758	3.78689e-07
4.756	3.88415e-07
4.754	3.9838e-07
4.752	4.08589e-07
4.75	4.19049e-07
4.748	4.29766e-07
4.746	4.40745e-07
4.744	4.51992e-07
4.742	4.63514e-07
4.74	4.75317e-07
4.738	4.87408e-07
4.736	4.99793e-07
4.734	5.12479e-07
4.732	5.25473e-07
4.73	5.38782e-07
4.728	5.52413e-07
4.726	5.66374e-07
4.724	5.80672e-07
4.722	5.95316e-07
4.72	6.10312e-07
4.718	6.25669e-07
4.716	6.41396e-07
4.714	6.575e-07
4.712	6.73991e-07
4.71	6.90876e-07
4.708	7.08166e-07
4.706	7.25868e-07
4.704	7.43994e-07
4.702	7.62551e-07
4.7	7.8155e-07
4.698	8.01001e-07
4.696	8.20915e-07
4.694	8.413e-07
4.692	8.62169e-07
4.69	8.83531e-07
4.688	9.05398e-07
4.686	9.27782e-07
4.684	9.50693e-07
4.682	9.74144e-07
4.68	9.98146e-07
4.678	1.02271e-06
4.676	1.04785e-06
4.674	1.07359e-06
4.672	1.09992e-06
4.67	1.12687e-06
4.668	1.15445e-06
4.666	1.18267e-06
4.664	1.21155e-06
4.662	1.2411e-06
4.66	1.27134e-06
4.658	1.30227e-06
4.656	1.33393e-06
4.654	1.36632e-06
4.652	1.39945e-06
4.65	1.43335e-06
4.648	1.46804e-06
4.646	1.50352e-06
4.644	1.53982e-06
4.642	1.57695e-06
4.64	1.61493e-06
4.638	1.65378e-06
4.636	1.69352e-06
4.634	1.73417e-06
4.632	1.77575e-06
4.63	1.81827e-06
4.628	1.86177e-06
4.626	1.90625e-06
4.624	1.95174e-06
4.622	1.99826e-06
4.62	2.04584e-06
4.618	2.09449e-06
4.616	2.14425e-06
4.614	2.19512e-06
4.612	2.24714e-06
4.61	2.30033e-06
4.608	2.35472e-06
4.606	2.41033e-06
4.604	2.46718e-06
4.602	2.52531e-06
4.6	2.58473e-06
4.598	2.64548e-06
4.596	2.70759e-06
4.594	2.77108e-06
4.592	2.83598e-06
4.59	2.90233e-06
4.588	2.97014e-06
4.586	3.03946e-06
4.584	3.11031e-06
4.582	3.18273e-06
4.58	3.25674e-06
4.578	3.33239e-06
4.576	3.4097e-06
4.574	3.48871e-06
4.572	3.56945e-06
4.57	3.65197e-06
4.568	3.73629e-06
4.566	3.82245e-06
4.564	3.9105e-06
4.562	4.00046e-06
4.56	4.09239e-06
4.558	4.18631e-06
4.556	4.28227e-06
4.554	4.38031e-06
4.552	4.48048e-06
4.55	4.58281e-06
4.548	4.68736e-06
4.546	4.79416e-06
4.544	4.90326e-06
4.542	5.0147e-06
4.54	5.12855e-06
4.538	5.24483e-06
4.536	5.36361e-06
4.534	5.48492e-06
4.532	5.60883e-06
4.53	5.73538e-06
4.528	5.86463e-06
4.526	5.99664e-06
4.524	6.13144e-06
4.522	6.26911e-06
4.52	6.40969e-06
4.518	6.55325e-06
4.516	6.69985e-06
4.514	6.84954e-06
4.512	7.00238e-06
4.51	7.15844e-06
4.508	7.31778e-06
4.506	7.48047e-06
4.504	7.64656e-06
4.502	7.81613e-06
4.5	7.98925e-06
4.498	8.16598e-06
4.496	8.3464e-06
4.494	8.53057e-06
4.492	8.71857e-06
4.49	8.91047e-06
4.488	9.10635e-06
4.486	9.30628e-06
4.484	9.51034e-06
4.482	9.71862e-06
4.48	9.93119e-06
4.478	1.01481e-05
4.476	1.03695e-05
4.474	1.05955e-05
4.472	1.08261e-05
4.47	1.10614e-05
4.468	1.13015e-05
4.466	1.15465e-05
4.464	1.17965e-05
4.462	1.20516e-05
4.46	1.23119e-05
4.458	1.25774e-05
4.456	1.28484e-05
4.454	1.31248e-05
4.452	1.34068e-05
4.45	1.36945e-05
4.448	1.3988e-05
4.446	1.42874e-05
4.444	1.45928e-05
4.442	1.49043e-05
4.44	1.52221e-05
4.438	1.55463e-05
4.436	1.58769e-05
4.434	1.62141e-05
4.432	1.6558e-05
4.43	1.69088e-05
4.428	1.72665e-05
4.426	1.76313e-05
4.424	1.80033e-05
4.422	1.83827e-05
4.42	1.87696e-05
4.418	1.91641e-05
4.416	1.95664e-05
4.414	1.99766e-05
4.412	2.03948e-05
4.41	2.08213e-05
4.408	2.1256e-05
4.406	2.16993e-05
4.404	2.21512e-05
4.402	2.26119e-05
4.4	2.30816e-05
4.398	2.35604e-05
4.396	2.40485e-05
4.394	2.4546e-05
4.392	2.50532e-05
4.39	2.55701e-05
4.388	2.60971e-05
4.386	2.66341e-05
4.384	2.71815e-05
4.382	2.77394e-05
4.38	2.83079e-05
4.378	2.88874e-05
4.376	2.94779e-05
4.374	3.00797e-05
4.372	3.06929e-05
4.37	3.13178e-05
4.368	3.19546e-05
4.366	3.26034e-05
4.364	3.32645e-05
4.362	3.39381e-05
4.36	3.46245e-05
4.358	3.53237e-05
4.356	3.60361e-05
4.354	3.67619e-05
4.352	3.75013e-05
4.35	3.82545e-05
4.348	3.90219e-05
4.346	3.98035e-05
4.344	4.05997e-05
4.342	4.14108e-05
4.34	4.22369e-05
4.338	4.30783e-05
4.336	4.39353e-05
4.334	4.48082e-05
4.332	4.56972e-05
4.33	4.66025e-05
4.328	4.75245e-05
4.326	4.84635e-05
4.324	4.94197e-05
4.322	5.03934e-05
4.32	5.1385e-05
4.318	5.23946e-05
4.316	5.34226e-05
4.314	5.44694e-05
4.312	5.55351e-05
4.31	5.66203e-05
4.308	5.7725e-05
4.306	5.88498e-05
4.304	5.99948e-05
4.302	6.11605e-05
4.3	6.23472e-05
4.298	6.35552e-05
4.296	6.47849e-05
4.294	6.60366e-05
4.292	6.73107e-05
4.29	6.86076e-05
4.288	6.99275e-05
4.286	7.1271e-05
4.284	7.26383e-05
4.282	7.40299e-05
4.28	7.54461e-05
4.278	7.68874e-05
4.276	7.83541e-05
4.274	7.98466e-05
4.272	8.13654e-05
4.27	8.29109e-05
4.268	8.44835e-05
4.266	8.60836e-05
4.264	8.77117e-05
4.262	8.93682e-05
4.26	9.10535e-05
4.258	9.27682e-05
4.256	9.45126e-05
4.254	9.62873e-05
4.252	9.80926e-05
4.25	9.99292e-05
4.248	0.000101797
4.246	0.000103698
4.244	0.000105631
4.242	0.000107597
4.24	0.000109597
4.238	0.000111631
4.236	0.0001137
4.234	0.000115804
4.232	0.000117944
4.23	0.00012012
4.228	0.000122333
4.226	0.000124584
4.224	0.000126873
4.222	0.0001292
4.22	0.000131566
4.218	0.000133973
4.216	0.000136419
4.214	0.000138907
4.212	0.000141436
4.21	0.000144007
4.208	0.000146622
4.206	0.00014928
4.204	0.000151981
4.202	0.000154728
4.2	0.00015752
4.198	0.000160359
4.196	0.000163244
4.194	0.000166177
4.192	0.000169157
4.19	0.000172187
4.188	0.000175267
4.186	0.000178396
4.184	0.000181577
4.182	0.00018481
4.18	0.000188095
4.178	0.000191433
4.176	0.000194826
4.174	0.000198274
4.172	0.000201777
4.17	0.000205336
4.168	0.000208953
4.166	0.000212628
4.164	0.000216362
4.162	0.000220156
4.16	0.00022401
4.158	0.000227926
4.156	0.000231904
4.154	0.000235945
4.152	0.000240051
4.15	0.000244221
4.148	0.000248457
4.146	0.00025276
4.144	0.000257131
4.142	0.000261571
4.14	0.00026608
4.138	0.000270659
4.136	0.000275311
4.134	0.000280034
4.132	0.000284832
4.13	0.000289704
4.128	0.000294651
4.126	0.000299675
4.124	0.000304777
4.122	0.000309958
4.12	0.000315218
4.118	0.000320559
4.116	0.000325982
4.114	0.000331488
4.112	0.000337078
4.11	0.000342754
4.108	0.000348516
4.106	0.000354365
4.104	0.000360303
4.102	0.000366331
4.1	0.00037245
4.098	0.000378662
4.096	0.000384967
4.094	0.000391366
4.092	0.000397862
4.09	0.000404455
4.088	0.000411146
4.086	0.000417937
4.084	0.000424829
4.082	0.000431824
4.08	0.000438922
4.078	0.000446125
4.076	0.000453434
4.074	0.000460851
4.072	0.000468378
4.07	0.000476014
4.068	0.000483763
4.066	0.000491625
4.064	0.000499602
4.062	0.000507695
4.06	0.000515905
4.058	0.000524235
4.056	0.000532685
4.054	0.000541257
4.052	0.000549953
4.05	0.000558774
4.048	0.000567722
4.046	0.000576798
4.044	0.000586004
4.042	0.000595341
4.04	0.000604811
4.038	0.000614416
4.036	0.000624158
4.034	0.000634037
4.032	0.000644056
4.03	0.000654216
4.028	0.00066452
4.026	0.000674968
4.024	0.000685562
4.022	0.000696305
4.02	0.000707198
4.018	0.000718242
4.016	0.00072944
4.014	0.000740794
4.012	0.000752305
4.01	0.000763975
4.008	0.000775806
4.006	0.000787799
4.004	0.000799958
4.002	0.000812283
4	0.000824776
3.998	0.00083744
3.996	0.000850277
3.994	0.000863288
3.992	0.000876476
3.99	0.000889842
3.988	0.000903388
3.986	0.000917118
3.984	0.000931032
3.982	0.000945132
3.98	0.000959422
3.978	0.000973902
3.976	0.000988576
3.974	0.00100344
3.972	0.00101851
3.97	0.00103378
3.968	0.00104924
3.966	0.00106492
3.964	0.00108079
3.962	0.00109688
3.96	0.00111318
3.958	0.00112969
3.956	0.00114642
3.954	0.00116336
3.952	0.00118052
3.95	0.00119791
3.948	0.00121552
3.946	0.00123336
3.944	0.00125143
3.942	0.00126973
3.94	0.00128827
3.938	0.00130704
3.936	0.00132606
3.934	0.00134531
3.932	0.00136481
3.93	0.00138456
3.928	0.00140456
3.926	0.00142481
3.924	0.00144531
3.922	0.00146607
3.92	0.0014871
3.918	0.00150838
3.916	0.00152993
3.914	0.00155175
3.912	0.00157385
3.91	0.00159621
3.908	0.00161885
3.906	0.00164178
3.904	0.00166498
3.902	0.00168847
3.9	0.00171225
3.898	0.00173632
3.896	0.00176068
3.894	0.00178534
3.892	0.00181029
3.89	0.00183555
3.888	0.00186112
3.886	0.001887
3.884	0.00191318
3.882	0.00193968
3.88	0.0019665
3.878	0.00199364
3.876	0.0020211
3.874	0.00204889
3.872	0.00207701
3.87	0.00210546
3.868	0.00213425
3.866	0.00216337
3.864	0.00219284
3.862	0.00222266
3.86	0.00225282
3.858	0.00228334
3.856	0.00231421
3.854	0.00234544
3.852	0.00237703
3.85	0.00240898
3.848	0.00244131
3.846	0.00247401
3.844	0.00250708
3.842	0.00254053
3.84	0.00257436
3.838	0.00260858
3.836	0.00264319
3.834	0.00267819
3.832	0.00271358
3.83	0.00274938
3.828	0.00278557
3.826	0.00282218
3.824	0.00285919
3.822	0.00289662
3.82	0.00293446
3.818	0.00297273
3.816	0.00301142
3.814	0.00305053
3.812	0.00309008
3.81	0.00313007
3.808	0.00317049
3.806	0.00321135
3.804	0.00325266
3.802	0.00329443
3.8	0.00333664
3.798	0.00337931
3.796	0.00342245
3.794	0.00346605
3.792	0.00351011
3.79	0.00355465
3.788	0.00359967
3.786	0.00364517
3.784	0.00369115
3.782	0.00373762
3.78	0.00378458
3.778	0.00383204
3.776	0.00388
3.774	0.00392846
3.772	0.00397743
3.77	0.00402691
3.768	0.00407691
3.766	0.00412743
3.764	0.00417847
3.762	0.00423004
3.76	0.00428214
3.758	0.00433478
3.756	0.00438796
3.754	0.00444168
3.752	0.00449595
3.75	0.00455077
3.748	0.00460615
3.746	0.00466209
3.744	0.00471859
3.742	0.00477566
3.74	0.00483331
3.738	0.00489153
3.736	0.00495034
3.734	0.00500973
3.732	0.00506971
3.73	0.00513028
3.728	0.00519146
3.726	0.00525323
3.724	0.00531561
3.722	0.00537861
3.72	0.00544222
3.718	0.00550644
3.716	0.0055713
3.714	0.00563678
3.712	0.00570289
3.71	0.00576964
3.708	0.00583704
3.706	0.00590507
3.704	0.00597376
3.702	0.0060431
3.7	0.00611311
3.698	0.00618377
3.696	0.0062551
3.694	0.0063271
3.692	0.00639978
3.69	0.00647314
3.688	0.00654719
3.686	0.00662193
3.684	0.00669735
3.682	0.00677348
3.68	0.00685031
3.678	0.00692785
3.676	0.0070061
3.674	0.00708506
3.672	0.00716475
3.67	0.00724516
3.668	0.0073263
3.666	0.00740817
3.664	0.00749078
3.662	0.00757413
3.66	0.00765824
3.658	0.00774309
3.656	0.0078287
3.654	0.00791507
3.652	0.0080022
3.65	0.00809011
3.648	0.00817878
3.646	0.00826824
3.644	0.00835848
3.642	0.00844951
3.64	0.00854133
3.638	0.00863394
3.636	0.00872736
3.634	0.00882158
3.632	0.00891661
3.63	0.00901245
3.628	0.00910911
3.626	0.0092066
3.624	0.00930491
3.622	0.00940406
3.62	0.00950404
3.618	0.00960486
3.616	0.00970653
3.614	0.00980905
3.612	0.00991242
3.61	0.0100166
3.608	0.0101217
3.606	0.0102277
3.604	0.0103345
3.602	0.0104422
3.6	0.0105508
3.598	0.0106603
3.596	0.0107707
3.594	0.0108819
3.592	0.0109941
3.59	0.0111071
3.588	0.0112211
3.586	0.011336
3.584	0.0114517
3.582	0.0115684
3.58	0.0116861
3.578	0.0118046
3.576	0.0119241
3.574	0.0120445
3.572	0.0121659
3.57	0.0122882
3.568	0.0124115
3.566	0.0125357
3.564	0.0126609
3.562	0.012787
3.56	0.0129141
3.558	0.0130422
3.556	0.0131712
3.554	0.0133012
3.552	0.0134322
3.55	0.0135642
3.548	0.0136972
3.546	0.0138312
3.544	0.0139661
3.542	0.0141021
3.54	0.0142391
3.538	0.0143771
3.536	0.0145161
3.534	0.0146561
3.532	0.0147972
3.53	0.0149392
3.528	0.0150823
3.526	0.0152265
3.524	0.0153716
3.522	0.0155178
3.52	0.0156651
3.518	0.0158134
3.516	0.0159628
3.514	0.0161132
3.512	0.0162647
3.51	0.0164172
3.508	0.0165708
3.506	0.0167255
3.504	0.0168812
3.502	0.0170381
3.5	0.017196
3.498	0.017355
3.496	0.0175151
3.494	0.0176763
3.492	0.0178385
3.49	0.0180019
3.488	0.0181664
3.486	0.018332
3.484	0.0184987
3.482	0.0186665
3.48	0.0188354
3.478	0.0190054
3.476	0.0191766
3.474	0.0193489
3.472	0.0195223
3.47	0.0196968
3.468	0.0198725
3.466	0.0200493
3.464	0.0202273
3.462	0.0204064
3.46	0.0205866
3.458	0.0207681
3.456	0.0209506
3.454	0.0211343
3.452	0.0213192
3.45	0.0215052
3.448	0.0216924
3.446	0.0218808
3.444	0.0220703
3.442	0.022261
3.44	0.0224529
3.438	0.0226459
3.436	0.0228402
3.434	0.0230356
3.432	0.0232322
3.43	0.02343
3.428	0.023629
3.426	0.0238291
3.424	0.0240305
3.422	0.0242331
3.42	0.0244368
3.418	0.0246418
3.416	0.024848
3.414	0.0250554
3.412	0.0252639
3.41	0.0254737
3.408	0.0256848
3.406	0.025897
3.404	0.0261104
3.402	0.0263251
3.4	0.0265409
3.398	0.026758
3.396	0.0269764
3.394	0.0271959
3.392	0.0274167
3.39	0.0276387
3.388	0.0278619
3.386	0.0280864
3.384	0.0283121
3.382	0.028539
3.38	0.0287672
3.378	0.0289966
3.376	0.0292273
3.374	0.0294592
3.372	0.0296923
3.37	0.0299267
3.368	0.0301623
3.366	0.0303992
3.364	0.0306373
3.362	0.0308767
3.36	0.0311173
3.358	0.0313591
3.356	0.0316022
3.354	0.0318466
3.352	0.0320922
3.35	0.0323391
3.348	0.0325872
3.346	0.0328366
3.344	0.0330873
3.342	0.0333392
3.34	0.0335923
3.338	0.0338467
3.336	0.0341024
3.334	0.0343593
3.332	0.0346175
3.33	0.034877
3.328	0.0351377
3.326	0.0353997
3.324	0.0356629
3.322	0.0359274
3.32	0.0361931
3.318	0.0364602
3.316	0.0367284
3.314	0.036998
3.312	0.0372688
3.31	0.0375408
3.308	0.0378141
3.306	0.0380887
3.304	0.0383646
3.302	0.0386417
3.3	0.03892
3.298	0.0391997
3.296	0.0394805
3.294	0.0397627
3.292	0.0400461
3.29	0.0403307
3.288	0.0406166
3.286	0.0409038
3.284	0.0411922
3.282	0.0414819
3.28	0.0417729
3.278	0.0420651
3.276	0.0423585
3.274	0.0426532
3.272	0.0429491
3.27	0.0432463
3.268	0.0435448
3.266	0.0438445
3.264	0.0441454
3.262	0.0444476
3.26	0.044751
3.258	0.0450557
3.256	0.0453616
3.254	0.0456688
3.252	0.0459771
3.25	0.0462868
3.248	0.0465976
3.246	0.0469097
3.244	0.0472231
3.242	0.0475376
3.24	0.0478534
3.238	0.0481705
3.236	0.0484887
3.234	0.0488082
3.232	0.0491289
3.23	0.0494508
3.228	0.0497739
3.226	0.0500983
3.224	0.0504238
3.222	0.0507506
3.22	0.0510786
3.218	0.0514078
3.216	0.0517382
3.214	0.0520698
3.212	0.0524026
3.21	0.0527366
3.208	0.0530718
3.206	0.0534082
3.204	0.0537458
3.202	0.0540845
3.2	0.0544245
3.198	0.0547657
3.196	0.055108
3.194	0.0554515
3.192	0.0557962
3.19	0.056142
3.188	0.0564891
3.186	0.0568373
3.184	0.0571866
3.182	0.0575371
3.18	0.0578888
3.178	0.0582417
3.176	0.0585957
3.174	0.0589508
3.172	0.0593071
3.17	0.0596645
3.168	0.0600231
3.166	0.0603828
3.164	0.0607437
3.162	0.0611056
3.16	0.0614688
3.158	0.061833
3.156	0.0621983
3.154	0.0625648
3.152	0.0629324
3.15	0.0633011
3.148	0.0636709
3.146	0.0640418
3.144	0.0644138
3.142	0.0647869
3.14	0.0651611
3.138	0.0655364
3.136	0.0659128
3.134	0.0662902
3.132	0.0666687
3.13	0.0670484
3.128	0.067429
3.126	0.0678108
3.124	0.0681936
3.122	0.0685774
3.12	0.0689624
3.118	0.0693483
3.116	0.0697353
3.114	0.0701234
3.112	0.0705125
3.11	0.0709026
3.108	0.0712938
3.106	0.071686
3.104	0.0720792
3.102	0.0724734
3.1	0.0728687
3.098	0.0732649
3.096	0.0736622
3.094	0.0740605
3.092	0.0744597
3.09	0.07486
3.088	0.0752612
3.086	0.0756634
3.084	0.0760666
3.082	0.0764708
3.08	0.076876
3.078	0.0772821
3.076	0.0776892
3.074	0.0780972
3.072	0.0785062
3.07	0.0789161
3.068	0.079327
3.066	0.0797388
3.064	0.0801515
3.062	0.0805652
3.06	0.0809798
3.058	0.0813953
3.056	0.0818118
3.054	0.0822291
3.052	0.0826474
3.05	0.0830666
3.048	0.0834866
3.046	0.0839076
3.044	0.0843294
3.042	0.0847521
3.04	0.0851757
3.038	0.0856002
3.036	0.0860255
3.034	0.0864517
3.032	0.0868788
3.03	0.0873067
3.028	0.0877354
3.026	0.088165
3.024	0.0885955
3.022	0.0890267
3.02	0.0894589
3.018	0.0898918
3.016	0.0903255
3.014	0.0907601
3.012	0.0911955
3.01	0.0916317
3.008	0.0920686
3.006	0.0925064
3.004	0.092945
3.002	0.0933843
3	0.0938244
2.998	0.0942653
2.996	0.094707
2.994	0.0951495
2.992	0.0955927
2.99	0.0960366
2.988	0.0964813
2.986	0.0969268
2.984	0.097373
2.982	0.0978199
2.98	0.0982675
2.978	0.0987159
2.976	0.099165
2.974	0.0996148
2.972	0.100065
2.97	0.100517
2.968	0.100969
2.966	0.101421
2.964	0.101874
2.962	0.102328
2.96	0.102783
2.958	0.103239
2.956	0.103695
2.954	0.104151
2.952	0.104609
2.95	0.105067
2.948	0.105525
2.946	0.105985
2.944	0.106445
2.942	0.106905
2.94	0.107366
2.938	0.107828
2.936	0.108291
2.934	0.108754
2.932	0.109217
2.93	0.109682
2.928	0.110147
2.926	0.110612
2.924	0.111078
2.922	0.111545
2.92	0.112012
2.918	0.11248
2.916	0.112948
2.914	0.113417
2.912	0.113887
2.91	0.114357
2.908	0.114828
2.906	0.115299
2.904	0.11577
2.902	0.116243
2.9	0.116716
2.898	0.117189
2.896	0.117663
2.894	0.118137
2.892	0.118612
2.89	0.119087
2.888	0.119563
2.886	0.12004
2.884	0.120517
2.882	0.120994
2.88	0.121472
2.878	0.12195
2.876	0.122429
2.874	0.122908
2.872	0.123388
2.87	0.123869
2.868	0.124349
2.866	0.12483
2.864	0.125312
2.862	0.125794
2.86	0.126277
2.858	0.12676
2.856	0.127243
2.854	0.127727
2.852	0.128211
2.85	0.128696
2.848	0.129181
2.846	0.129666
2.844	0.130152
2.842	0.130638
2.84	0.131125
2.838	0.131612
2.836	0.1321
2.834	0.132587
2.832	0.133076
2.83	0.133564
2.828	0.134053
2.826	0.134543
2.824	0.135032
2.822	0.135522
2.82	0.136013
2.818	0.136503
2.816	0.136995
2.814	0.137486
2.812	0.137978
2.81	0.13847
2.808	0.138962
2.806	0.139455
2.804	0.139948
2.802	0.140442
2.8	0.140935
2.798	0.141429
2.796	0.141924
2.794	0.142419
2.792	0.142913
2.79	0.143409
2.788	0.143904
2.786	0.1444
2.784	0.144896
2.782	0.145393
2.78	0.145889
2.778	0.146386
2.776	0.146883
2.774	0.147381
2.772	0.147878
2.77	0.148376
2.768	0.148875
2.766	0.149373
2.764	0.149872
2.762	0.150371
2.76	0.15087
2.758	0.151369
2.756	0.151869
2.754	0.152369
2.752	0.152869
2.75	0.153369
2.748	0.15387
2.746	0.154371
2.744	0.154871
2.742	0.155373
2.74	0.155874
2.738	0.156375
2.736	0.156877
2.734	0.157379
2.732	0.157881
2.73	0.158383
2.728	0.158886
2.726	0.159389
2.724	0.159891
2.722	0.160394
2.72	0.160897
2.718	0.161401
2.716	0.161904
2.714	0.162408
2.712	0.162911
2.71	0.163415
2.708	0.163919
2.706	0.164424
2.704	0.164928
2.702	0.165432
2.7	0.165937
2.698	0.166441
2.696	0.166946
2.694	0.167451
2.692	0.167956
2.69	0.168461
2.688	0.168967
2.686	0.169472
2.684	0.169977
2.682	0.170483
2.68	0.170989
2.678	0.171494
2.676	0.172
2.674	0.172506
2.672	0.173012
2.67	0.173518
2.668	0.174024
2.666	0.17453
2.664	0.175037
2.662	0.175543
2.66	0.176049
2.658	0.176556
2.656	0.177062
2.654	0.177569
2.652	0.178075
2.65	0.178582
2.648	0.179088
2.646	0.179595
2.644	0.180102
2.642	0.180609
2.64	0.181115
2.638	0.181622
2.636	0.182129
2.634	0.182636
2.632	0.183143
2.63	0.183649
2.628	0.184156
2.626	0.184663
2.624	0.18517
2.622	0.185677
2.62	0.186183
2.618	0.18669
2.616	0.187197
2.614	0.187704
2.612	0.18821
2.61	0.188717
2.608	0.189224
2.606	0.18973
2.604	0.190237
2.602	0.190743
2.6	0.19125
2.598	0.191756
2.596	0.192263
2.594	0.192769
2.592	0.193275
2.59	0.193781
2.588	0.194287
2.586	0.194793
2.584	0.195299
2.582	0.195805
2.58	0.196311
2.578	0.196817
2.576	0.197322
2.574	0.197828
2.572	0.198333
2.57	0.198838
2.568	0.199344
2.566	0.199849
2.564	0.200354
2.562	0.200859
2.56	0.201363
2.558	0.201868
2.556	0.202372
2.554	0.202877
2.552	0.203381
2.55	0.203885
2.548	0.204389
2.546	0.204892
2.544	0.205396
2.542	0.205899
2.54	0.206403
2.538	0.206906
2.536	0.207409
2.534	0.207911
2.532	0.208414
2.53	0.208916
2.528	0.209418
2.526	0.20992
2.524	0.210422
2.522	0.210924
2.52	0.211425
2.518	0.211926
2.516	0.212427
2.514	0.212928
2.512	0.213429
2.51	0.213929
2.508	0.214429
2.506	0.214929
2.504	0.215428
2.502	0.215928
2.5	0.216427
2.498	0.216925
2.496	0.217424
2.494	0.217922
2.492	0.21842
2.49	0.218918
2.488	0.219415
2.486	0.219913
2.484	0.220409
2.482	0.220906
2.48	0.221402
2.478	0.221898
2.476	0.222394
2.474	0.222889
2.472	0.223385
2.47	0.223879
2.468	0.224374
2.466	0.224868
2.464	0.225362
2.462	0.225855
2.46	0.226348
2.458	0.226841
2.456	0.227333
2.454	0.227825
2.452	0.228317
2.45	0.228808
2.448	0.229299
2.446	0.229789
2.444	0.230279
2.442	0.230769
2.44	0.231258
2.438	0.231747
2.436	0.232236
2.434	0.232724
2.432	0.233212
2.43	0.233699
2.428	0.234186
2.426	0.234672
2.424	0.235158
2.422	0.235643
2.42	0.236128
2.418	0.236613
2.416	0.237097
2.414	0.237581
2.412	0.238064
2.41	0.238547
2.408	0.239029
2.406	0.239511
2.404	0.239992
2.402	0.240473
2.4	0.240953
2.398	0.241433
2.396	0.241912
2.394	0.24239
2.392	0.242868
2.39	0.243346
2.388	0.243823
2.386	0.2443
2.384	0.244776
2.382	0.245251
2.38	0.245726
2.378	0.2462
2.376	0.246674
2.374	0.247147
2.372	0.247619
2.37	0.248091
2.368	0.248562
2.366	0.249033
2.364	0.249503
2.362	0.249972
2.36	0.250441
2.358	0.250909
2.356	0.251377
2.354	0.251844
2.352	0.25231
2.35	0.252776
2.348	0.25324
2.346	0.253705
2.344	0.254168
2.342	0.254631
2.34	0.255093
2.338	0.255555
2.336	0.256015
2.334	0.256475
2.332	0.256935
2.33	0.257393
2.328	0.257851
2.326	0.258308
2.324	0.258765
2.322	0.25922
2.32	0.259675
2.318	0.260129
2.316	0.260582
2.314	0.261035
2.312	0.261487
2.31	0.261937
2.308	0.262388
2.306	0.262837
2.304	0.263285
2.302	0.263733
2.3	0.26418
2.298	0.264626
2.296	0.265071
2.294	0.265515
2.292	0.265959
2.29	0.266401
2.288	0.266843
2.286	0.267284
2.284	0.267724
2.282	0.268163
2.28	0.268601
2.278	0.269038
2.276	0.269474
2.274	0.26991
2.272	0.270344
2.27	0.270777
2.268	0.27121
2.266	0.271641
2.264	0.272072
2.262	0.272502
2.26	0.27293
2.258	0.273358
2.256	0.273785
2.254	0.27421
2.252	0.274635
2.25	0.275058
2.248	0.275481
2.246	0.275902
2.244	0.276323
2.242	0.276742
2.24	0.277161
2.238	0.277578
2.236	0.277994
2.234	0.278409
2.232	0.278823
2.23	0.279236
2.228	0.279648
2.226	0.280059
2.224	0.280468
2.222	0.280877
2.22	0.281284
2.218	0.28169
2.216	0.282095
2.214	0.282499
2.212	0.282901
2.21	0.283303
2.208	0.283703
2.206	0.284102
2.204	0.2845
2.202	0.284896
2.2	0.285291
2.198	0.285685
2.196	0.286078
2.194	0.28647
2.192	0.28686
2.19	0.287249
2.188	0.287637
2.186	0.288023
2.184	0.288408
2.182	0.288792
2.18	0.289174
2.178	0.289556
2.176	0.289935
2.174	0.290314
2.172	0.290691
2.17	0.291066
2.168	0.291441
2.166	0.291814
2.164	0.292185
2.162	0.292555
2.16	0.292924
2.158	0.293291
2.156	0.293657
2.154	0.294021
2.152	0.294384
2.15	0.294745
2.148	0.295105
2.146	0.295464
2.144	0.295821
2.142	0.296176
2.14	0.29653
2.138	0.296882
2.136	0.297233
2.134	0.297582
2.132	0.29793
2.13	0.298276
2.128	0.298621
2.126	0.298963
2.124	0.299305
2.122	0.299644
2.12	0.299983
2.118	0.300319
2.116	0.300654
2.114	0.300987
2.112	0.301318
2.11	0.301648
2.108	0.301976
2.106	0.302302
2.104	0.302627
2.102	0.30295
2.1	0.303271
2.098	0.30359
2.096	0.303908
2.094	0.304224
2.092	0.304538
2.09	0.30485
2.088	0.305161
2.086	0.305469
2.084	0.305776
2.082	0.306081
2.08	0.306384
2.078	0.306686
2.076	0.306985
2.074	0.307283
2.072	0.307578
2.07	0.307872
2.068	0.308164
2.066	0.308453
2.064	0.308741
2.062	0.309027
2.06	0.309311
2.058	0.309593
2.056	0.309873
2.054	0.310151
2.052	0.310427
2.05	0.310701
2.048	0.310973
2.046	0.311242
2.044	0.31151
2.042	0.311776
2.04	0.312039
2.038	0.312301
2.036	0.31256
2.034	0.312817
2.032	0.313072
2.03	0.313325
2.028	0.313575
2.026	0.313824
2.024	0.31407
2.022	0.314314
2.02	0.314556
2.018	0.314796
2.016	0.315033
2.014	0.315268
2.012	0.315501
2.01	0.315731
2.008	0.31596
2.006	0.316185
2.004	0.316409
2.002	0.31663
2	0.316849
1.998	0.317065
1.996	0.317279
1.994	0.317491
1.992	0.3177
1.99	0.317907
1.988	0.318112
1.986	0.318314
1.984	0.318513
1.982	0.31871
1.98	0.318905
1.978	0.319097
1.976	0.319286
1.974	0.319473
1.972	0.319657
1.97	0.319839
1.968	0.320018
1.966	0.320195
1.964	0.320369
1.962	0.320541
1.96	0.320709
1.958	0.320876
1.956	0.321039
1.954	0.3212
1.952	0.321358
1.95	0.321514
1.948	0.321666
1.946	0.321816
1.944	0.321964
1.942	0.322108
1.94	0.32225
1.938	0.322389
1.936	0.322525
1.934	0.322658
1.932	0.322789
1.93	0.322917
1.928	0.323041
1.926	0.323163
1.924	0.323282
1.922	0.323399
1.92	0.323512
1.918	0.323622
1.916	0.32373
1.914	0.323834
1.912	0.323936
1.91	0.324034
1.908	0.32413
1.906	0.324222
1.904	0.324312
1.902	0.324399
1.9	0.324482
1.898	0.324562
1.896	0.32464
1.894	0.324714
1.892	0.324785
1.89	0.324853
1.888	0.324918
1.886	0.32498
1.884	0.325039
1.882	0.325094
1.88	0.325146
1.878	0.325196
1.876	0.325241
1.874	0.325284
1.872	0.325324
1.87	0.32536
1.868	0.325393
1.866	0.325423
1.864	0.325449
1.862	0.325472
1.86	0.325492
1.858	0.325508
1.856	0.325522
1.854	0.325531
1.852	0.325538
1.85	0.325541
1.848	0.325541
1.846	0.325537
1.844	0.32553
1.842	0.32552
1.84	0.325506
1.838	0.325488
1.836	0.325468
1.834	0.325443
1.832	0.325416
1.83	0.325384
1.828	0.32535
1.826	0.325312
1.824	0.32527
1.822	0.325225
1.82	0.325176
1.818	0.325123
1.816	0.325068
1.814	0.325008
1.812	0.324945
1.81	0.324878
1.808	0.324808
1.806	0.324734
1.804	0.324657
1.802	0.324576
1.8	0.324491
1.798	0.324402
1.796	0.32431
1.794	0.324214
1.792	0.324115
1.79	0.324012
1.788	0.323905
1.786	0.323794
1.784	0.32368
1.782	0.323562
1.78	0.32344
1.778	0.323315
1.776	0.323186
1.774	0.323053
1.772	0.322916
1.77	0.322775
1.768	0.322631
1.766	0.322483
1.764	0.322331
1.762	0.322175
1.76	0.322016
1.758	0.321853
1.756	0.321685
1.754	0.321514
1.752	0.321339
1.75	0.321161
1.748	0.320978
1.746	0.320792
1.744	0.320602
1.742	0.320407
1.74	0.320209
1.738	0.320008
1.736	0.319802
1.734	0.319592
1.732	0.319379
1.73	0.319161
1.728	0.31894
1.726	0.318715
1.724	0.318485
1.722	0.318252
1.72	0.318015
1.718	0.317774
1.716	0.317529
1.714	0.317281
1.712	0.317028
1.71	0.316771
1.708	0.316511
1.706	0.316246
1.704	0.315978
1.702	0.315705
1.7	0.315429
1.698	0.315149
1.696	0.314864
1.694	0.314576
1.692	0.314284
1.69	0.313988
1.688	0.313688
1.686	0.313384
1.684	0.313076
1.682	0.312764
1.68	0.312448
1.678	0.312128
1.676	0.311805
1.674	0.311477
1.672	0.311145
1.67	0.31081
1.668	0.31047
1.666	0.310127
1.664	0.309779
1.662	0.309428
1.66	0.309073
1.658	0.308714
1.656	0.30835
1.654	0.307983
1.652	0.307612
1.65	0.307237
1.648	0.306859
1.646	0.306476
1.644	0.306089
1.642	0.305699
1.64	0.305304
1.638	0.304906
1.636	0.304504
1.634	0.304098
1.632	0.303688
1.63	0.303274
1.628	0.302856
1.626	0.302435
1.624	0.302009
1.622	0.30158
1.62	0.301147
1.618	0.30071
1.616	0.300269
1.614	0.299825
1.612	0.299376
1.61	0.298924
1.608	0.298468
1.606	0.298008
1.604	0.297545
1.602	0.297078
1.6	0.296607
1.598	0.296132
1.596	0.295653
1.594	0.295171
1.592	0.294685
1.59	0.294196
1.588	0.293702
1.586	0.293205
1.584	0.292704
1.582	0.2922
1.58	0.291692
1.578	0.29118
1.576	0.290665
1.574	0.290146
1.572	0.289624
1.57	0.289098
1.568	0.288568
1.566	0.288035
1.564	0.287498
1.562	0.286958
1.56	0.286414
1.558	0.285867
1.556	0.285316
1.554	0.284762
1.552	0.284204
1.55	0.283643
1.548	0.283078
1.546	0.28251
1.544	0.281939
1.542	0.281364
1.54	0.280786
1.538	0.280204
1.536	0.279619
1.534	0.279031
1.532	0.278439
1.53	0.277845
1.528	0.277247
1.526	0.276645
1.524	0.276041
1.522	0.275433
1.52	0.274822
1.518	0.274208
1.516	0.27359
1.514	0.27297
1.512	0.272346
1.51	0.27172
1.508	0.27109
1.506	0.270457
1.504	0.269821
1.502	0.269182
1.5	0.26854
1.498	0.267895
1.496	0.267247
1.494	0.266597
1.492	0.265943
1.49	0.265286
1.488	0.264627
1.486	0.263964
1.484	0.263299
1.482	0.262631
1.48	0.26196
1.478	0.261286
1.476	0.26061
1.474	0.259931
1.472	0.259249
1.47	0.258564
1.468	0.257877
1.466	0.257187
1.464	0.256495
1.462	0.2558
1.46	0.255102
1.458	0.254402
1.456	0.253699
1.454	0.252994
1.452	0.252286
1.45	0.251576
1.448	0.250863
1.446	0.250148
1.444	0.249431
1.442	0.248711
1.44	0.247989
1.438	0.247265
1.436	0.246538
1.434	0.245809
1.432	0.245078
1.43	0.244345
1.428	0.243609
1.426	0.242871
1.424	0.242132
1.422	0.24139
1.42	0.240646
1.418	0.2399
1.416	0.239152
1.414	0.238402
1.412	0.23765
1.41	0.236896
1.408	0.23614
1.406	0.235382
1.404	0.234622
1.402	0.233861
1.4	0.233097
1.398	0.232332
1.396	0.231566
1.394	0.230797
1.392	0.230027
1.39	0.229255
1.388	0.228481
1.386	0.227706
1.384	0.226929
1.382	0.226151
1.38	0.225371
1.378	0.22459
1.376	0.223807
1.374	0.223022
1.372	0.222237
1.37	0.221449
1.368	0.220661
1.366	0.219871
1.364	0.21908
1.362	0.218287
1.36	0.217494
1.358	0.216699
1.356	0.215903
1.354	0.215105
1.352	0.214307
1.35	0.213507
1.348	0.212707
1.346	0.211905
1.344	0.211102
1.342	0.210299
1.34	0.209494
1.338	0.208688
1.336	0.207882
1.334	0.207074
1.332	0.206266
1.33	0.205457
1.328	0.204647
1.326	0.203837
1.324	0.203025
1.322	0.202213
1.32	0.2014
1.318	0.200587
1.316	0.199773
1.314	0.198958
1.312	0.198143
1.31	0.197327
1.308	0.196511
1.306	0.195694
1.304	0.194877
1.302	0.19406
1.3	0.193242
1.298	0.192423
1.296	0.191605
1.294	0.190786
1.292	0.189966
1.29	0.189147
1.288	0.188327
1.286	0.187507
1.284	0.186687
1.282	0.185867
1.28	0.185046
1.278	0.184226
1.276	0.183406
1.274	0.182585
1.272	0.181765
1.27	0.180944
1.268	0.180124
1.266	0.179303
1.264	0.178483
1.262	0.177663
1.26	0.176843
1.258	0.176024
1.256	0.175204
1.254	0.174385
1.252	0.173566
1.25	0.172748
1.248	0.171929
1.246	0.171112
1.244	0.170294
1.242	0.169477
1.24	0.16866
1.238	0.167844
1.236	0.167029
1.234	0.166213
1.232	0.165399
1.23	0.164585
1.228	0.163771
1.226	0.162959
1.224	0.162147
1.222	0.161335
1.22	0.160525
1.218	0.159715
1.216	0.158905
1.214	0.158097
1.212	0.157289
1.21	0.156483
1.208	0.155677
1.206	0.154872
1.204	0.154068
1.202	0.153264
1.2	0.152462
1.198	0.151661
1.196	0.150861
1.194	0.150062
1.192	0.149264
1.19	0.148467
1.188	0.147671
1.186	0.146876
1.184	0.146082
1.182	0.14529
1.18	0.144499
1.178	0.143709
1.176	0.14292
1.174	0.142133
1.172	0.141347
1.17	0.140562
1.168	0.139778
1.166	0.138996
1.164	0.138215
1.162	0.137436
1.16	0.136658
1.158	0.135882
1.156	0.135107
1.154	0.134333
1.152	0.133562
1.15	0.132791
1.148	0.132022
1.146	0.131255
1.144	0.130489
1.142	0.129725
1.14	0.128963
1.138	0.128202
1.136	0.127443
1.134	0.126686
1.132	0.12593
1.13	0.125176
1.128	0.124424
1.126	0.123674
1.124	0.122926
1.122	0.122179
1.12	0.121434
1.118	0.120691
1.116	0.11995
1.114	0.119211
1.112	0.118473
1.11	0.117738
1.108	0.117005
1.106	0.116273
1.104	0.115544
1.102	0.114816
1.1	0.114091
1.098	0.113367
1.096	0.112646
1.094	0.111927
1.092	0.11121
1.09	0.110494
1.088	0.109781
1.086	0.109071
1.084	0.108362
1.082	0.107655
1.08	0.106951
1.078	0.106249
1.076	0.105549
1.074	0.104851
1.072	0.104155
1.07	0.103462
1.068	0.102771
1.066	0.102082
1.064	0.101396
1.062	0.100712
1.06	0.10003
1.058	0.0993503
1.056	0.0986731
1.054	0.0979983
1.052	0.0973259
1.05	0.0966558
1.048	0.0959881
1.046	0.0953229
1.044	0.09466
1.042	0.0939996
1.04	0.0933416
1.038	0.092686
1.036	0.0920329
1.034	0.0913823
1.032	0.0907342
1.03	0.0900885
1.028	0.0894454
1.026	0.0888047
1.024	0.0881666
1.022	0.087531
1.02	0.086898
1.018	0.0862675
1.016	0.0856396
1.014	0.0850142
1.012	0.0843914
1.01	0.0837711
1.008	0.0831535
1.006	0.0825385
1.004	0.081926
1.002	0.0813162
1	0.080709
0.998	0.0801045
0.996	0.0795025
0.994	0.0789032
0.992	0.0783066
0.99	0.0777126
0.988	0.0771213
0.986	0.0765326
0.984	0.0759466
0.982	0.0753633
0.98	0.0747827
0.978	0.0742048
0.976	0.0736295
0.974	0.073057
0.972	0.0724871
0.97	0.07192
0.968	0.0713556
0.966	0.0707939
0.964	0.0702349
0.962	0.0696786
0.96	0.0691251
0.958	0.0685743
0.956	0.0680262
0.954	0.0674808
0.952	0.0669382
0.95	0.0663984
0.948	0.0658613
0.946	0.0653269
0.944	0.0647953
0.942	0.0642664
0.94	0.0637403
0.938	0.063217
0.936	0.0626964
0.934	0.0621785
0.932	0.0616635
0.93	0.0611511
0.928	0.0606416
0.926	0.0601348
0.924	0.0596307
0.922	0.0591294
0.92	0.0586309
0.918	0.0581352
0.916	0.0576422
0.914	0.0571519
0.912	0.0566644
0.91	0.0561797
0.908	0.0556978
0.906	0.0552186
0.904	0.0547421
0.902	0.0542684
0.9	0.0537975
0.898	0.0533293
0.896	0.0528638
0.894	0.0524011
0.892	0.0519412
0.89	0.051484
0.888	0.0510295
0.886	0.0505778
0.884	0.0501288
0.882	0.0496825
0.88	0.049239
0.878	0.0487982
0.876	0.0483601
0.874	0.0479247
0.872	0.0474921
0.87	0.0470621
0.868	0.0466349
0.866	0.0462103
0.864	0.0457885
0.862	0.0453694
0.86	0.0449529
0.858	0.0445392
0.856	0.0441281
0.854	0.0437197
0.852	0.0433139
0.85	0.0429109
0.848	0.0425105
0.846	0.0421127
0.844	0.0417176
0.842	0.0413251
0.84	0.0409353
0.838	0.0405481
0.836	0.0401636
0.834	0.0397816
0.832	0.0394023
0.83	0.0390256
0.828	0.0386515
0.826	0.0382799
0.824	0.037911
0.822	0.0375447
0.82	0.0371809
0.818	0.0368197
0.816	0.036461
0.814	0.0361049
0.812	0.0357514
0.81	0.0354004
0.808	0.0350519
0.806	0.0347059
0.804	0.0343625
0.802	0.0340216
0.8	0.0336831
0.798	0.0333472
0.796	0.0330137
0.794	0.0326828
0.792	0.0323542
0.79	0.0320282
0.788	0.0317046
0.786	0.0313834
0.784	0.0310647
0.782	0.0307484
0.78	0.0304345
0.778	0.0301231
0.776	0.029814
0.774	0.0295073
0.772	0.029203
0.77	0.0289011
0.768	0.0286015
0.766	0.0283043
0.764	0.0280094
0.762	0.0277169
0.76	0.0274267
0.758	0.0271388
0.756	0.0268532
0.754	0.0265699
0.752	0.0262889
0.75	0.0260101
0.748	0.0257337
0.746	0.0254595
0.744	0.0251875
0.742	0.0249178
0.74	0.0246503
0.738	0.024385
0.736	0.0241219
0.734	0.023861
0.732	0.0236024
0.73	0.0233458
0.728	0.0230915
0.726	0.0228393
0.724	0.0225892
0.722	0.0223413
0.72	0.0220955
0.718	0.0218519
0.716	0.0216103
0.714	0.0213708
0.712	0.0211334
0.71	0.020898
0.708	0.0206648
0.706	0.0204335
0.704	0.0202043
0.702	0.0199772
0.7	0.019752
0.698	0.0195289
0.696	0.0193077
0.694	0.0190886
0.692	0.0188714
0.69	0.0186562
0.688	0.0184429
0.686	0.0182315
0.684	0.0180221
0.682	0.0178146
0.68	0.017609
0.678	0.0174053
0.676	0.0172035
0.674	0.0170036
0.672	0.0168055
0.67	0.0166093
0.668	0.0164149
0.666	0.0162223
0.664	0.0160316
0.662	0.0158426
0.66	0.0156555
0.658	0.0154701
0.656	0.0152865
0.654	0.0151047
0.652	0.0149246
0.65	0.0147463
0.648	0.0145697
0.646	0.0143948
0.644	0.0142216
0.642	0.0140501
0.64	0.0138803
0.638	0.0137121
0.636	0.0135456
0.634	0.0133808
0.632	0.0132176
0.63	0.013056
0.628	0.012896
0.626	0.0127377
0.624	0.0125809
0.622	0.0124257
0.62	0.0122721
0.618	0.0121201
0.616	0.0119696
0.614	0.0118206
0.612	0.0116732
0.61	0.0115273
0.608	0.0113828
0.606	0.0112399
0.604	0.0110985
0.602	0.0109585
0.6	0.01082
0.598	0.0106829
0.596	0.0105473
0.594	0.0104131
0.592	0.0102803
0.59	0.010149
0.588	0.010019
0.586	0.0098904
0.584	0.00976319
0.582	0.00963734
0.58	0.00951284
0.578	0.00938968
0.576	0.00926786
0.574	0.00914736
0.572	0.00902817
0.57	0.00891027
0.568	0.00879367
0.566	0.00867835
0.564	0.00856429
0.562	0.0084515
0.56	0.00833995
0.558	0.00822964
0.556	0.00812056
0.554	0.00801269
0.552	0.00790604
0.55	0.00780058
0.548	0.0076963
0.546	0.00759321
0.544	0.00749128
0.542	0.0073905
0.54	0.00729088
0.538	0.00719239
0.536	0.00709503
0.534	0.00699878
0.532	0.00690364
0.53	0.00680961
0.528	0.00671665
0.526	0.00662478
0.524	0.00653398
0.522	0.00644424
0.52	0.00635554
0.518	0.00626789
0.516	0.00618126
0.514	0.00609566
0.512	0.00601107
0.51	0.00592749
0.508	0.0058449
0.506	0.00576329
0.504	0.00568266
0.502	0.00560299
0.5	0.00552428
0.498	0.00544652
0.496	0.0053697
0.494	0.00529381
0.492	0.00521884
0.49	0.00514478
0.488	0.00507163
0.486	0.00499937
0.484	0.004928
0.482	0.00485751
0.48	0.00478789
0.478	0.00471912
0.476	0.00465121
0.474	0.00458415
0.472	0.00451792
0.47	0.00445252
0.468	0.00438793
0.466	0.00432416
0.464	0.00426119
0.462	0.00419902
0.46	0.00413763
0.458	0.00407702
0.456	0.00401718
0.454	0.00395811
0.452	0.00389979
0.45	0.00384221
0.448	0.00378538
0.446	0.00372928
0.444	0.0036739
0.442	0.00361924
0.44	0.00356529
0.438	0.00351204
0.436	0.00345948
0.434	0.00340762
0.432	0.00335643
0.43	0.00330591
0.428	0.00325606
0.426	0.00320687
0.424	0.00315832
0.422	0.00311042
0.42	0.00306316
0.418	0.00301653
0.416	0.00297052
0.414	0.00292513
0.412	0.00288034
0.41	0.00283616
0.408	0.00279258
0.406	0.00274958
0.404	0.00270717
0.402	0.00266533
0.4	0.00262407
0.398	0.00258336
0.396	0.00254322
0.394	0.00250362
0.392	0.00246457
0.39	0.00242606
0.388	0.00238808
0.386	0.00235062
0.384	0.00231368
0.382	0.00227726
0.38	0.00224135
0.378	0.00220594
0.376	0.00217102
0.374	0.0021366
0.372	0.00210266
0.37	0.00206919
0.368	0.00203621
0.366	0.00200368
0.364	0.00197162
0.362	0.00194002
0.36	0.00190887
0.358	0.00187817
0.356	0.0018479
0.354	0.00181807
0.352	0.00178867
0.35	0.00175969
0.348	0.00173114
0.346	0.00170299
0.344	0.00167526
0.342	0.00164793
0.34	0.001621
0.338	0.00159447
0.336	0.00156832
0.334	0.00154256
0.332	0.00151718
0.33	0.00149217
0.328	0.00146753
0.326	0.00144326
0.324	0.00141935
0.322	0.0013958
0.32	0.0013726
0.318	0.00134974
0.316	0.00132723
0.314	0.00130506
0.312	0.00128323
0.31	0.00126172
0.308	0.00124054
0.306	0.00121968
0.304	0.00119914
0.302	0.00117891
0.3	0.00115899
0.298	0.00113938
0.296	0.00112007
0.294	0.00110105
0.292	0.00108233
0.29	0.0010639
0.288	0.00104576
0.286	0.00102789
0.284	0.00101031
0.282	0.000993001
0.28	0.000975963
0.278	0.000959192
0.276	0.000942686
0.274	0.000926439
0.272	0.00091045
0.27	0.000894714
0.268	0.000879228
0.266	0.000863989
0.264	0.000848994
0.262	0.000834238
0.26	0.00081972
0.258	0.000805434
0.256	0.00079138
0.254	0.000777553
0.252	0.00076395
0.25	0.000750568
0.248	0.000737404
0.246	0.000724455
0.244	0.000711719
0.242	0.000699191
0.24	0.00068687
0.238	0.000674753
0.236	0.000662836
0.234	0.000651117
0.232	0.000639594
0.23	0.000628262
0.228	0.000617121
0.226	0.000606167
0.224	0.000595397
0.222	0.000584809
0.22	0.000574401
0.218	0.000564169
0.216	0.000554112
0.214	0.000544227
0.212	0.000534511
0.21	0.000524963
0.208	0.000515579
0.206	0.000506358
0.204	0.000497298
0.202	0.000488395
0.2	0.000479648
0.198	0.000471054
0.196	0.000462612
0.194	0.000454319
0.192	0.000446173
0.19	0.000438173
0.188	0.000430315
0.186	0.000422598
0.184	0.000415021
0.182	0.00040758
0.18	0.000400275
0.178	0.000393103
0.176	0.000386062
0.174	0.000379151
0.172	0.000372367
0.17	0.000365709
0.168	0.000359176
0.166	0.000352764
0.164	0.000346474
0.162	0.000340302
0.16	0.000334248
0.158	0.00032831
0.156	0.000322485
0.154	0.000316773
0.152	0.000311172
0.15	0.000305681
0.148	0.000300297
0.146	0.00029502
0.144	0.000289848
0.142	0.00028478
0.14	0.000279813
0.138	0.000274948
0.136	0.000270181
0.134	0.000265513
0.132	0.000260942
0.13	0.000256466
0.128	0.000252084
0.126	0.000247796
0.124	0.000243599
0.122	0.000239492
0.12	0.000235475
0.118	0.000231546
0.116	0.000227705
0.114	0.000223949
0.112	0.000220278
0.11	0.000216691
0.108	0.000213187
0.106	0.000209765
0.104	0.000206423
0.102	0.000203161
0.1	0.000199978
0.098	0.000196873
0.096	0.000193845
0.094	0.000190893
0.092	0.000188017
0.09	0.000185214
0.088	0.000182486
0.086	0.00017983
0.084	0.000177245
0.082	0.000174733
0.08	0.00017229
0.078	0.000169917
0.076	0.000167613
0.074	0.000165378
0.072	0.00016321
0.07	0.000161109
0.068	0.000159074
0.066	0.000157105
0.064	0.000155201
0.062	0.000153362
0.06	0.000151586
0.058	0.000149874
0.056	0.000148225
0.054	0.000146638
0.052	0.000145113
0.05	0.00014365
0.048	0.000142247
0.046	0.000140905
0.044	0.000139623
0.042	0.000138401
0.04	0.000137238
0.038	0.000136135
0.036	0.000135089
0.034	0.000134103
0.032	0.000133174
0.03	0.000132303
0.028	0.000131489
0.026	0.000130733
0.024	0.000130033
0.022	0.000129391
0.02	0.000128804
0.018	0.000128275
0.016	0.000127801
0.014	0.000127384
0.012	0.000127022
0.01	0.000126716
0.008	0.000126466
0.006	0.000126272
0.004	0.000126133
0.002	0.00012605
0	0.000126022
-0.002	0.00012605
-0.004	0.000126133
-0.006	0.000126272
-0.008	0.000126466
-0.01	0.000126716
-0.012	0.000127022
-0.014	0.000127384
-0.016	0.000127801
-0.018	0.000128275
-0.02	0.000128804
-0.022	0.000129391
-0.024	0.000130033
-0.026	0.000130733
-0.028	0.000131489
-0.03	0.000132303
-0.032	0.000133174
-0.034	0.000134103
-0.036	0.000135089
-0.038	0.000136135
-0.04	0.000137238
-0.042	0.000138401
-0.044	0.000139623
-0.046	0.000140905
-0.048	0.000142247
-0.05	0.00014365
-0.052	0.000145113
-0.054	0.000146638
-0.056	0.000148225
-0.058	0.000149874
-0.06	0.000151586
-0.062	0.000153362
-0.064	0.000155201
-0.066	0.000157105
-0.068	0.000159074
-0.07	0.000161109
-0.072	0.00016321
-0.074	0.000165378
-0.076	0.000167613
-0.078	0.000169917
-0.08	0.00017229
-0.082	0.000174733
-0.084	0.000177245
-0.086	0.00017983
-0.088	0.000182486
-0.09	0.000185214
-0.092	0.000188017
-0.094	0.000190893
-0.096	0.000193845
-0.098	0.000196873
-0.1	0.000199978
-0.102	0.000203161
-0.104	0.000206423
-0.106	0.000209765
-0.108	0.000213187
-0.11	0.000216691
-0.112	0.000220278
-0.114	0.000223949
-0.116	0.000227705
-0.118	0.000231546
-0.12	0.000235475
-0.122	0.000239492
-0.124	0.000243599
-0.126	0.000247796
-0.128	0.000252084
-0.13	0.000256466
-0.132	0.000260942
-0.134	0.000265513
-0.136	0.000270181
-0.138	0.000274948
-0.14	0.000279813
-0.142	0.00028478
-0.144	0.000289848
-0.146	0.00029502
-0.148	0.000300297
-0.15	0.000305681
-0.152	0.000311172
-0.154	0.000316773
-0.156	0.000322485
-0.158	0.00032831
-0.16	0.000334248
-0.162	0.000340302
-0.164	0.000346474
-0.166	0.000352764
-0.168	0.000359176
-0.17	0.000365709
-0.172	0.000372367
-0.174	0.000379151
-0.176	0.000386062
-0.178	0.000393103
-0.18	0.000400275
-0.182	0.00040758
-0.184	0.000415021
-0.186	0.000422598
-0.188	0.000430315
-0.19	0.000438173
-0.192	0.000446173
-0.194	0.000454319
-0.196	0.000462612
-0.198	0.000471054
-0.2	0.000479648
-0.202	0.000488395
-0.204	0.000497298
-0.206	0.000506358
-0.208	0.000515579
-0.21	0.000524963
-0.212	0.000534511
-0.214	0.000544227
-0.216	0.000554112
-0.218	0.000564169
-0.22	0.000574401
-0.222	0.000584809
-0.224	0.000595397
-0.226	0.000606167
-0.228	0.000617121
-0.23	0.000628262
-0.232	0.000639594
-0.234	0.000651117
-0.236	0.000662836
-0.238	0.000674753
-0.24	0.00068687
-0.242	0.000699191
-0.244	0.000711719
-0.246	0.000724455
-0.248	0.000737404
-0.25	0.000750568
-0.252	0.00076395
-0.254	0.000777553
-0.256	0.00079138
-0.258	0.000805434
-0.26	0.00081972
-0.262	0.000834238
-0.264	0.000848994
-0.266	0.000863989
-0.268	0.000879228
-0.27	0.000894714
-0.272	0.00091045
-0.274	0.000926439
-0.276	0.000942686
-0.278	0.000959192
-0.28	0.000975963
-0.282	0.000993001
-0.284	0.00101031
-0.286	0.00102789
-0.288	0.00104576
-0.29	0.0010639
-0.292	0.00108233
-0.294	0.00110105
-0.296	0.00112007
-0.298	0.00113938
-0.3	0.00115899
-0.302	0.00117891
-0.304	0.00119914
-0.306	0.00121968
-0.308	0.00124054
-0.31	0.00126172
-0.312	0.00128323
-0.314	0.00130506
-0.316	0.00132723
-0.318	0.00134974
-0.32	0.0013726
-0.322	0.0013958
-0.324	0.00141935
-0.326	0.00144326
-0.328	0.00146753
-0.33	0.00149217
-0.332	0.00151718
-0.334	0.00154256
-0.336	0.00156832
-0.338	0.00159447
-0.34	0.001621
-0.342	0.00164793
-0.344	0.00167526
-0.346	0.00170299
-0.348	0.00173114
-0.35	0.00175969
-0.352	0.00178867
-0.354	0.00181807
-0.356	0.0018479
-0.358	0.00187817
-0.36	0.00190887
-0.362	0.00194002
-0.364	0.00197162
-0.366	0.00200368
-0.368	0.00203621
-0.37	0.00206919
-0.372	0.00210266
-0.374	0.0021366
-0.376	0.00217102
-0.378	0.00220594
-0.38	0.00224135
-0.382	0.00227726
-0.384	0.00231368
-0.386	0.00235062
-0.388	0.00238808
-0.39	0.00242606
-0.392	0.00246457
-0.394	0.00250362
-0.396	0.00254322
-0.398	0.00258336
-0.4	0.00262407
-0.402	0.00266533
-0.404	0.00270717
-0.406	0.00274958
-0.408	0.00279258
-0.41	0.00283616
-0.412	0.00288034
-0.414	0.00292513
-0.416	0.00297052
-0.418	0.00301653
-0.42	0.00306316
-0.422	0.00311042
-0.424	0.00315832
-0.426	0.00320687
-0.428	0.00325606
-0.43	0.00330591
-0.432	0.00335643
-0.434	0.00340762
-0.436	0.00345948
-0.438	0.00351204
-0.44	0.00356529
-0.442	0.00361924
-0.444	0.0036739
-0.446	0.00372928
-0.448	0.00378538
-0.45	0.00384221
-0.452	0.00389979
-0.454	0.00395811
-0.456	0.00401718
-0.458	0.00407702
-0.46	0.00413763
-0.462	0.00419902
-0.464	0.00426119
-0.466	0.00432416
-0.468	0.00438793
-0.47	0.00445252
-0.472	0.00451792
-0.474	0.00458415
-0.476	0.00465121
-0.478	0.00471912
-0.48	0.00478789
-0.482	0.00485751
-0.484	0.004928
-0.486	0.00499937
-0.488	0.00507163
-0.49	0.00514478
-0.492	0.00521884
-0.494	0.00529381
-0.496	0.0053697
-0.498	0.00544652
-0.5	0.00552428
-0.502	0.00560299
-0.504	0.00568266
-0.506	0.00576329
-0.508	0.0058449
-0.51	0.00592749
-0.512	0.00601107
-0.514	0.00609566
-0.516	0.00618126
-0.518	0.00626789
-0.52	0.00635554
-0.522	0.00644424
-0.524	0.00653398
-0.526	0.00662478
-0.528	0.00671665
-0.53	0.00680961
-0.532	0.00690364
-0.534	0.00699878
-0.536	0.00709503
-0.538	0.00719239
-0.54	0.00729088
-0.542	0.0073905
-0.544	0.00749128
-0.546	0.00759321
-0.548	0.0076963
-0.55	0.00780058
-0.552	0.00790604
-0.554	0.00801269
-0.556	0.00812056
-0.558	0.00822964
-0.56	0.00833995
-0.562	0.0084515
-0.564	0.00856429
-0.566	0.00867835
-0.568	0.00879367
-0.57	0.00891027
-0.572	0.00902817
-0.574	0.00914736
-0.576	0.00926786
-0.578	0.00938968
-0.58	0.00951284
-0.582	0.00963734
-0.584	0.00976319
-0.586	0.0098904
-0.588	0.010019
-0.59	0.010149
-0.592	0.0102803
-0.594	0.0104131
-0.596	0.0105473
-0.598	0.0106829
-0.6	0.01082
-0.602	0.0109585
-0.604	0.0110985
-0.606	0.0112399
-0.608	0.0113828
-0.61	0.0115273
-0.612	0.0116732
-0.614	0.0118206
-0.616	0.0119696
-0.618	0.0121201
-0.62	0.0122721
-0.622	0.0124257
-0.624	0.0125809
-0.626	0.0127377
-0.628	0.012896
-0.63	0.013056
-0.632	0.0132176
-0.634	0.0133808
-0.636	0.0135456
-0.638	0.0137121
-0.64	0.0138803
-0.642	0.0140501
-0.644	0.0142216
-0.646	0.0143948
-0.648	0.0145697
-0.65	0.0147463
-0.652	0.0149246
-0.654	0.0151047
-0.656	0.0152865
-0.658	0.0154701
-0.66	0.0156555
-0.662	0.0158426
-0.664	0.0160316
-0.666	0.0162223
-0.668	0.0164149
-0.67	0.0166093
-0.672	0.0168055
-0.674	0.0170036
-0.676	0.0172035
-0.678	0.0174053
-0.68	0.017609
-0.682	0.0178146
-0.684	0.0180221
-0.686	0.0182315
-0.688	0.0184429
-0.69	0.0186562
-0.692	0.0188714
-0.694	0.0190886
-0.696	0.0193077
-0.698	0.0195289
-0.7	0.019752
-0.702	0.0199772
-0.704	0.0202043
-0.706	0.0204335
-0.708	0.0206648
-0.71	0.020898
-0.712	0.0211334
-0.714	0.0213708
-0.716	0.0216103
-0.718	0.0218519
-0.72	0.0220955
-0.722	0.0223413
-0.724	0.0225892
-0.726	0.0228393
-0.728	0.0230915
-0.73	0.0233458
-0.732	0.0236024
-0.734	0.023861
-0.736	0.0241219
-0.738	0.024385
-0.74	0.0246503
-0.742	0.0249178
-0.744	0.0251875
-0.746	0.0254595
-0.748	0.0257337
-0.75	0.0260101
-0.752	0.0262889
-0.754	0.0265699
-0.756	0.0268532
-0.758	0.0271388
-0.76	0.0274267
-0.762	0.0277169
-0.764	0.0280094
-0.766	0.0283043
-0.768	0.0286015
-0.77	0.0289011
-0.772	0.029203
-0.774	0.0295073
-0.776	0.029814
-0.778	0.0301231
-0.78	0.0304345
-0.782	0.0307484
-0.784	0.0310647
-0.786	0.0313834
-0.788	0.0317046
-0.79	0.0320282
-0.792	0.0323542
-0.794	0.0326828
-0.796	0.0330137
-0.798	0.0333472
-0.8	0.0336831
-0.802	0.0340216
-0.804	0.0343625
-0.806	0.0347059
-0.808	0.0350519
-0.81	0.0354004
-0.812	0.0357514
-0.814	0.0361049
-0.816	0.036461
-0.818	0.0368197
-0.82	0.0371809
-0.822	0.0375447
-0.824	0.037911
-0.826	0.0382799
-0.828	0.0386515
-0.83	0.0390256
-0.832	0.0394023
-0.834	0.0397816
-0.836	0.0401636
-0.838	0.0405481
-0.84	0.0409353
-0.842	0.0413251
-0.844	0.0417176
-0.846	0.0421127
-0.848	0.0425105
-0.85	0.0429109
-0.852	0.0433139
-0.854	0.0437197
-0.856	0.0441281
-0.858	0.0445392
-0.86	0.0449529
-0.862	0.0453694
-0.864	0.0457885
-0.866	0.0462103
-0.868	0.0466349
-0.87	0.0470621
-0.872	0.0474921
-0.874	0.0479247
-0.876	0.0483601
-0.878	0.0487982
-0.88	0.049239
-0.882	0.0496825
-0.884	0.0501288
-0.886	0.0505778
-0.888	0.0510295
-0.89	0.051484
-0.892	0.0519412
-0.894	0.0524011
-0.896	0.0528638
-0.898	0.0533293
-0.9	0.0537975
-0.902	0.0542684
-0.904	0.0547421
-0.906	0.0552186
-0.908	0.0556978
-0.91	0.0561797
-0.912	0.0566644
-0.914	0.0571519
-0.916	0.0576422
-0.918	0.0581352
-0.92	0.0586309
-0.922	0.0591294
-0.924	0.0596307
-0.926	0.0601348
-0.928	0.0606416
-0.93	0.0611511
-0.932	0.0616635
-0.934	0.0621785
-0.936	0.0626964
-0.938	0.063217
-0.94	0.0637403
-0.942	0.0642664
-0.944	0.0647953
-0.946	0.0653269
-0.948	0.0658613
-0.95	0.0663984
-0.952	0.0669382
-0.954	0.0674808
-0.956	0.0680262
-0.958	0.0685743
-0.96	0.0691251
-0.962	0.0696786
-0.964	0.0702349
-0.966	0.0707939
-0.968	0.0713556
-0.97	0.07192
-0.972	0.0724871
-0.974	0.073057
-0.976	0.0736295
-0.978	0.0742048
-0.98	0.0747827
-0.982	0.0753633
-0.984	0.0759466
-0.986	0.0765326
-0.988	0.0771213
-0.99	0.0777126
-0.992	0.0783066
-0.994	0.0789032
-0.996	0.0795025
-0.998	0.0801045
-1	0.080709
-1.002	0.0813162
-1.004	0.081926
-1.006	0.0825385
-1.008	0.0831535
-1.01	0.0837711
-1.012	0.0843914
-1.014	0.0850142
-1.016	0.0856396
-1.018	0.0862675
-1.02	0.086898
-1.022	0.087531
-1.024	0.0881666
-1.026	0.0888047
-1.028	0.0894454
-1.03	0.0900885
-1.032	0.0907342
-1.034	0.0913823
-1.036	0.0920329
-1.038	0.092686
-1.04	0.0933416
-1.042	0.0939996
-1.044	0.09466
-1.046	0.0953229
-1.048	0.0959881
-1.05	0.0966558
-1.052	0.0973259
-1.054	0.0979983
-1.056	0.0986731
-1.058	0.0993503
-1.06	0.10003
-1.062	0.100712
-1.064	0.101396
-1.066	0.102082
-1.068	0.102771
-1.07	0.103462
-1.072	0.104155
-1.074	0.104851
-1.076	0.105549
-1.078	0.106249
-1.08	0.106951
-1.082	0.107655
-1.084	0.108362
-1.086	0.109071
-1.088	0.109781
-1.09	0.110494
-1.092	0.11121
-1.094	0.111927
-1.096	0.112646
-1.098	0.113367
-1.1	0.114091
-1.102	0.114816
-1.104	0.115544
-1.106	0.116273
-1.108	0.117005
-1.11	0.117738
-1.112	0.118473
-1.114	0.119211
-1.116	0.11995
-1.118	0.120691
-1.12	0.121434
-1.122	0.122179
-1.124	0.122926
-1.126	0.123674
-1.128	0.124424
-1.13	0.125176
-1.132	0.12593
-1.134	0.126686
-1.136	0.127443
-1.138	0.128202
-1.14	0.128963
-1.142	0.129725
-1.144	0.130489
-1.146	0.131255
-1.148	0.132022
-1.15	0.132791
-1.152	0.133562
-1.154	0.134333
-1.156	0.135107
-1.158	0.135882
-1.16	0.136658
-1.162	0.137436
-1.164	0.138215
-1.166	0.138996
-1.168	0.139778
-1.17	0.140562
-1.172	0.141347
-1.174	0.142133
-1.176	0.14292
-1.178	0.143709
-1.18	0.144499
-1.182	0.14529
-1.184	0.146082
-1.186	0.146876
-1.188	0.147671
-1.19	0.148467
-1.192	0.149264
-1.194	0.150062
-1.196	0.150861
-1.198	0.151661
-1.2	0.152462
-1.202	0.153264
-1.204	0.154068
-1.206	0.154872
-1.208	0.155677
-1.21	0.156483
-1.212	0.157289
-1.214	0.158097
-1.216	0.158905
-1.218	0.159715
-1.22	0.160525
-1.222	0.161335
-1.224	0.162147
-1.226	0.162959
-1.228	0.163771
-1.23	0.164585
-1.232	0.165399
-1.234	0.166213
-1.236	0.167029
-1.238	0.167844
-1.24	0.16866
-1.242	0.169477
-1.244	0.170294
-1.246	0.171112
-1.248	0.171929
-1.25	0.172748
-1.252	0.173566
-1.254	0.174385
-1.256	0.175204
-1.258	0.176024
-1.26	0.176843
-1.262	0.177663
-1.264	0.178483
-1.266	0.179303
-1.268	0.180124
-1.27	0.180944
-1.272	0.181765
-1.274	0.182585
-1.276	0.183406
-1.278	0.184226
-1.28	0.185046
-1.282	0.185867
-1.284	0.186687
-1.286	0.187507
-1.288	0.188327
-1.29	0.189147
-1.292	0.189966
-1.294	0.190786
-1.296	0.191605
-1.298	0.192423
-1.3	0.193242
-1.302	0.19406
-1.304	0.194877
-1.306	0.195694
-1.308	0.196511
-1.31	0.197327
-1.312	0.198143
-1.314	0.198958
-1.316	0.199773
-1.318	0.200587
-1.32	0.2014
-1.322	0.202213
-1.324	0.203025
-1.326	0.203837
-1.328	0.204647
-1.33	0.205457
-1.332	0.206266
-1.334	0.207074
-1.336	0.207882
-1.338	0.208688
-1.34	0.209494
-1.342	0.210299
-1.344	0.211102
-1.346	0.211905
-1.348	0.212707
-1.35	0.213507
-1.352	0.214307
-1.354	0.215105
-1.356	0.215903
-1.358	0.216699
-1.36	0.217494
-1.362	0.218287
-1.364	0.21908
-1.366	0.219871
-1.368	0.220661
-1.37	0.221449
-1.372	0.222237
-1.374	0.223022
-1.376	0.223807
-1.378	0.22459
-1.38	0.225371
-1.382	0.226151
-1.384	0.226929
-1.386	0.227706
-1.388	0.228481
-1.39	0.229255
-1.392	0.230027
-1.394	0.230797
-1.396	0.231566
-1.398	0.232332
-1.4	0.233097
-1.402	0.233861
-1.404	0.234622
-1.406	0.235382
-1.408	0.23614
-1.41	0.236896
-1.412	0.23765
-1.414	0.238402
-1.416	0.239152
-1.418	0.2399
-1.42	0.240646
-1.422	0.24139
-1.424	0.242132
-1.426	0.242871
-1.428	0.243609
-1.43	0.244345
-1.432	0.245078
-1.434	0.245809
-1.436	0.246538
-1.438	0.247265
-1.44	0.247989
-1.442	0.248711
-1.444	0.249431
-1.446	0.250148
-1.448	0.250863
-1.45	0.251576
-1.452	0.252286
-1.454	0.252994
-1.456	0.253699
-1.458	0.254402
-1.46	0.255102
-1.462	0.2558
-1.464	0.256495
-1.466	0.257187
-1.468	0.257877
-1.47	0.258564
-1.472	0.259249
-1.474	0.259931
-1.476	0.26061
-1.478	0.261286
-1.48	0.26196
-1.482	0.262631
-1.484	0.263299
-1.486	0.263964
-1.488	0.264627
-1.49	0.265286
-1.492	0.265943
-1.494	0.266597
-1.496	0.267247
-1.498	0.267895
-1.5	0.26854
-1.502	0.269182
-1.504	0.269821
-1.506	0.270457
-1.508	0.27109
-1.51	0.27172
-1.512	0.272346
-1.514	0.27297
-1.516	0.27359
-1.518	0.274208
-1.52	0.274822
-1.522	0.275433
-1.524	0.276041
-1.526	0.276645
-1.528	0.277247
-1.53	0.277845
-1.532	0.278439
-1.534	0.279031
-1.536	0.279619
-1.538	0.280204
-1.54	0.280786
-1.542	0.281364
-1.544	0.281939
-1.546	0.28251
-1.548	0.283078
-1.55	0.283643
-1.552	0.284204
-1.554	0.284762
-1.556	0.285316
-1.558	0.285867
-1.56	0.286414
-1.562	0.286958
-1.564	0.287498
-1.566	0.288035
-1.568	0.288568
-1.57	0.289098
-1.572	0.289624
-1.574	0.290146
-1.576	0.290665
-1.578	0.29118
-1.58	0.291692
-1.582	0.2922
-1.584	0.292704
-1.586	0.293205
-1.588	0.293702
-1.59	0.294196
-1.592	0.294685
-1.594	0.295171
-1.596	0.295653
-1.598	0.296132
-1.6	0.296607
-1.602	0.297078
-1.604	0.297545
-1.606	0.298008
-1.608	0.298468
-1.61	0.298924
-1.612	0.299376
-1.614	0.299825
-1.616	0.300269
-1.618	0.30071
-1.62	0.301147
-1.622	0.30158
-1.624	0.302009
-1.626	0.302435
-1.628	0.302856
-1.63	0.303274
-1.632	0.303688
-1.634	0.304098
-1.636	0.304504
-1.638	0.304906
-1.64	0.305304
-1.642	0.305699
-1.644	0.306089
-1.646	0.306476
-1.648	0.306859
-1.65	0.307237
-1.652	0.307612
-1.654	0.307983
-1.656	0.30835
-1.658	0.308714
-1.66	0.309073
-1.662	0.309428
-1.664	0.309779
-1.666	0.310127
-1.668	0.31047
-1.67	0.31081
-1.672	0.311145
-1.674	0.311477
-1.676	0.311805
-1.678	0.312128
-1.68	0.312448
-1.682	0.312764
-1.684	0.313076
-1.686	0.313384
-1.688	0.313688
-1.69	0.313988
-1.692	0.314284
-1.694	0.314576
-1.696	0.314864
-1.698	0.315149
-1.7	0.315429
-1.702	0.315705
-1.704	0.315978
-1.706	0.316246
-1.708	0.316511
-1.71	0.316771
-1.712	0.317028
-1.714	0.317281
-1.716	0.317529
-1.718	0.317774
-1.72	0.318015
-1.722	0.318252
-1.724	0.318485
-1.726	0.318715
-1.728	0.31894
-1.73	0.319161
-1.732	0.319379
-1.734	0.319592
-1.736	0.319802
-1.738	0.320008
-1.74	0.320209
-1.742	0.320407
-1.744	0.320602
-1.746	0.320792
-1.748	0.320978
-1.75	0.321161
-1.752	0.321339
-1.754	0.321514
-1.756	0.321685
-1.758	0.321853
-1.76	0.322016
-1.762	0.322175
-1.764	0.322331
-1.766	0.322483
-1.768	0.322631
-1.77	0.322775
-1.772	0.322916
-1.774	0.323053
-1.776	0.323186
-1.778	0.323315
-1.78	0.32344
-1.782	0.323562
-1.784	0.32368
-1.786	0.323794
-1.788	0.323905
-1.79	0.324012
-1.792	0.324115
-1.794	0.324214
-1.796	0.32431
-1.798	0.324402
-1.8	0.324491
-1.802	0.324576
-1.804	0.324657
-1.806	0.324734
-1.808	0.324808
-1.81	0.324878
-1.812	0.324945
-1.814	0.325008
-1.816	0.325068
-1.818	0.325123
-1.82	0.325176
-1.822	0.325225
-1.824	0.32527
-1.826	0.325312
-1.828	0.32535
-1.83	0.325384
-1.832	0.325416
-1.834	0.325443
-1.836	0.325468
-1.838	0.325488
-1.84	0.325506
-1.842	0.32552
-1.844	0.32553
-1.846	0.325537
-1.848	0.325541
-1.85	0.325541
-1.852	0.325538
-1.854	0.325531
-1.856	0.325522
-1.858	0.325508
-1.86	0.325492
-1.862	0.325472
-1.864	0.325449
-1.866	0.325423
-1.868	0.325393
-1.87	0.32536
-1.872	0.325324
-1.874	0.325284
-1.876	0.325241
-1.878	0.325196
-1.88	0.325146
-1.882	0.325094
-1.884	0.325039
-1.886	0.32498
-1.888	0.324918
-1.89	0.324853
-1.892	0.324785
-1.894	0.324714
-1.896	0.32464
-1.898	0.324562
-1.9	0.324482
-1.902	0.324399
-1.904	0.324312
-1.906	0.324222
-1.908	0.32413
-1.91	0.324034
-1.912	0.323936
-1.914	0.323834
-1.916	0.32373
-1.918	0.323622
-1.92	0.323512
-1.922	0.323399
-1.924	0.323282
-1.926	0.323163
-1.928	0.323041
-1.93	0.322917
-1.932	0.322789
-1.934	0.322658
-1.936	0.322525
-1.938	0.322389
-1.94	0.32225
-1.942	0.322108
-1.944	0.321964
-1.946	0.321816
-1.948	0.321666
-1.95	0.321514
-1.952	0.321358
-1.954	0.3212
-1.956	0.321039
-1.958	0.320876
-1.96	0.320709
-1.962	0.320541
-1.964	0.320369
-1.966	0.320195
-1.968	0.320018
-1.97	0.319839
-1.972	0.319657
-1.974	0.319473
-1.976	0.319286
-1.978	0.319097
-1.98	0.318905
-1.982	0.31871
-1.984	0.318513
-1.986	0.318314
-1.988	0.318112
-1.99	0.317907
-1.992	0.3177
-1.994	0.317491
-1.996	0.317279
-1.998	0.317065
-2	0.316849
-2.002	0.31663
-2.004	0.316409
-2.006	0.316185
-2.008	0.31596
-2.01	0.315731
-2.012	0.315501
-2.014	0.315268
-2.016	0.315033
-2.018	0.314796
-2.02	0.314556
-2.022	0.314314
-2.024	0.31407
-2.026	0.313824
-2.028	0.313575
-2.03	0.313325
-2.032	0.313072
-2.034	0.312817
-2.036	0.31256
-2.038	0.312301
-2.04	0.312039
-2.042	0.311776
-2.044	0.31151
-2.046	0.311242
-2.048	0.310973
-2.05	0.310701
-2.052	0.310427
-2.054	0.310151
-2.056	0.309873
-2.058	0.309593
-2.06	0.309311
-2.062	0.309027
-2.064	0.308741
-2.066	0.308453
-2.068	0.308164
-2.07	0.307872
-2.072	0.307578
-2.074	0.307283
-2.076	0.306985
-2.078	0.306686
-2.08	0.306384
-2.082	0.306081
-2.084	0.305776
-2.086	0.305469
-2.088	0.305161
-2.09	0.30485
-2.092	0.304538
-2.094	0.304224
-2.096	0.303908
-2.098	0.30359
-2.1	0.303271
-2.102	0.30295
-2.104	0.302627
-2.106	0.302302
-2.108	0.301976
-2.11	0.301648
-2.112	0.301318
-2.114	0.300987
-2.116	0.300654
-2.118	0.300319
-2.12	0.299983
-2.122	0.299644
-2.124	0.299305
-2.126	0.298963
-2.128	0.298621
-2.13	0.298276
-2.132	0.29793
-2.134	0.297582
-2.136	0.297233
-2.138	0.296882
-2.14	0.29653
-2.142	0.296176
-2.144	0.295821
-2.146	0.295464
-2.148	0.295105
-2.15	0.294745
-2.152	0.294384
-2.154	0.294021
-2.156	0.293657
-2.158	0.293291
-2.16	0.292924
-2.162	0.292555
-2.164	0.292185
-2.166	0.291814
-2.168	0.291441
-2.17	0.291066
-2.172	0.290691
-2.174	0.290314
-2.176	0.289935
-2.178	0.289556
-2.18	0.289174
-2.182	0.288792
-2.184	0.288408
-2.186	0.288023
-2.188	0.287637
-2.19	0.287249
-2.192	0.28686
-2.194	0.28647
-2.196	0.286078
-2.198	0.285685
-2.2	0.285291
-2.202	0.284896
-2.204	0.2845
-2.206	0.284102
-2.208	0.283703
-2.21	0.283303
-2.212	0.282901
-2.214	0.282499
-2.216	0.282095
-2.218	0.28169
-2.22	0.281284
-2.222	0.280877
-2.224	0.280468
-2.226	0.280059
-2.228	0.279648
-2.23	0.279236
-2.232	0.278823
-2.234	0.278409
-2.236	0.277994
-2.238	0.277578
-2.24	0.277161
-2.242	0.276742
-2.244	0.276323
-2.246	0.275902
-2.248	0.275481
-2.25	0.275058
-2.252	0.274635
-2.254	0.27421
-2.256	0.273785
-2.258	0.273358
-2.26	0.27293
-2.262	0.272502
-2.264	0.272072
-2.266	0.271641
-2.268	0.27121
-2.27	0.270777
-2.272	0.270344
-2.274	0.26991
-2.276	0.269474
-2.278	0.269038
-2.28	0.268601
-2.282	0.268163
-2.284	0.267724
-2.286	0.267284
-2.288	0.266843
-2.29	0.266401
-2.292	0.265959
-2.294	0.265515
-2.296	0.265071
-2.298	0.264626
-2.3	0.26418
-2.302	0.263733
-2.304	0.263285
-2.306	0.262837
-2.308	0.262388
-2.31	0.261937
-2.312	0.261487
-2.314	0.261035
-2.316	0.260582
-2.318	0.260129
-2.32	0.259675
-2.322	0.25922
-2.324	0.258765
-2.326	0.258308
-2.328	0.257851
-2.33	0.257393
-2.332	0.256935
-2.334	0.256475
-2.336	0.256015
-2.338	0.255555
-2.34	0.255093
-2.342	0.254631
-2.344	0.254168
-2.346	0.253705
-2.348	0.25324
-2.35	0.252776
-2.352	0.25231
-2.354	0.251844
-2.356	0.251377
-2.358	0.250909
-2.36	0.250441
-2.362	0.249972
-2.364	0.249503
-2.366	0.249033
-2.368	0.248562
-2.37	0.248091
-2.372	0.247619
-2.374	0.247147
-2.376	0.246674
-2.378	0.2462
-2.38	0.245726
-2.382	0.245251
-2.384	0.244776
-2.386	0.2443
-2.388	0.243823
-2.39	0.243346
-2.392	0.242868
-2.394	0.24239
-2.396	0.241912
-2.398	0.241433
-2.4	0.240953
-2.402	0.240473
-2.404	0.239992
-2.406	0.239511
-2.408	0.239029
-2.41	0.238547
-2.412	0.238064
-2.414	0.237581
-2.416	0.237097
-2.418	0.236613
-2.42	0.236128
-2.422	0.235643
-2.424	0.235158
-2.426	0.234672
-2.428	0.234186
-2.43	0.233699
-2.432	0.233212
-2.434	0.232724
-2.436	0.232236
-2.438	0.231747
-2.44	0.231258
-2.442	0.230769
-2.444	0.230279
-2.446	0.229789
-2.448	0.229299
-2.45	0.228808
-2.452	0.228317
-2.454	0.227825
-2.456	0.227333
-2.458	0.226841
-2.46	0.226348
-2.462	0.225855
-2.464	0.225362
-2.466	0.224868
-2.468	0.224374
-2.47	0.223879
-2.472	0.223385
-2.474	0.222889
-2.476	0.222394
-2.478	0.221898
-2.48	0.221402
-2.482	0.220906
-2.484	0.220409
-2.486	0.219913
-2.488	0.219415
-2.49	0.218918
-2.492	0.21842
-2.494	0.217922
-2.496	0.217424
-2.498	0.216925
-2.5	0.216427
-2.502	0.215928
-2.504	0.215428
-2.506	0.214929
-2.508	0.214429
-2.51	0.213929
-2.512	0.213429
-2.514	0.212928
-2.516	0.212427
-2.518	0.211926
-2.52	0.211425
-2.522	0.210924
-2.524	0.210422
-2.526	0.20992
-2.528	0.209418
-2.53	0.208916
-2.532	0.208414
-2.534	0.207911
-2.536	0.207409
-2.538	0.206906
-2.54	0.206403
-2.542	0.205899
-2.544	0.205396
-2.546	0.204892
-2.548	0.204389
-2.55	0.203885
-2.552	0.203381
-2.554	0.202877
-2.556	0.202372
-2.558	0.201868
-2.56	0.201363
-2.562	0.200859
-2.564	0.200354
-2.566	0.199849
-2.568	0.199344
-2.57	0.198838
-2.572	0.198333
-2.574	0.197828
-2.576	0.197322
-2.578	0.196817
-2.58	0.196311
-2.582	0.195805
-2.584	0.195299
-2.586	0.194793
-2.588	0.194287
-2.59	0.193781
-2.592	0.193275
-2.594	0.192769
-2.596	0.192263
-2.598	0.191756
-2.6	0.19125
-2.602	0.190743
-2.604	0.190237
-2.606	0.18973
-2.608	0.189224
-2.61	0.188717
-2.612	0.18821
-2.614	0.187704
-2.616	0.187197
-2.618	0.18669
-2.62	0.186183
-2.622	0.185677
-2.624	0.18517
-2.626	0.184663
-2.628	0.184156
-2.63	0.183649
-2.632	0.183143
-2.634	0.182636
-2.636	0.182129
-2.638	0.181622
-2.64	0.181115
-2.642	0.180609
-2.644	0.180102
-2.646	0.179595
-2.648	0.179088
-2.65	0.178582
-2.652	0.178075
-2.654	0.177569
-2.656	0.177062
-2.658	0.176556
-2.66	0.176049
-2.662	0.175543
-2.664	0.175037
-2.666	0.17453
-2.668	0.174024
-2.67	0.173518
-2.672	0.173012
-2.674	0.172506
-2.676	0.172
-2.678	0.171494
-2.68	0.170989
-2.682	0.170483
-2.684	0.169977
-2.686	0.169472
-2.688	0.168967
-2.69	0.168461
-2.692	0.167956
-2.694	0.167451
-2.696	0.166946
-2.698	0.166441
-2.7	0.165937
-2.702	0.165432
-2.704	0.164928
-2.706	0.164424
-2.708	0.163919
-2.71	0.163415
-2.712	0.162911
-2.714	0.162408
-2.716	0.161904
-2.718	0.161401
-2.72	0.160897
-2.722	0.160394
-2.724	0.159891
-2.726	0.159389
-2.728	0.158886
-2.73	0.158383
-2.732	0.157881
-2.734	0.157379
-2.736	0.156877
-2.738	0.156375
-2.74	0.155874
-2.742	0.155373
-2.744	0.154871
-2.746	0.154371
-2.748	0.15387
-2.75	0.153369
-2.752	0.152869
-2.754	0.152369
-2.756	0.151869
-2.758	0.151369
-2.76	0.15087
-2.762	0.150371
-2.764	0.149872
-2.766	0.149373
-2.768	0.148875
-2.77	0.148376
-2.772	0.147878
-2.774	0.147381
-2.776	0.146883
-2.778	0.146386
-2.78	0.145889
-2.782	0.145393
-2.784	0.144896
-2.786	0.1444
-2.788	0.143904
-2.79	0.143409
-2.792	0.142913
-2.794	0.142419
-2.796	0.141924
-2.798	0.141429
-2.8	0.140935
-2.802	0.140442
-2.804	0.139948
-2.806	0.139455
-2.808	0.138962
-2.81	0.13847
-2.812	0.137978
-2.814	0.137486
-2.816	0.136995
-2.818	0.136503
-2.82	0.136013
-2.822	0.135522
-2.824	0.135032
-2.826	0.134543
-2.828	0.134053
-2.83	0.133564
-2.832	0.133076
-2.834	0.132587
-2.836	0.1321
-2.838	0.131612
-2.84	0.131125
-2.842	0.130638
-2.844	0.130152
-2.846	0.129666
-2.848	0.129181
-2.85	0.128696
-2.852	0.128211
-2.854	0.127727
-2.856	0.127243
-2.858	0.12676
-2.86	0.126277
-2.862	0.125794
-2.864	0.125312
-2.866	0.12483
-2.868	0.124349
-2.87	0.123869
-2.872	0.123388
-2.874	0.122908
-2.876	0.122429
-2.878	0.12195
-2.88	0.121472
-2.882	0.120994
-2.884	0.120517
-2.886	0.12004
-2.888	0.119563
-2.89	0.119087
-2.892	0.118612
-2.894	0.118137
-2.896	0.117663
-2.898	0.117189
-2.9	0.116716
-2.902	0.116243
-2.904	0.11577
-2.906	0.115299
-2.908	0.114828
-2.91	0.114357
-2.912	0.113887
-2.914	0.113417
-2.916	0.112948
-2.918	0.11248
-2.92	0.112012
-2.922	0.111545
-2.924	0.111078
-2.926	0.110612
-2.928	0.110147
-2.93	0.109682
-2.932	0.109217
-2.934	0.108754
-2.936	0.108291
-2.938	0.107828
-2.94	0.107366
-2.942	0.106905
-2.944	0.106445
-2.946	0.105985
-2.948	0.105525
-2.95	0.105067
-2.952	0.104609
-2.954	0.104151
-2.956	0.103695
-2.958	0.103239
-2.96	0.102783
-2.962	0.102328
-2.964	0.101874
-2.966	0.101421
-2.968	0.100969
-2.97	0.100517
-2.972	0.100065
-2.974	0.0996148
-2.976	0.099165
-2.978	0.0987159
-2.98	0.0982675
-2.982	0.0978199
-2.984	0.097373
-2.986	0.0969268
-2.988	0.0964813
-2.99	0.0960366
-2.992	0.0955927
-2.994	0.0951495
-2.996	0.094707
-2.998	0.0942653
-3	0.0938244
-3.002	0.0933843
-3.004	0.092945
-3.006	0.0925064
-3.008	0.0920686
-3.01	0.0916317
-3.012	0.0911955
-3.014	0.0907601
-3.016	0.0903255
-3.018	0.0898918
-3.02	0.0894589
-3.022	0.0890267
-3.024	0.0885955
-3.026	0.088165
-3.028	0.0877354
-3.03	0.0873067
-3.032	0.0868788
-3.034	0.0864517
-3.036	0.0860255
-3.038	0.0856002
-3.04	0.0851757
-3.042	0.0847521
-3.044	0.0843294
-3.046	0.0839076
-3.048	0.0834866
-3.05	0.0830666
-3.052	0.0826474
-3.054	0.0822291
-3.056	0.0818118
-3.058	0.0813953
-3.06	0.0809798
-3.062	0.0805652
-3.064	0.0801515
-3.066	0.0797388
-3.068	0.079327
-3.07	0.0789161
-3.072	0.0785062
-3.074	0.0780972
-3.076	0.0776892
-3.078	0.0772821
-3.08	0.076876
-3.082	0.0764708
-3.084	0.0760666
-3.086	0.0756634
-3.088	0.0752612
-3.09	0.07486
-3.092	0.0744597
-3.094	0.0740605
-3.096	0.0736622
-3.098	0.0732649
-3.1	0.0728687
-3.102	0.0724734
-3.104	0.0720792
-3.106	0.071686
-3.108	0.0712938
-3.11	0.0709026
-3.112	0.0705125
-3.114	0.0701234
-3.116	0.0697353
-3.118	0.0693483
-3.12	0.0689624
-3.122	0.0685774
-3.124	0.0681936
-3.126	0.0678108
-3.128	0.067429
-3.13	0.0670484
-3.132	0.0666687
-3.134	0.0662902
-3.136	0.0659128
-3.138	0.0655364
-3.14	0.0651611
-3.142	0.0647869
-3.144	0.0644138
-3.146	0.0640418
-3.148	0.0636709
-3.15	0.0633011
-3.152	0.0629324
-3.154	0.0625648
-3.156	0.0621983
-3.158	0.061833
-3.16	0.0614688
-3.162	0.0611056
-3.164	0.0607437
-3.166	0.0603828
-3.168	0.0600231
-3.17	0.0596645
-3.172	0.0593071
-3.174	0.0589508
-3.176	0.0585957
-3.178	0.0582417
-3.18	0.0578888
-3.182	0.0575371
-3.184	0.0571866
-3.186	0.0568373
-3.188	0.0564891
-3.19	0.056142
-3.192	0.0557962
-3.194	0.0554515
-3.196	0.055108
-3.198	0.0547657
-3.2	0.0544245
-3.202	0.0540845
-3.204	0.0537458
-3.206	0.0534082
-3.208	0.0530718
-3.21	0.0527366
-3.212	0.0524026
-3.214	0.0520698
-3.216	0.0517382
-3.218	0.0514078
-3.22	0.0510786
-3.222	0.0507506
-3.224	0.0504238
-3.226	0.0500983
-3.228	0.0497739
-3.23	0.0494508
-3.232	0.0491289
-3.234	0.0488082
-3.236	0.0484887
-3.238	0.0481705
-3.24	0.0478534
-3.242	0.0475376
-3.244	0.0472231
-3.246	0.0469097
-3.248	0.0465976
-3.25	0.0462868
-3.252	0.0459771
-3.254	0.0456688
-3.256	0.0453616
-3.258	0.0450557
-3.26	0.044751
-3.262	0.0444476
-3.264	0.0441454
-3.266	0.0438445
-3.268	0.0435448
-3.27	0.0432463
-3.272	0.0429491
-3.274	0.0426532
-3.276	0.0423585
-3.278	0.0420651
-3.28	0.0417729
-3.282	0.0414819
-3.284	0.0411922
-3.286	0.0409038
-3.288	0.0406166
-3.29	0.0403307
-3.292	0.0400461
-3.294	0.0397627
-3.296	0.0394805
-3.298	0.0391997
-3.3	0.03892
-3.302	0.0386417
-3.304	0.0383646
-3.306	0.0380887
-3.308	0.0378141
-3.31	0.0375408
-3.312	0.0372688
-3.314	0.036998
-3.316	0.0367284
-3.318	0.0364602
-3.32	0.0361931
-3.322	0.0359274
-3.324	0.0356629
-3.326	0.0353997
-3.328	0.0351377
-3.33	0.034877
-3.332	0.0346175
-3.334	0.0343593
-3.336	0.0341024
-3.338	0.0338467
-3.34	0.0335923
-3.342	0.0333392
-3.344	0.0330873
-3.346	0.0328366
-3.348	0.0325872
-3.35	0.0323391
-3.352	0.0320922
-3.354	0.0318466
-3.356	0.0316022
-3.358	0.0313591
-3.36	0.0311173
-3.362	0.0308767
-3.364	0.0306373
-3.366	0.0303992
-3.368	0.0301623
-3.37	0.0299267
-3.372	0.0296923
-3.374	0.0294592
-3.376	0.0292273
-3.378	0.0289966
-3.38	0.0287672
-3.382	0.028539
-3.384	0.0283121
-3.386	0.0280864
-3.388	0.0278619
-3.39	0.0276387
-3.392	0.0274167
-3.394	0.0271959
-3.396	0.0269764
-3.398	0.026758
-3.4	0.0265409
-3.402	0.0263251
-3.404	0.0261104
-3.406	0.025897
-3.408	0.0256848
-3.41	0.0254737
-3.412	0.0252639
-3.414	0.0250554
-3.416	0.024848
-3.418	0.0246418
-3.42	0.0244368
-3.422	0.0242331
-3.424	0.0240305
-3.426	0.0238291
-3.428	0.023629
-3.43	0.02343
-3.432	0.0232322
-3.434	0.0230356
-3.436	0.0228402
-3.438	0.0226459
-3.44	0.0224529
-3.442	0.022261
-3.444	0.0220703
-3.446	0.0218808
-3.448	0.0216924
-3.45	0.0215052
-3.452	0.0213192
-3.454	0.0211343
-3.456	0.0209506
-3.458	0.0207681
-3.46	0.0205866
-3.462	0.0204064
-3.464	0.0202273
-3.466	0.0200493
-3.468	0.0198725
-3.47	0.0196968
-3.472	0.0195223
-3.474	0.0193489
-3.476	0.0191766
-3.478	0.0190054
-3.48	0.0188354
-3.482	0.0186665
-3.484	0.0184987
-3.486	0.018332
-3.488	0.0181664
-3.49	0.0180019
-3.492	0.0178385
-3.494	0.0176763
-3.496	0.0175151
-3.498	0.017355
-3.5	0.017196
-3.502	0.0170381
-3.504	0.0168812
-3.506	0.0167255
-3.508	0.0165708
-3.51	0.0164172
-3.512	0.0162647
-3.514	0.0161132
-3.516	0.0159628
-3.518	0.0158134
-3.52	0.0156651
-3.522	0.0155178
-3.524	0.0153716
-3.526	0.0152265
-3.528	0.0150823
-3.53	0.0149392
-3.532	0.0147972
-3.534	0.0146561
-3.536	0.0145161
-3.538	0.0143771
-3.54	0.0142391
-3.542	0.0141021
-3.544	0.0139661
-3.546	0.0138312
-3.548	0.0136972
-3.55	0.0135642
-3.552	0.0134322
-3.554	0.0133012
-3.556	0.0131712
-3.558	0.0130422
-3.56	0.0129141
-3.562	0.012787
-3.564	0.0126609
-3.566	0.0125357
-3.568	0.0124115
-3.57	0.0122882
-3.572	0.0121659
-3.574	0.0120445
-3.576	0.0119241
-3.578	0.0118046
-3.58	0.0116861
-3.582	0.0115684
-3.584	0.0114517
-3.586	0.011336
-3.588	0.0112211
-3.59	0.0111071
-3.592	0.0109941
-3.594	0.0108819
-3.596	0.0107707
-3.598	0.0106603
-3.6	0.0105508
-3.602	0.0104422
-3.604	0.0103345
-3.606	0.0102277
-3.608	0.0101217
-3.61	0.0100166
-3.612	0.00991242
-3.614	0.00980905
-3.616	0.00970653
-3.618	0.00960486
-3.62	0.00950404
-3.622	0.00940406
-3.624	0.00930491
-3.626	0.0092066
-3.628	0.00910911
-3.63	0.00901245
-3.632	0.00891661
-3.634	0.00882158
-3.636	0.00872736
-3.638	0.00863394
-3.64	0.00854133
-3.642	0.00844951
-3.644	0.00835848
-3.646	0.00826824
-3.648	0.00817878
-3.65	0.00809011
-3.652	0.0080022
-3.654	0.00791507
-3.656	0.0078287
-3.658	0.00774309
-3.66	0.00765824
-3.662	0.00757413
-3.664	0.00749078
-3.666	0.00740817
-3.668	0.0073263
-3.67	0.00724516
-3.672	0.00716475
-3.674	0.00708506
-3.676	0.0070061
-3.678	0.00692785
-3.68	0.00685031
-3.682	0.00677348
-3.684	0.00669735
-3.686	0.00662193
-3.688	0.00654719
-3.69	0.00647314
-3.692	0.00639978
-3.694	0.0063271
-3.696	0.0062551
-3.698	0.00618377
-3.7	0.00611311
-3.702	0.0060431
-3.704	0.00597376
-3.706	0.00590507
-3.708	0.00583704
-3.71	0.00576964
-3.712	0.00570289
-3.714	0.00563678
-3.716	0.0055713
-3.718	0.00550644
-3.72	0.00544222
-3.722	0.00537861
-3.724	0.00531561
-3.726	0.00525323
-3.728	0.00519146
-3.73	0.00513028
-3.732	0.00506971
-3.734	0.00500973
-3.736	0.00495034
-3.738	0.00489153
-3.74	0.00483331
-3.742	0.00477566
-3.744	0.00471859
-3.746	0.00466209
-3.748	0.00460615
-3.75	0.00455077
-3.752	0.00449595
-3.754	0.00444168
-3.756	0.00438796
-3.758	0.00433478
-3.76	0.00428214
-3.762	0.00423004
-3.764	0.00417847
-3.766	0.00412743
-3.768	0.00407691
-3.77	0.00402691
-3.772	0.00397743
-3.774	0.00392846
-3.776	0.00388
-3.778	0.00383204
-3.78	0.00378458
-3.782	0.00373762
-3.784	0.00369115
-3.786	0.00364517
-3.788	0.00359967
-3.79	0.00355465
-3.792	0.00351011
-3.794	0.00346605
-3.796	0.00342245
-3.798	0.00337931
-3.8	0.00333664
-3.802	0.00329443
-3.804	0.00325266
-3.806	0.00321135
-3.808	0.00317049
-3.81	0.00313007
-3.812	0.00309008
-3.814	0.00305053
-3.816	0.00301142
-3.818	0.00297273
-3.82	0.00293446
-3.822	0.00289662
-3.824	0.00285919
-3.826	0.00282218
-3.828	0.00278557
-3.83	0.00274938
-3.832	0.00271358
-3.834	0.00267819
-3.836	0.00264319
-3.838	0.00260858
-3.84	0.00257436
-3.842	0.00254053
-3.844	0.00250708
-3.846	0.00247401
-3.848	0.00244131
-3.85	0.00240898
-3.852	0.00237703
-3.854	0.00234544
-3.856	0.00231421
-3.858	0.00228334
-3.86	0.00225282
-3.862	0.00222266
-3.864	0.00219284
-3.866	0.00216337
-3.868	0.00213425
-3.87	0.00210546
-3.872	0.00207701
-3.874	0.00204889
-3.876	0.0020211
-3.878	0.00199364
-3.88	0.0019665
-3.882	0.00193968
-3.884	0.00191318
-3.886	0.001887
-3.888	0.00186112
-3.89	0.00183555
-3.892	0.00181029
-3.894	0.00178534
-3.896	0.00176068
-3.898	0.00173632
-3.9	0.00171225
-3.902	0.00168847
-3.904	0.00166498
-3.906	0.00164178
-3.908	0.00161885
-3.91	0.00159621
-3.912	0.00157385
-3.914	0.00155175
-3.916	0.00152993
-3.918	0.00150838
-3.92	0.0014871
-3.922	0.00146607
-3.924	0.00144531
-3.926	0.00142481
-3.928	0.00140456
-3.93	0.00138456
-3.932	0.00136481
-3.934	0.00134531
-3.936	0.00132606
-3.938	0.00130704
-3.94	0.00128827
-3.942	0.00126973
-3.944	0.00125143
-3.946	0.00123336
-3.948	0.00121552
-3.95	0.00119791
-3.952	0.00118052
-3.954	0.00116336
-3.956	0.00114642
-3.958	0.00112969
-3.96	0.00111318
-3.962	0.00109688
-3.964	0.00108079
-3.966	0.00106492
-3.968	0.00104924
-3.97	0.00103378
-3.972	0.00101851
-3.974	0.00100344
-3.976	0.000988576
-3.978	0.000973902
-3.98	0.000959422
-3.982	0.000945132
-3.984	0.000931032
-3.986	0.000917118
-3.988	0.000903388
-3.99	0.000889842
-3.992	0.000876476
-3.994	0.000863288
-3.996	0.000850277
-3.998	0.00083744
-4	0.000824776
-4.002	0.000812283
-4.004	0.000799958
-4.006	0.000787799
-4.008	0.000775806
-4.01	0.000763975
-4.012	0.000752305
-4.014	0.000740794
-4.016	0.00072944
-4.018	0.000718242
-4.02	0.000707198
-4.022	0.000696305
-4.024	0.000685562
-4.026	0.000674968
-4.028	0.00066452
-4.03	0.000654216
-4.032	0.000644056
-4.034	0.000634037
-4.036	0.000624158
-4.038	0.000614416
-4.04	0.000604811
-4.042	0.000595341
-4.044	0.000586004
-4.046	0.000576798
-4.048	0.000567722
-4.05	0.000558774
-4.052	0.000549953
-4.054	0.000541257
-4.056	0.000532685
-4.058	0.000524235
-4.06	0.000515905
-4.062	0.000507695
-4.064	0.000499602
-4.066	0.000491625
-4.068	0.000483763
-4.07	0.000476014
-4.072	0.000468378
-4.074	0.000460851
-4.076	0.000453434
-4.078	0.000446125
-4.08	0.000438922
-4.082	0.000431824
-4.084	0.000424829
-4.086	0.000417937
-4.088	0.000411146
-4.09	0.000404455
-4.092	0.000397862
-4.094	0.000391366
-4.096	0.000384967
-4.098	0.000378662
-4.1	0.00037245
-4.102	0.000366331
-4.104	0.000360303
-4.106	0.000354365
-4.108	0.000348516
-4.11	0.000342754
-4.112	0.000337078
-4.114	0.000331488
-4.116	0.000325982
-4.118	0.000320559
-4.12	0.000315218
-4.122	0.000309958
-4.124	0.000304777
-4.126	0.000299675
-4.128	0.000294651
-4.13	0.000289704
-4.132	0.000284832
-4.134	0.000280034
-4.136	0.000275311
-4.138	0.000270659
-4.14	0.00026608
-4.142	0.000261571
-4.144	0.000257131
-4.146	0.00025276
-4.148	0.000248457
-4.15	0.000244221
-4.152	0.000240051
-4.154	0.000235945
-4.156	0.000231904
-4.158	0.000227926
-4.16	0.00022401
-4.162	0.000220156
-4.164	0.000216362
-4.166	0.000212628
-4.168	0.000208953
-4.17	0.000205336
-4.172	0.000201777
-4.174	0.000198274
-4.176	0.000194826
-4.178	0.000191433
-4.18	0.000188095
-4.182	0.00018481
-4.184	0.000181577
-4.186	0.000178396
-4.188	0.000175267
-4.19	0.000172187
-4.192	0.000169157
-4.194	0.000166177
-4.196	0.000163244
-4.198	0.000160359
-4.2	0.00015752
-4.202	0.000154728
-4.204	0.000151981
-4.206	0.00014928
-4.208	0.000146622
-4.21	0.000144007
-4.212	0.000141436
-4.214	0.000138907
-4.216	0.000136419
-4.218	0.000133973
-4.22	0.000131566
-4.222	0.0001292
-4.224	0.000126873
-4.226	0.000124584
-4.228	0.000122333
-4.23	0.00012012
-4.232	0.000117944
-4.234	0.000115804
-4.236	0.0001137
-4.238	0.000111631
-4.24	0.000109597
-4.242	0.000107597
-4.244	0.000105631
-4.246	0.000103698
-4.248	0.000101797
-4.25	9.99292e-05
-4.252	9.80926e-05
-4.254	9.62873e-05
-4.256	9.45126e-05
-4.258	9.27682e-05
-4.26	9.10535e-05
-4.262	8.93682e-05
-4.264	8.77117e-05
-4.266	8.60836e-05
-4.268	8.44835e-05
-4.27	8.29109e-05
-4.272	8.13654e-05
-4.274	7.98466e-05
-4.276	7.83541e-05
-4.278	7.68874e-05
-4.28	7.54461e-05
-4.282	7.40299e-05
-4.284	7.26383e-05
-4.286	7.1271e-05
-4.288	6.99275e-05
-4.29	6.86076e-05
-4.292	6.73107e-05
-4.294	6.60366e-05
-4.296	6.47849e-05
-4.298	6.35552e-05
-4.3	6.23472e-05
-4.302	6.11605e-05
-4.304	5.99948e-05
-4.306	5.88498e-05
-4.308	5.7725e-05
-4.31	5.66203e-05
-4.312	5.55351e-05
-4.314	5.44694e-05
-4.316	5.34226e-05
-4.318	5.23946e-05
-4.32	5.1385e-05
-4.322	5.03934e-05
-4.324	4.94197e-05
-4.326	4.84635e-05
-4.328	4.75245e-05
-4.33	4.66025e-05
-4.332	4.56972e-05
-4.334	4.48082e-05
-4.336	4.39353e-05
-4.338	4.30783e-05
-4.34	4.22369e-05
-4.342	4.14108e-05
-4.344	4.05997e-05
-4.346	3.98035e-05
-4.348	3.90219e-05
-4.35	3.82545e-05
-4.352	3.75013e-05
-4.354	3.67619e-05
-4.356	3.60361e-05
-4.358	3.53237e-05
-4.36	3.46245e-05
-4.362	3.39381e-05
-4.364	3.32645e-05
-4.366	3.26034e-05
-4.368	3.19546e-05
-4.37	3.13178e-05
-4.372	3.06929e-05
-4.374	3.00797e-05
-4.376	2.94779e-05
-4.378	2.88874e-05
-4.38	2.83079e-05
-4.382	2.77394e-05
-4.384	2.71815e-05
-4.386	2.66341e-05
-4.388	2.60971e-05
-4.39	2.55701e-05
-4.392	2.50532e-05
-4.394	2.4546e-05
-4.396	2.40485e-05
-4.398	2.35604e-05
-4.4	2.30816e-05
-4.402	2.26119e-05
-4.404	2.21512e-05
-4.406	2.16993e-05
-4.408	2.1256e-05
-4.41	2.08213e-05
-4.412	2.03948e-05
-4.414	1.99766e-05
-4.416	1.95664e-05
-4.418	1.91641e-05
-4.42	1.87696e-05
-4.422	1.83827e-05
-4.424	1.80033e-05
-4.426	1.76313e-05
-4.428	1.72665e-05
-4.43	1.69088e-05
-4.432	1.6558e-05
-4.434	1.62141e-05
-4.436	1.58769e-05
-4.438	1.55463e-05
-4.44	1.52221e-05
-4.442	1.49043e-05
-4.444	1.45928e-05
-4.446	1.42874e-05
-4.448	1.3988e-05
-4.45	1.36945e-05
-4.452	1.34068e-05
-4.454	1.31248e-05
-4.456	1.28484e-05
-4.458	1.25774e-05
-4.46	1.23119e-05
-4.462	1.20516e-05
-4.464	1.17965e-05
-4.466	1.15465e-05
-4.468	1.13015e-05
-4.47	1.10614e-05
-4.472	1.08261e-05
-4.474	1.05955e-05
-4.476	1.03695e-05
-4.478	1.01481e-05
-4.48	9.93119e-06
-4.482	9.71862e-06
-4.484	9.51034e-06
-4.486	9.30628e-06
-4.488	9.10635e-06
-4.49	8.91047e-06
-4.492	8.71857e-06
-4.494	8.53057e-06
-4.496	8.3464e-06
-4.498	8.16598e-06
-4.5	7.98925e-06
-4.502	7.81613e-06
-4.504	7.64656e-06
-4.506	7.48047e-06
-4.508	7.31778e-06
-4.51	7.15844e-06
-4.512	7.00238e-06
-4.514	6.84954e-06
-4.516	6.69985e-06
-4.518	6.55325e-06
-4.52	6.40969e-06
-4.522	6.26911e-06
-4.524	6.13144e-06
-4.526	5.99664e-06
-4.528	5.86463e-06
-4.53	5.73538e-06
-4.532	5.60883e-06
-4.534	5.48492e-06
-4.536	5.36361e-06
-4.538	5.24483e-06
-4.54	5.12855e-06
-4.542	5.0147e-06
-4.544	4.90326e-06
-4.546	4.79416e-06
-4.548	4.68736e-06
-4.55	4.58281e-06
-4.552	4.48048e-06
-4.554	4.38031e-06
-4.556	4.28227e-06
-4.558	4.18631e-06
-4.56	4.09239e-06
-4.562	4.00046e-06
-4.564	3.9105e-06
-4.566	3.82245e-06
-4.568	3.73629e-06
-4.57	3.65197e-06
-4.572	3.56945e-06
-4.574	3.48871e-06
-4.576	3.4097e-06
-4.578	3.33239e-06
-4.58	3.25674e-06
-4.582	3.18273e-06
-4.584	3.11031e-06
-4.586	3.03946e-06
-4.588	2.97014e-06
-4.59	2.90233e-06
-4.592	2.83598e-06
-4.594	2.77108e-06
-4.596	2.70759e-06
-4.598	2.64548e-06
-4.6	2.58473e-06
-4.602	2.52531e-06
-4.604	2.46718e-06
-4.606	2.41033e-06
-4.608	2.35472e-06
-4.61	2.30033e-06
-4.612	2.24714e-06
-4.614	2.19512e-06
-4.616	2.14425e-06
-4.618	2.09449e-06
-4.62	2.04584e-06
-4.622	1.99826e-06
-4.624	1.95174e-06
-4.626	1.90625e-06
-4.628	1.86177e-06
-4.63	1.81827e-06
-4.632	1.77575e-06
-4.634	1.73417e-06
-4.636	1.69352e-06
-4.638	1.65378e-06
-4.64	1.61493e-06
-4.642	1.57695e-06
-4.644	1.53982e-06
-4.646	1.50352e-06
-4.648	1.46804e-06
-4.65	1.43335e-06
-4.652	1.39945e-06
-4.654	1.36632e-06
-4.656	1.33393e-06
-4.658	1.30227e-06
-4.66	1.27134e-06
-4.662	1.2411e-06
-4.664	1.21155e-06
-4.666	1.18267e-06
-4.668	1.15445e-06
-4.67	1.12687e-06
-4.672	1.09992e-06
-4.674	1.07359e-06
-4.676	1.04785e-06
-4.678	1.02271e-06
-4.68	9.98146e-07
-4.682	9.74144e-07
-4.684	9.50693e-07
-4.686	9.27782e-07
-4.688	9.05398e-07
-4.69	8.83531e-07
-4.692	8.62169e-07
-4.694	8.413e-07
-4.696	8.20915e-07
-4.698	8.01001e-07
-4.7	7.8155e-07
-4.702	7.62551e-07
-4.704	7.43994e-07
-4.706	7.25868e-07
-4.708	7.08166e-07
-4.71	6.90876e-07
-4.712	6.73991e-07
-4.714	6.575e-07
-4.716	6.41396e-07
-4.718	6.25669e-07
-4.72	6.10312e-07
-4.722	5.95316e-07
-4.724	5.80672e-07
-4.726	5.66374e-07
-4.728	5.52413e-07
-4.73	5.38782e-07
-4.732	5.25473e-07
-4.734	5.12479e-07
-4.736	4.99793e-07
-4.738	4.87408e-07
-4.74	4.75317e-07
-4.742	4.63514e-07
-4.744	4.51992e-07
-4.746	4.40745e-07
-4.748	4.29766e-07
-4.75	4.19049e-07
-4.752	4.08589e-07
-4.754	3.9838e-07
-4.756	3.88415e-07
-4.758	3.78689e-07
-4.76	3.69197e-07
-4.762	3.59934e-07
-4.764	3.50894e-07
-4.766	3.42072e-07
-4.768	3.33462e-07
-4.77	3.25061e-07
-4.772	3.16864e-07
-4.774	3.08865e-07
-4.776	3.0106e-07
-4.778	2.93444e-07
-4.78	2.86014e-07
-4.782	2.78764e-07
-4.784	2.71691e-07
-4.786	2.64791e-07
-4.788	2.5806e-07
-4.79	2.51492e-07
-4.792	2.45086e-07
-4.794	2.38837e-07
-4.796	2.32741e-07
-4.798	2.26795e-07
-4.8	2.20995e-07
-4.802	2.15338e-07
-4.804	2.0982e-07
-4.806	2.04438e-07
-4.808	1.9919e-07
-4.81	1.94071e-07
-4.812	1.89079e-07
-4.814	1.84211e-07
-4.816	1.79463e-07
-4.818	1.74833e-07
-4.82	1.70319e-07
-4.822	1.65917e-07
-4.824	1.61625e-07
-4.826	1.5744e-07
-4.828	1.53359e-07
-4.83	1.49381e-07
-4.832	1.45502e-07
-4.834	1.4172e-07
-4.836	1.38034e-07
-4.838	1.3444e-07
-4.84	1.30936e-07
-4.842	1.27521e-07
-4.844	1.24191e-07
-4.846	1.20946e-07
-4.848	1.17783e-07
-4.85	1.14699e-07
-4.852	1.11694e-07
-4.854	1.08765e-07
-4.856	1.05911e-07
-4.858	1.03128e-07
-4.86	1.00417e-07
-4.862	9.77748e-08
-4.864	9.51999e-08
-4.866	9.26907e-08
-4.868	9.02456e-08
-4.87	8.7863e-08
-4.872	8.55415e-08
-4.874	8.32795e-08
-4.876	8.10755e-08
-4.878	7.89282e-08
-4.88	7.68361e-08
-4.882	7.47979e-08
-4.884	7.28122e-08
-4.886	7.08778e-08
-4.888	6.89933e-08
-4.89	6.71576e-08
-4.892	6.53695e-08
-4.894	6.36277e-08
-4.896	6.19311e-08
-4.898	6.02786e-08
-4.9	5.86691e-08
-4.902	5.71015e-08
-4.904	5.55747e-08
-4.906	5.40878e-08
-4.908	5.26398e-08
-4.91	5.12297e-08
-4.912	4.98564e-08
-4.914	4.85192e-08
-4.916	4.72171e-08
-4.918	4.59492e-08
-4.92	4.47146e-08
-4.922	4.35126e-08
-4.924	4.23422e-08
-4.926	4.12028e-08
-4.928	4.00935e-08
-4.93	3.90135e-08
-4.932	3.79621e-08
-4.934	3.69386e-08
-4.936	3.59422e-08
-4.938	3.49724e-08
-4.94	3.40283e-08
-4.942	3.31094e-08
-4.944	3.2215e-08
-4.946	3.13445e-08
-4.948	3.04973e-08
-4.95	2.96727e-08
-4.952	2.88702e-08
-4.954	2.80893e-08
-4.956	2.73293e-08
-4.958	2.65898e-08
-4.96	2.58701e-08
-4.962	2.51699e-08
-4.964	2.44885e-08
-4.966	2.38256e-08
-4.968	2.31806e-08
-4.97	2.2553e-08
-4.972	2.19425e-08
-4.974	2.13485e-08
-4.976	2.07707e-08
-4.978	2.02086e-08
-4.98	1.96618e-08
-4.982	1.913e-08
-4.984	1.86126e-08
-4.986	1.81094e-08
-4.988	1.762e-08
-4.99	1.7144e-08
-4.992	1.66811e-08
-4.994	1.62308e-08
-4.996	1.5793e-08
-4.998	1.53672e-08
