5	1.71963e-11
4.998	1.75517e-11
4.996	1.79144e-11
4.994	1.82843e-11
4.992	1.86617e-11
4.99	1.90468e-11
4.988	1.94396e-11
4.986	1.98404e-11
4.984	2.02493e-11
4.982	2.06664e-11
4.98	2.10919e-11
4.978	2.1526e-11
4.976	2.19689e-11
4.974	2.24207e-11
4.972	2.28816e-11
4.97	2.33518e-11
4.968	2.38314e-11
4.966	2.43207e-11
4.964	2.48198e-11
4.962	2.5329e-11
4.96	2.58484e-11
4.958	2.63782e-11
4.956	2.69187e-11
4.954	2.747e-11
4.952	2.80324e-11
4.95	2.86061e-11
4.948	2.91913e-11
4.946	2.97882e-11
4.944	3.03971e-11
4.942	3.10181e-11
4.94	3.16517e-11
4.938	3.22979e-11
4.936	3.2957e-11
4.934	3.36293e-11
4.932	3.43151e-11
4.93	3.50146e-11
4.928	3.57281e-11
4.926	3.64558e-11
4.924	3.71981e-11
4.922	3.79551e-11
4.92	3.87273e-11
4.918	3.95149e-11
4.916	4.03182e-11
4.914	4.11376e-11
4.912	4.19732e-11
4.91	4.28255e-11
4.908	4.36948e-11
4.906	4.45814e-11
4.904	4.54857e-11
4.902	4.64079e-11
4.9	4.73485e-11
4.898	4.83078e-11
4.896	4.92862e-11
4.894	5.0284e-11
4.892	5.13016e-11
4.89	5.23395e-11
4.888	5.33979e-11
4.886	5.44774e-11
4.884	5.55783e-11
4.882	5.6701e-11
4.88	5.7846e-11
4.878	5.90137e-11
4.876	6.02046e-11
4.874	6.1419e-11
4.872	6.26575e-11
4.87	6.39205e-11
4.868	6.52085e-11
4.866	6.6522e-11
4.864	6.78614e-11
4.862	6.92274e-11
4.86	7.06204e-11
4.858	7.20409e-11
4.856	7.34894e-11
4.854	7.49666e-11
4.852	7.6473e-11
4.85	7.8009e-11
4.848	7.95754e-11
4.846	8.11727e-11
4.844	8.28015e-11
4.842	8.44624e-11
4.84	8.61561e-11
4.838	8.78831e-11
4.836	8.96441e-11
4.834	9.14398e-11
4.832	9.32709e-11
4.83	9.5138e-11
4.828	9.70419e-11
4.826	9.89832e-11
4.824	1.00963e-10
4.822	1.02981e-10
4.82	1.05039e-10
4.818	1.07138e-10
4.816	1.09277e-10
4.814	1.11459e-10
4.812	1.13684e-10
4.81	1.15952e-10
4.808	1.18265e-10
4.806	1.20623e-10
4.804	1.23027e-10
4.802	1.25478e-10
4.8	1.27978e-10
4.798	1.30526e-10
4.796	1.33125e-10
4.794	1.35774e-10
4.792	1.38475e-10
4.79	1.41229e-10
4.788	1.44037e-10
4.786	1.469e-10
4.784	1.49819e-10
4.782	1.52795e-10
4.78	1.55829e-10
4.778	1.58922e-10
4.776	1.62076e-10
4.774	1.65291e-10
4.772	1.68569e-10
4.77	1.71911e-10
4.768	1.75319e-10
4.766	1.78792e-10
4.764	1.82334e-10
4.762	1.85945e-10
4.76	1.89625e-10
4.758	1.93378e-10
4.756	1.97204e-10
4.754	2.01104e-10
4.752	2.05081e-10
4.75	2.09134e-10
4.748	2.13267e-10
4.746	2.1748e-10
4.744	2.21775e-10
4.742	2.26153e-10
4.74	2.30617e-10
4.738	2.35167e-10
4.736	2.39806e-10
4.734	2.44535e-10
4.732	2.49355e-10
4.73	2.5427e-10
4.728	2.59279e-10
4.726	2.64386e-10
4.724	2.69592e-10
4.722	2.74899e-10
4.72	2.80309e-10
4.718	2.85824e-10
4.716	2.91445e-10
4.714	2.97176e-10
4.712	3.03018e-10
4.71	3.08972e-10
4.708	3.15042e-10
4.706	3.2123e-10
4.704	3.27537e-10
4.702	3.33966e-10
4.7	3.4052e-10
4.698	3.472e-10
4.696	3.5401e-10
4.694	3.60951e-10
4.692	3.68026e-10
4.69	3.75238e-10
4.688	3.82589e-10
4.686	3.90082e-10
4.684	3.9772e-10
4.682	4.05505e-10
4.68	4.13441e-10
4.678	4.21529e-10
4.676	4.29774e-10
4.674	4.38177e-10
4.672	4.46742e-10
4.67	4.55473e-10
4.668	4.64371e-10
4.666	4.73441e-10
4.664	4.82686e-10
4.662	4.92108e-10
4.66	5.01712e-10
4.658	5.11501e-10
4.656	5.21477e-10
4.654	5.31646e-10
4.652	5.4201e-10
4.65	5.52574e-10
4.648	5.6334e-10
4.646	5.74314e-10
4.644	5.85498e-10
4.642	5.96896e-10
4.64	6.08514e-10
4.638	6.20355e-10
4.636	6.32422e-10
4.634	6.44722e-10
4.632	6.57257e-10
4.63	6.70032e-10
4.628	6.83052e-10
4.626	6.96322e-10
4.624	7.09846e-10
4.622	7.23629e-10
4.62	7.37676e-10
4.618	7.51992e-10
4.616	7.66582e-10
4.614	7.8145e-10
4.612	7.96604e-10
4.61	8.12047e-10
4.608	8.27785e-10
4.606	8.43825e-10
4.604	8.6017e-10
4.602	8.76828e-10
4.6	8.93805e-10
4.598	9.11105e-10
4.596	9.28735e-10
4.594	9.46702e-10
4.592	9.65012e-10
4.59	9.83671e-10
4.588	1.00269e-09
4.586	1.02206e-09
4.584	1.04181e-09
4.582	1.06193e-09
4.58	1.08244e-09
4.578	1.10334e-09
4.576	1.12463e-09
4.574	1.14633e-09
4.572	1.16844e-09
4.57	1.19098e-09
4.568	1.21394e-09
4.566	1.23734e-09
4.564	1.26118e-09
4.562	1.28548e-09
4.56	1.31024e-09
4.558	1.33547e-09
4.556	1.36118e-09
4.554	1.38737e-09
4.552	1.41407e-09
4.55	1.44127e-09
4.548	1.46898e-09
4.546	1.49722e-09
4.544	1.526e-09
4.542	1.55532e-09
4.54	1.5852e-09
4.538	1.61564e-09
4.536	1.64667e-09
4.534	1.67827e-09
4.532	1.71048e-09
4.53	1.7433e-09
4.528	1.77673e-09
4.526	1.8108e-09
4.524	1.84552e-09
4.522	1.88088e-09
4.52	1.91692e-09
4.518	1.95364e-09
4.516	1.99105e-09
4.514	2.02917e-09
4.512	2.06801e-09
4.51	2.10758e-09
4.508	2.1479e-09
4.506	2.18898e-09
4.504	2.23083e-09
4.502	2.27348e-09
4.5	2.31692e-09
4.498	2.36119e-09
4.496	2.40628e-09
4.494	2.45223e-09
4.492	2.49904e-09
4.49	2.54674e-09
4.488	2.59533e-09
4.486	2.64483e-09
4.484	2.69527e-09
4.482	2.74665e-09
4.48	2.799e-09
4.478	2.85234e-09
4.476	2.90667e-09
4.474	2.96202e-09
4.472	3.01842e-09
4.47	3.07587e-09
4.468	3.1344e-09
4.466	3.19403e-09
4.464	3.25478e-09
4.462	3.31666e-09
4.46	3.3797e-09
4.458	3.44393e-09
4.456	3.50936e-09
4.454	3.57601e-09
4.452	3.64391e-09
4.45	3.71308e-09
4.448	3.78355e-09
4.446	3.85533e-09
4.444	3.92845e-09
4.442	4.00294e-09
4.44	4.07883e-09
4.438	4.15613e-09
4.436	4.23487e-09
4.434	4.31508e-09
4.432	4.39679e-09
4.43	4.48003e-09
4.428	4.56481e-09
4.426	4.65118e-09
4.424	4.73916e-09
4.422	4.82877e-09
4.42	4.92006e-09
4.418	5.01304e-09
4.416	5.10776e-09
4.414	5.20424e-09
4.412	5.30251e-09
4.41	5.40261e-09
4.408	5.50457e-09
4.406	5.60843e-09
4.404	5.71421e-09
4.402	5.82196e-09
4.4	5.93171e-09
4.398	6.0435e-09
4.396	6.15737e-09
4.394	6.27334e-09
4.392	6.39147e-09
4.39	6.51178e-09
4.388	6.63433e-09
4.386	6.75914e-09
4.384	6.88627e-09
4.382	7.01575e-09
4.38	7.14762e-09
4.378	7.28194e-09
4.376	7.41874e-09
4.374	7.55807e-09
4.372	7.69998e-09
4.37	7.8445e-09
4.368	7.9917e-09
4.366	8.14161e-09
4.364	8.29429e-09
4.362	8.44979e-09
4.36	8.60816e-09
4.358	8.76945e-09
4.356	8.93371e-09
4.354	9.10099e-09
4.352	9.27136e-09
4.35	9.44487e-09
4.348	9.62157e-09
4.346	9.80152e-09
4.344	9.98478e-09
4.342	1.01714e-08
4.34	1.03615e-08
4.338	1.0555e-08
4.336	1.07521e-08
4.334	1.09529e-08
4.332	1.11573e-08
4.33	1.13655e-08
4.328	1.15774e-08
4.326	1.17933e-08
4.324	1.20131e-08
4.322	1.2237e-08
4.32	1.24649e-08
4.318	1.26971e-08
4.316	1.29335e-08
4.314	1.31742e-08
4.312	1.34193e-08
4.31	1.36689e-08
4.308	1.3923e-08
4.306	1.41818e-08
4.304	1.44453e-08
4.302	1.47137e-08
4.3	1.49869e-08
4.298	1.52651e-08
4.296	1.55484e-08
4.294	1.58369e-08
4.292	1.61306e-08
4.29	1.64296e-08
4.288	1.67341e-08
4.286	1.70442e-08
4.284	1.73599e-08
4.282	1.76813e-08
4.28	1.80086e-08
4.278	1.83418e-08
4.276	1.86811e-08
4.274	1.90266e-08
4.272	1.93783e-08
4.27	1.97364e-08
4.268	2.0101e-08
4.266	2.04722e-08
4.264	2.08501e-08
4.262	2.12349e-08
4.26	2.16266e-08
4.258	2.20255e-08
4.256	2.24316e-08
4.254	2.2845e-08
4.252	2.32659e-08
4.25	2.36943e-08
4.248	2.41306e-08
4.246	2.45747e-08
4.244	2.50268e-08
4.242	2.54871e-08
4.24	2.59557e-08
4.238	2.64328e-08
4.236	2.69184e-08
4.234	2.74128e-08
4.232	2.79161e-08
4.23	2.84285e-08
4.228	2.89501e-08
4.226	2.9481e-08
4.224	3.00215e-08
4.222	3.05718e-08
4.22	3.11319e-08
4.218	3.1702e-08
4.216	3.22824e-08
4.214	3.28733e-08
4.212	3.34747e-08
4.21	3.40869e-08
4.208	3.47101e-08
4.206	3.53444e-08
4.204	3.59901e-08
4.202	3.66473e-08
4.2	3.73163e-08
4.198	3.79973e-08
4.196	3.86904e-08
4.194	3.9396e-08
4.192	4.01141e-08
4.19	4.0845e-08
4.188	4.1589e-08
4.186	4.23463e-08
4.184	4.3117e-08
4.182	4.39015e-08
4.18	4.47e-08
4.178	4.55126e-08
4.176	4.63398e-08
4.174	4.71816e-08
4.172	4.80384e-08
4.17	4.89105e-08
4.168	4.9798e-08
4.166	5.07013e-08
4.164	5.16206e-08
4.162	5.25563e-08
4.16	5.35085e-08
4.158	5.44776e-08
4.156	5.54639e-08
4.154	5.64676e-08
4.152	5.74891e-08
4.15	5.85286e-08
4.148	5.95866e-08
4.146	6.06632e-08
4.144	6.17589e-08
4.142	6.28739e-08
4.14	6.40086e-08
4.138	6.51633e-08
4.136	6.63383e-08
4.134	6.75341e-08
4.132	6.87509e-08
4.13	6.99892e-08
4.128	7.12493e-08
4.126	7.25315e-08
4.124	7.38362e-08
4.122	7.51639e-08
4.12	7.65149e-08
4.118	7.78896e-08
4.116	7.92884e-08
4.114	8.07118e-08
4.112	8.21601e-08
4.11	8.36338e-08
4.108	8.51333e-08
4.106	8.66591e-08
4.104	8.82115e-08
4.102	8.97911e-08
4.1	9.13983e-08
4.098	9.30335e-08
4.096	9.46973e-08
4.094	9.63902e-08
4.092	9.81126e-08
4.09	9.9865e-08
4.088	1.01648e-07
4.086	1.03462e-07
4.084	1.05307e-07
4.082	1.07185e-07
4.08	1.09095e-07
4.078	1.11039e-07
4.076	1.13016e-07
4.074	1.15028e-07
4.072	1.17074e-07
4.07	1.19156e-07
4.068	1.21274e-07
4.066	1.23429e-07
4.064	1.25621e-07
4.062	1.27851e-07
4.06	1.3012e-07
4.058	1.32427e-07
4.056	1.34775e-07
4.054	1.37163e-07
4.052	1.39593e-07
4.05	1.42064e-07
4.048	1.44578e-07
4.046	1.47135e-07
4.044	1.49736e-07
4.042	1.52382e-07
4.04	1.55074e-07
4.038	1.57812e-07
4.036	1.60596e-07
4.034	1.63429e-07
4.032	1.6631e-07
4.03	1.69241e-07
4.028	1.72222e-07
4.026	1.75254e-07
4.024	1.78338e-07
4.022	1.81475e-07
4.02	1.84665e-07
4.018	1.8791e-07
4.016	1.9121e-07
4.014	1.94567e-07
4.012	1.97981e-07
4.01	2.01453e-07
4.008	2.04985e-07
4.006	2.08576e-07
4.004	2.12229e-07
4.002	2.15944e-07
4	2.19722e-07
3.998	2.23564e-07
3.996	2.27472e-07
3.994	2.31445e-07
3.992	2.35487e-07
3.99	2.39597e-07
3.988	2.43776e-07
3.986	2.48026e-07
3.984	2.52348e-07
3.982	2.56744e-07
3.98	2.61213e-07
3.978	2.65758e-07
3.976	2.7038e-07
3.974	2.7508e-07
3.972	2.79859e-07
3.97	2.84718e-07
3.968	2.8966e-07
3.966	2.94684e-07
3.964	2.99793e-07
3.962	3.04988e-07
3.96	3.10271e-07
3.958	3.15642e-07
3.956	3.21103e-07
3.954	3.26655e-07
3.952	3.32301e-07
3.95	3.38041e-07
3.948	3.43878e-07
3.946	3.49812e-07
3.944	3.55845e-07
3.942	3.61979e-07
3.94	3.68215e-07
3.938	3.74555e-07
3.936	3.81001e-07
3.934	3.87555e-07
3.932	3.94217e-07
3.93	4.00991e-07
3.928	4.07877e-07
3.926	4.14878e-07
3.924	4.21994e-07
3.922	4.29229e-07
3.92	4.36584e-07
3.918	4.44061e-07
3.916	4.51662e-07
3.914	4.59388e-07
3.912	4.67242e-07
3.91	4.75226e-07
3.908	4.83342e-07
3.906	4.91592e-07
3.904	4.99978e-07
3.902	5.08502e-07
3.9	5.17167e-07
3.898	5.25975e-07
3.896	5.34927e-07
3.894	5.44026e-07
3.892	5.53275e-07
3.89	5.62676e-07
3.888	5.72231e-07
3.886	5.81942e-07
3.884	5.91813e-07
3.882	6.01845e-07
3.88	6.12042e-07
3.878	6.22405e-07
3.876	6.32938e-07
3.874	6.43642e-07
3.872	6.54521e-07
3.87	6.65578e-07
3.868	6.76814e-07
3.866	6.88234e-07
3.864	6.99839e-07
3.862	7.11633e-07
3.86	7.23618e-07
3.858	7.35798e-07
3.856	7.48176e-07
3.854	7.60754e-07
3.852	7.73536e-07
3.85	7.86525e-07
3.848	7.99724e-07
3.846	8.13136e-07
3.844	8.26765e-07
3.842	8.40614e-07
3.84	8.54686e-07
3.838	8.68984e-07
3.836	8.83514e-07
3.834	8.98276e-07
3.832	9.13277e-07
3.83	9.28518e-07
3.828	9.44004e-07
3.826	9.59738e-07
3.824	9.75725e-07
3.822	9.91967e-07
3.82	1.00847e-06
3.818	1.02524e-06
3.816	1.04227e-06
3.814	1.05958e-06
3.812	1.07716e-06
3.81	1.09502e-06
3.808	1.11317e-06
3.806	1.13161e-06
3.804	1.15034e-06
3.802	1.16936e-06
3.8	1.18869e-06
3.798	1.20833e-06
3.796	1.22828e-06
3.794	1.24854e-06
3.792	1.26913e-06
3.79	1.29004e-06
3.788	1.31128e-06
3.786	1.33285e-06
3.784	1.35477e-06
3.782	1.37703e-06
3.78	1.39965e-06
3.778	1.42262e-06
3.776	1.44595e-06
3.774	1.46964e-06
3.772	1.49371e-06
3.77	1.51816e-06
3.768	1.54299e-06
3.766	1.56821e-06
3.764	1.59383e-06
3.762	1.61984e-06
3.76	1.64626e-06
3.758	1.6731e-06
3.756	1.70035e-06
3.754	1.72803e-06
3.752	1.75614e-06
3.75	1.78469e-06
3.748	1.81368e-06
3.746	1.84312e-06
3.744	1.87302e-06
3.742	1.90338e-06
3.74	1.93421e-06
3.738	1.96552e-06
3.736	1.99732e-06
3.734	2.0296e-06
3.732	2.06239e-06
3.73	2.09568e-06
3.728	2.12949e-06
3.726	2.16381e-06
3.724	2.19867e-06
3.722	2.23406e-06
3.72	2.26999e-06
3.718	2.30648e-06
3.716	2.34352e-06
3.714	2.38114e-06
3.712	2.41933e-06
3.71	2.4581e-06
3.708	2.49747e-06
3.706	2.53744e-06
3.704	2.57802e-06
3.702	2.61921e-06
3.7	2.66104e-06
3.698	2.7035e-06
3.696	2.74661e-06
3.694	2.79037e-06
3.692	2.8348e-06
3.69	2.8799e-06
3.688	2.92568e-06
3.686	2.97216e-06
3.684	3.01934e-06
3.682	3.06724e-06
3.68	3.11585e-06
3.678	3.1652e-06
3.676	3.2153e-06
3.674	3.26615e-06
3.672	3.31776e-06
3.67	3.37015e-06
3.668	3.42333e-06
3.666	3.4773e-06
3.664	3.53209e-06
3.662	3.58769e-06
3.66	3.64413e-06
3.658	3.70141e-06
3.656	3.75955e-06
3.654	3.81855e-06
3.652	3.87843e-06
3.65	3.93921e-06
3.648	4.00089e-06
3.646	4.06348e-06
3.644	4.12701e-06
3.642	4.19148e-06
3.64	4.2569e-06
3.638	4.3233e-06
3.636	4.39067e-06
3.634	4.45905e-06
3.632	4.52843e-06
3.63	4.59884e-06
3.628	4.67028e-06
3.626	4.74278e-06
3.624	4.81634e-06
3.622	4.89098e-06
3.62	4.96672e-06
3.618	5.04357e-06
3.616	5.12155e-06
3.614	5.20067e-06
3.612	5.28095e-06
3.61	5.3624e-06
3.608	5.44504e-06
3.606	5.52888e-06
3.604	5.61395e-06
3.602	5.70025e-06
3.6	5.78781e-06
3.598	5.87665e-06
3.596	5.96677e-06
3.594	6.0582e-06
3.592	6.15095e-06
3.59	6.24504e-06
3.588	6.3405e-06
3.586	6.43733e-06
3.584	6.53557e-06
3.582	6.63521e-06
3.58	6.7363e-06
3.578	6.83883e-06
3.576	6.94284e-06
3.574	7.04835e-06
3.572	7.15536e-06
3.57	7.26391e-06
3.568	7.37402e-06
3.566	7.4857e-06
3.564	7.59897e-06
3.562	7.71386e-06
3.56	7.83039e-06
3.558	7.94858e-06
3.556	8.06845e-06
3.554	8.19002e-06
3.552	8.31332e-06
3.55	8.43836e-06
3.548	8.56518e-06
3.546	8.6938e-06
3.544	8.82423e-06
3.542	8.9565e-06
3.54	9.09065e-06
3.538	9.22668e-06
3.536	9.36463e-06
3.534	9.50451e-06
3.532	9.64637e-06
3.53	9.79021e-06
3.528	9.93607e-06
3.526	1.0084e-05
3.524	1.0234e-05
3.522	1.0386e-05
3.52	1.05402e-05
3.518	1.06966e-05
3.516	1.08551e-05
3.514	1.10158e-05
3.512	1.11788e-05
3.51	1.1344e-05
3.508	1.15115e-05
3.506	1.16814e-05
3.504	1.18536e-05
3.502	1.20281e-05
3.5	1.22051e-05
3.498	1.23846e-05
3.496	1.25665e-05
3.494	1.27509e-05
3.492	1.29378e-05
3.49	1.31273e-05
3.488	1.33194e-05
3.486	1.35142e-05
3.484	1.37116e-05
3.482	1.39117e-05
3.48	1.41146e-05
3.478	1.43202e-05
3.476	1.45286e-05
3.474	1.47399e-05
3.472	1.4954e-05
3.47	1.51711e-05
3.468	1.5391e-05
3.466	1.5614e-05
3.464	1.584e-05
3.462	1.60691e-05
3.46	1.63012e-05
3.458	1.65365e-05
3.456	1.6775e-05
3.454	1.70167e-05
3.452	1.72616e-05
3.45	1.75098e-05
3.448	1.77613e-05
3.446	1.80163e-05
3.444	1.82746e-05
3.442	1.85364e-05
3.44	1.88017e-05
3.438	1.90705e-05
3.436	1.93429e-05
3.434	1.9619e-05
3.432	1.98987e-05
3.43	2.01821e-05
3.428	2.04693e-05
3.426	2.07604e-05
3.424	2.10552e-05
3.422	2.1354e-05
3.42	2.16567e-05
3.418	2.19634e-05
3.416	2.22742e-05
3.414	2.2589e-05
3.412	2.2908e-05
3.41	2.32312e-05
3.408	2.35586e-05
3.406	2.38903e-05
3.404	2.42263e-05
3.402	2.45668e-05
3.4	2.49117e-05
3.398	2.52611e-05
3.396	2.5615e-05
3.394	2.59736e-05
3.392	2.63368e-05
3.39	2.67047e-05
3.388	2.70774e-05
3.386	2.74549e-05
3.384	2.78373e-05
3.382	2.82247e-05
3.38	2.86171e-05
3.378	2.90145e-05
3.376	2.9417e-05
3.374	2.98247e-05
3.372	3.02377e-05
3.37	3.06559e-05
3.368	3.10796e-05
3.366	3.15086e-05
3.364	3.19431e-05
3.362	3.23832e-05
3.36	3.28289e-05
3.358	3.32803e-05
3.356	3.37374e-05
3.354	3.42003e-05
3.352	3.46691e-05
3.35	3.51438e-05
3.348	3.56246e-05
3.346	3.61114e-05
3.344	3.66044e-05
3.342	3.71036e-05
3.34	3.76091e-05
3.338	3.8121e-05
3.336	3.86393e-05
3.334	3.91641e-05
3.332	3.96955e-05
3.33	4.02335e-05
3.328	4.07783e-05
3.326	4.13299e-05
3.324	4.18884e-05
3.322	4.24538e-05
3.32	4.30263e-05
3.318	4.36059e-05
3.316	4.41927e-05
3.314	4.47867e-05
3.312	4.53882e-05
3.31	4.5997e-05
3.308	4.66134e-05
3.306	4.72374e-05
3.304	4.78691e-05
3.302	4.85086e-05
3.3	4.91559e-05
3.298	4.98112e-05
3.296	5.04745e-05
3.294	5.1146e-05
3.292	5.18256e-05
3.29	5.25136e-05
3.288	5.321e-05
3.286	5.39148e-05
3.284	5.46283e-05
3.282	5.53504e-05
3.28	5.60813e-05
3.278	5.6821e-05
3.276	5.75697e-05
3.274	5.83275e-05
3.272	5.90944e-05
3.27	5.98706e-05
3.268	6.06561e-05
3.266	6.14511e-05
3.264	6.22556e-05
3.262	6.30698e-05
3.26	6.38938e-05
3.258	6.47276e-05
3.256	6.55714e-05
3.254	6.64253e-05
3.252	6.72893e-05
3.25	6.81637e-05
3.248	6.90484e-05
3.246	6.99437e-05
3.244	7.08496e-05
3.242	7.17662e-05
3.24	7.26937e-05
3.238	7.36322e-05
3.236	7.45817e-05
3.234	7.55424e-05
3.232	7.65145e-05
3.23	7.74979e-05
3.228	7.84929e-05
3.226	7.94996e-05
3.224	8.05181e-05
3.222	8.15485e-05
3.22	8.2591e-05
3.218	8.36456e-05
3.216	8.47125e-05
3.214	8.57918e-05
3.212	8.68836e-05
3.21	8.79882e-05
3.208	8.91055e-05
3.206	9.02358e-05
3.204	9.13791e-05
3.202	9.25357e-05
3.2	9.37056e-05
3.198	9.48889e-05
3.196	9.60859e-05
3.194	9.72966e-05
3.192	9.85212e-05
3.19	9.97599e-05
3.188	0.000101013
3.186	0.00010228
3.184	0.000103561
3.182	0.000104858
3.18	0.000106169
3.178	0.000107494
3.176	0.000108835
3.174	0.000110191
3.172	0.000111563
3.17	0.00011295
3.168	0.000114352
3.166	0.000115771
3.164	0.000117205
3.162	0.000118656
3.16	0.000120123
3.158	0.000121606
3.156	0.000123106
3.154	0.000124622
3.152	0.000126156
3.15	0.000127707
3.148	0.000129275
3.146	0.00013086
3.144	0.000132463
3.142	0.000134084
3.14	0.000135723
3.138	0.00013738
3.136	0.000139055
3.134	0.000140749
3.132	0.000142461
3.13	0.000144192
3.128	0.000145942
3.126	0.000147712
3.124	0.000149501
3.122	0.000151309
3.12	0.000153137
3.118	0.000154986
3.116	0.000156854
3.114	0.000158743
3.112	0.000160652
3.11	0.000162582
3.108	0.000164533
3.106	0.000166504
3.104	0.000168498
3.102	0.000170513
3.1	0.000172549
3.098	0.000174608
3.096	0.000176688
3.094	0.000178791
3.092	0.000180917
3.09	0.000183065
3.088	0.000185236
3.086	0.000187431
3.084	0.000189649
3.082	0.00019189
3.08	0.000194156
3.078	0.000196445
3.076	0.000198759
3.074	0.000201097
3.072	0.00020346
3.07	0.000205848
3.068	0.000208261
3.066	0.000210699
3.064	0.000213163
3.062	0.000215654
3.06	0.00021817
3.058	0.000220712
3.056	0.000223282
3.054	0.000225878
3.052	0.000228501
3.05	0.000231151
3.048	0.000233829
3.046	0.000236535
3.044	0.000239269
3.042	0.000242031
3.04	0.000244822
3.038	0.000247642
3.036	0.000250491
3.034	0.000253369
3.032	0.000256277
3.03	0.000259214
3.028	0.000262182
3.026	0.000265181
3.024	0.00026821
3.022	0.00027127
3.02	0.000274361
3.018	0.000277483
3.016	0.000280638
3.014	0.000283824
3.012	0.000287043
3.01	0.000290295
3.008	0.000293579
3.006	0.000296897
3.004	0.000300248
3.002	0.000303633
3	0.000307052
2.998	0.000310506
2.996	0.000313994
2.994	0.000317517
2.992	0.000321075
2.99	0.000324669
2.988	0.000328299
2.986	0.000331965
2.984	0.000335668
2.982	0.000339407
2.98	0.000343183
2.978	0.000346997
2.976	0.000350849
2.974	0.000354739
2.972	0.000358667
2.97	0.000362634
2.968	0.00036664
2.966	0.000370686
2.964	0.000374771
2.962	0.000378896
2.96	0.000383062
2.958	0.000387269
2.956	0.000391516
2.954	0.000395805
2.952	0.000400136
2.95	0.000404509
2.948	0.000408924
2.946	0.000413383
2.944	0.000417884
2.942	0.000422429
2.94	0.000427018
2.938	0.000431651
2.936	0.000436329
2.934	0.000441052
2.932	0.000445821
2.93	0.000450635
2.928	0.000455495
2.926	0.000460402
2.924	0.000465355
2.922	0.000470356
2.92	0.000475405
2.918	0.000480502
2.916	0.000485647
2.914	0.000490841
2.912	0.000496084
2.91	0.000501377
2.908	0.00050672
2.906	0.000512113
2.904	0.000517558
2.902	0.000523053
2.9	0.000528601
2.898	0.0005342
2.896	0.000539852
2.894	0.000545557
2.892	0.000551315
2.89	0.000557127
2.888	0.000562993
2.886	0.000568914
2.884	0.00057489
2.882	0.000580922
2.88	0.00058701
2.878	0.000593154
2.876	0.000599354
2.874	0.000605613
2.872	0.000611929
2.87	0.000618303
2.868	0.000624736
2.866	0.000631228
2.864	0.000637779
2.862	0.000644391
2.86	0.000651064
2.858	0.000657797
2.856	0.000664592
2.854	0.000671449
2.852	0.000678368
2.85	0.00068535
2.848	0.000692396
2.846	0.000699506
2.844	0.00070668
2.842	0.000713919
2.84	0.000721224
2.838	0.000728594
2.836	0.000736031
2.834	0.000743535
2.832	0.000751107
2.83	0.000758746
2.828	0.000766454
2.826	0.000774231
2.824	0.000782078
2.822	0.000789995
2.82	0.000797982
2.818	0.000806041
2.816	0.000814171
2.814	0.000822374
2.812	0.000830649
2.81	0.000838998
2.808	0.000847421
2.806	0.000855918
2.804	0.000864491
2.802	0.000873139
2.8	0.000881863
2.798	0.000890664
2.796	0.000899543
2.794	0.000908499
2.792	0.000917534
2.79	0.000926648
2.788	0.000935842
2.786	0.000945116
2.784	0.000954471
2.782	0.000963908
2.78	0.000973426
2.778	0.000983028
2.776	0.000992713
2.774	0.00100248
2.772	0.00101233
2.77	0.00102227
2.768	0.0010323
2.766	0.00104241
2.764	0.00105261
2.762	0.00106289
2.76	0.00107327
2.758	0.00108373
2.756	0.00109428
2.754	0.00110493
2.752	0.00111566
2.75	0.00112649
2.748	0.00113741
2.746	0.00114842
2.744	0.00115953
2.742	0.00117073
2.74	0.00118202
2.738	0.00119341
2.736	0.0012049
2.734	0.00121649
2.732	0.00122817
2.73	0.00123995
2.728	0.00125183
2.726	0.00126381
2.724	0.00127589
2.722	0.00128808
2.72	0.00130036
2.718	0.00131275
2.716	0.00132525
2.714	0.00133784
2.712	0.00135054
2.71	0.00136335
2.708	0.00137627
2.706	0.00138929
2.704	0.00140242
2.702	0.00141566
2.7	0.00142901
2.698	0.00144247
2.696	0.00145605
2.694	0.00146973
2.692	0.00148353
2.69	0.00149744
2.688	0.00151147
2.686	0.00152561
2.684	0.00153987
2.682	0.00155424
2.68	0.00156874
2.678	0.00158335
2.676	0.00159808
2.674	0.00161293
2.672	0.00162791
2.67	0.001643
2.668	0.00165822
2.666	0.00167357
2.664	0.00168903
2.662	0.00170463
2.66	0.00172035
2.658	0.0017362
2.656	0.00175217
2.654	0.00176828
2.652	0.00178451
2.65	0.00180088
2.648	0.00181738
2.646	0.00183401
2.644	0.00185078
2.642	0.00186768
2.64	0.00188472
2.638	0.00190189
2.636	0.0019192
2.634	0.00193665
2.632	0.00195424
2.63	0.00197197
2.628	0.00198984
2.626	0.00200785
2.624	0.00202601
2.622	0.00204431
2.62	0.00206276
2.618	0.00208135
2.616	0.00210009
2.614	0.00211898
2.612	0.00213802
2.61	0.00215721
2.608	0.00217655
2.606	0.00219605
2.604	0.0022157
2.602	0.0022355
2.6	0.00225546
2.598	0.00227557
2.596	0.00229585
2.594	0.00231628
2.592	0.00233687
2.59	0.00235763
2.588	0.00237854
2.586	0.00239962
2.584	0.00242087
2.582	0.00244228
2.58	0.00246385
2.578	0.0024856
2.576	0.00250751
2.574	0.00252959
2.572	0.00255185
2.57	0.00257428
2.568	0.00259688
2.566	0.00261966
2.564	0.00264261
2.562	0.00266574
2.56	0.00268905
2.558	0.00271254
2.556	0.00273621
2.554	0.00276006
2.552	0.00278409
2.55	0.00280831
2.548	0.00283272
2.546	0.00285731
2.544	0.00288209
2.542	0.00290706
2.54	0.00293222
2.538	0.00295757
2.536	0.00298312
2.534	0.00300886
2.532	0.00303479
2.53	0.00306093
2.528	0.00308726
2.526	0.00311379
2.524	0.00314053
2.522	0.00316746
2.52	0.0031946
2.518	0.00322195
2.516	0.0032495
2.514	0.00327726
2.512	0.00330523
2.51	0.00333341
2.508	0.0033618
2.506	0.00339041
2.504	0.00341923
2.502	0.00344827
2.5	0.00347752
2.498	0.003507
2.496	0.00353669
2.494	0.00356661
2.492	0.00359675
2.49	0.00362712
2.488	0.00365771
2.486	0.00368853
2.484	0.00371958
2.482	0.00375086
2.48	0.00378237
2.478	0.00381412
2.476	0.0038461
2.474	0.00387832
2.472	0.00391078
2.47	0.00394347
2.468	0.00397641
2.466	0.0040096
2.464	0.00404302
2.462	0.0040767
2.46	0.00411062
2.458	0.00414479
2.456	0.00417921
2.454	0.00421388
2.452	0.00424881
2.45	0.004284
2.448	0.00431944
2.446	0.00435514
2.444	0.0043911
2.442	0.00442733
2.44	0.00446382
2.438	0.00450057
2.436	0.00453759
2.434	0.00457488
2.432	0.00461245
2.43	0.00465028
2.428	0.00468839
2.426	0.00472678
2.424	0.00476544
2.422	0.00480438
2.42	0.00484361
2.418	0.00488311
2.416	0.0049229
2.414	0.00496298
2.412	0.00500335
2.41	0.00504401
2.408	0.00508495
2.406	0.0051262
2.404	0.00516773
2.402	0.00520957
2.4	0.0052517
2.398	0.00529414
2.396	0.00533688
2.394	0.00537992
2.392	0.00542327
2.39	0.00546693
2.388	0.0055109
2.386	0.00555518
2.384	0.00559978
2.382	0.00564469
2.38	0.00568992
2.378	0.00573547
2.376	0.00578134
2.374	0.00582754
2.372	0.00587406
2.37	0.00592091
2.368	0.00596809
2.366	0.0060156
2.364	0.00606345
2.362	0.00611163
2.36	0.00616014
2.358	0.006209
2.356	0.0062582
2.354	0.00630775
2.352	0.00635764
2.35	0.00640787
2.348	0.00645846
2.346	0.0065094
2.344	0.00656069
2.342	0.00661234
2.34	0.00666435
2.338	0.00671672
2.336	0.00676945
2.334	0.00682254
2.332	0.00687601
2.33	0.00692984
2.328	0.00698404
2.326	0.00703861
2.324	0.00709356
2.322	0.00714889
2.32	0.00720459
2.318	0.00726068
2.316	0.00731715
2.314	0.00737401
2.312	0.00743126
2.31	0.00748889
2.308	0.00754692
2.306	0.00760535
2.304	0.00766417
2.302	0.00772339
2.3	0.00778301
2.298	0.00784303
2.296	0.00790347
2.294	0.00796431
2.292	0.00802556
2.29	0.00808722
2.288	0.0081493
2.286	0.00821179
2.284	0.00827471
2.282	0.00833804
2.28	0.00840181
2.278	0.00846599
2.276	0.00853061
2.274	0.00859566
2.272	0.00866114
2.27	0.00872706
2.268	0.00879341
2.266	0.00886021
2.264	0.00892745
2.262	0.00899513
2.26	0.00906326
2.258	0.00913184
2.256	0.00920088
2.254	0.00927037
2.252	0.00934031
2.25	0.00941072
2.248	0.00948158
2.246	0.00955291
2.244	0.00962471
2.242	0.00969698
2.24	0.00976972
2.238	0.00984293
2.236	0.00991662
2.234	0.00999079
2.232	0.0100654
2.23	0.0101406
2.228	0.0102162
2.226	0.0102923
2.224	0.0103689
2.222	0.010446
2.22	0.0105236
2.218	0.0106017
2.216	0.0106802
2.214	0.0107593
2.212	0.0108389
2.21	0.010919
2.208	0.0109996
2.206	0.0110808
2.204	0.0111624
2.202	0.0112446
2.2	0.0113272
2.198	0.0114105
2.196	0.0114942
2.194	0.0115784
2.192	0.0116632
2.19	0.0117485
2.188	0.0118344
2.186	0.0119208
2.184	0.0120077
2.182	0.0120952
2.18	0.0121832
2.178	0.0122718
2.176	0.0123609
2.174	0.0124506
2.172	0.0125408
2.17	0.0126316
2.168	0.012723
2.166	0.0128149
2.164	0.0129074
2.162	0.0130004
2.16	0.013094
2.158	0.0131882
2.156	0.013283
2.154	0.0133783
2.152	0.0134742
2.15	0.0135707
2.148	0.0136678
2.146	0.0137655
2.144	0.0138638
2.142	0.0139627
2.14	0.0140621
2.138	0.0141622
2.136	0.0142628
2.134	0.0143641
2.132	0.014466
2.13	0.0145684
2.128	0.0146715
2.126	0.0147752
2.124	0.0148795
2.122	0.0149845
2.12	0.01509
2.118	0.0151962
2.116	0.015303
2.114	0.0154104
2.112	0.0155185
2.11	0.0156272
2.108	0.0157365
2.106	0.0158464
2.104	0.015957
2.102	0.0160683
2.1	0.0161802
2.098	0.0162927
2.096	0.0164059
2.094	0.0165197
2.092	0.0166342
2.09	0.0167494
2.088	0.0168652
2.086	0.0169817
2.084	0.0170988
2.082	0.0172166
2.08	0.0173351
2.078	0.0174542
2.076	0.017574
2.074	0.0176945
2.072	0.0178157
2.07	0.0179375
2.068	0.0180601
2.066	0.0181833
2.064	0.0183072
2.062	0.0184318
2.06	0.0185571
2.058	0.0186831
2.056	0.0188097
2.054	0.0189371
2.052	0.0190652
2.05	0.019194
2.048	0.0193235
2.046	0.0194537
2.044	0.0195846
2.042	0.0197162
2.04	0.0198485
2.038	0.0199816
2.036	0.0201153
2.034	0.0202498
2.032	0.020385
2.03	0.020521
2.028	0.0206576
2.026	0.020795
2.024	0.0209332
2.022	0.021072
2.02	0.0212116
2.018	0.021352
2.016	0.021493
2.014	0.0216348
2.012	0.0217774
2.01	0.0219207
2.008	0.0220648
2.006	0.0222096
2.004	0.0223551
2.002	0.0225014
2	0.0226485
1.998	0.0227963
1.996	0.0229449
1.994	0.0230943
1.992	0.0232444
1.99	0.0233953
1.988	0.0235469
1.986	0.0236993
1.984	0.0238525
1.982	0.0240065
1.98	0.0241612
1.978	0.0243167
1.976	0.024473
1.974	0.0246301
1.972	0.024788
1.97	0.0249466
1.968	0.025106
1.966	0.0252663
1.964	0.0254273
1.962	0.0255891
1.96	0.0257517
1.958	0.025915
1.956	0.0260792
1.954	0.0262442
1.952	0.02641
1.95	0.0265766
1.948	0.0267439
1.946	0.0269121
1.944	0.0270811
1.942	0.0272509
1.94	0.0274215
1.938	0.027593
1.936	0.0277652
1.934	0.0279382
1.932	0.0281121
1.93	0.0282868
1.928	0.0284623
1.926	0.0286386
1.924	0.0288157
1.922	0.0289937
1.92	0.0291725
1.918	0.0293521
1.916	0.0295325
1.914	0.0297138
1.912	0.0298959
1.91	0.0300788
1.908	0.0302625
1.906	0.0304471
1.904	0.0306325
1.902	0.0308188
1.9	0.0310059
1.898	0.0311938
1.896	0.0313826
1.894	0.0315722
1.892	0.0317627
1.89	0.031954
1.888	0.0321461
1.886	0.0323391
1.884	0.0325329
1.882	0.0327276
1.88	0.0329231
1.878	0.0331195
1.876	0.0333167
1.874	0.0335148
1.872	0.0337137
1.87	0.0339135
1.868	0.0341141
1.866	0.0343156
1.864	0.0345179
1.862	0.0347211
1.86	0.0349252
1.858	0.0351301
1.856	0.0353359
1.854	0.0355425
1.852	0.03575
1.85	0.0359584
1.848	0.0361676
1.846	0.0363777
1.844	0.0365886
1.842	0.0368004
1.84	0.0370131
1.838	0.0372267
1.836	0.0374411
1.834	0.0376564
1.832	0.0378725
1.83	0.0380895
1.828	0.0383074
1.826	0.0385262
1.824	0.0387458
1.822	0.0389663
1.82	0.0391877
1.818	0.03941
1.816	0.0396331
1.814	0.0398571
1.812	0.040082
1.81	0.0403077
1.808	0.0405343
1.806	0.0407618
1.804	0.0409902
1.802	0.0412195
1.8	0.0414496
1.798	0.0416806
1.796	0.0419125
1.794	0.0421453
1.792	0.0423789
1.79	0.0426135
1.788	0.0428489
1.786	0.0430852
1.784	0.0433223
1.782	0.0435604
1.78	0.0437993
1.778	0.0440391
1.776	0.0442798
1.774	0.0445214
1.772	0.0447639
1.77	0.0450072
1.768	0.0452515
1.766	0.0454966
1.764	0.0457426
1.762	0.0459895
1.76	0.0462373
1.758	0.0464859
1.756	0.0467355
1.754	0.0469859
1.752	0.0472372
1.75	0.0474894
1.748	0.0477425
1.746	0.0479965
1.744	0.0482513
1.742	0.0485071
1.74	0.0487637
1.738	0.0490213
1.736	0.0492797
1.734	0.049539
1.732	0.0497992
1.73	0.0500603
1.728	0.0503222
1.726	0.0505851
1.724	0.0508488
1.722	0.0511135
1.72	0.051379
1.718	0.0516454
1.716	0.0519127
1.714	0.0521809
1.712	0.05245
1.71	0.05272
1.708	0.0529909
1.706	0.0532626
1.704	0.0535353
1.702	0.0538088
1.7	0.0540833
1.698	0.0543586
1.696	0.0546348
1.694	0.0549119
1.692	0.0551899
1.69	0.0554688
1.688	0.0557486
1.686	0.0560293
1.684	0.0563109
1.682	0.0565933
1.68	0.0568767
1.678	0.0571609
1.676	0.0574461
1.674	0.0577321
1.672	0.058019
1.67	0.0583069
1.668	0.0585956
1.666	0.0588852
1.664	0.0591757
1.662	0.0594671
1.66	0.0597594
1.658	0.0600526
1.656	0.0603467
1.654	0.0606417
1.652	0.0609376
1.65	0.0612344
1.648	0.0615321
1.646	0.0618306
1.644	0.0621301
1.642	0.0624305
1.64	0.0627318
1.638	0.0630339
1.636	0.063337
1.634	0.063641
1.632	0.0639459
1.63	0.0642516
1.628	0.0645583
1.626	0.0648659
1.624	0.0651743
1.622	0.0654837
1.62	0.065794
1.618	0.0661052
1.616	0.0664173
1.614	0.0667303
1.612	0.0670442
1.61	0.067359
1.608	0.0676747
1.606	0.0679913
1.604	0.0683088
1.602	0.0686272
1.6	0.0689465
1.598	0.0692668
1.596	0.0695879
1.594	0.06991
1.592	0.070233
1.59	0.0705568
1.588	0.0708816
1.586	0.0712073
1.584	0.071534
1.582	0.0718615
1.58	0.0721899
1.578	0.0725193
1.576	0.0728496
1.574	0.0731808
1.572	0.0735129
1.57	0.0738459
1.568	0.0741799
1.566	0.0745148
1.564	0.0748506
1.562	0.0751873
1.56	0.0755249
1.558	0.0758635
1.556	0.076203
1.554	0.0765434
1.552	0.0768847
1.55	0.077227
1.548	0.0775702
1.546	0.0779144
1.544	0.0782594
1.542	0.0786054
1.54	0.0789524
1.538	0.0793002
1.536	0.079649
1.534	0.0799988
1.532	0.0803495
1.53	0.0807011
1.528	0.0810536
1.526	0.0814072
1.524	0.0817616
1.522	0.082117
1.52	0.0824734
1.518	0.0828307
1.516	0.0831889
1.514	0.0835481
1.512	0.0839082
1.51	0.0842693
1.508	0.0846314
1.506	0.0849944
1.504	0.0853584
1.502	0.0857233
1.5	0.0860892
1.498	0.0864561
1.496	0.0868239
1.494	0.0871927
1.492	0.0875625
1.49	0.0879332
1.488	0.088305
1.486	0.0886776
1.484	0.0890513
1.482	0.0894259
1.48	0.0898016
1.478	0.0901782
1.476	0.0905558
1.474	0.0909343
1.472	0.0913139
1.47	0.0916944
1.468	0.092076
1.466	0.0924585
1.464	0.092842
1.462	0.0932266
1.46	0.0936121
1.458	0.0939986
1.456	0.0943862
1.454	0.0947747
1.452	0.0951642
1.45	0.0955548
1.448	0.0959464
1.446	0.096339
1.444	0.0967326
1.442	0.0971272
1.44	0.0975228
1.438	0.0979195
1.436	0.0983172
1.434	0.0987159
1.432	0.0991157
1.43	0.0995165
1.428	0.0999183
1.426	0.100321
1.424	0.100725
1.422	0.10113
1.42	0.101536
1.418	0.101943
1.416	0.102351
1.414	0.10276
1.412	0.10317
1.41	0.103582
1.408	0.103994
1.406	0.104407
1.404	0.104822
1.402	0.105237
1.4	0.105654
1.398	0.106072
1.396	0.10649
1.394	0.10691
1.392	0.107331
1.39	0.107753
1.388	0.108176
1.386	0.1086
1.384	0.109026
1.382	0.109452
1.38	0.109879
1.378	0.110308
1.376	0.110738
1.374	0.111168
1.372	0.1116
1.37	0.112033
1.368	0.112467
1.366	0.112903
1.364	0.113339
1.362	0.113776
1.36	0.114215
1.358	0.114655
1.356	0.115096
1.354	0.115538
1.352	0.115981
1.35	0.116425
1.348	0.11687
1.346	0.117317
1.344	0.117765
1.342	0.118214
1.34	0.118664
1.338	0.119115
1.336	0.119567
1.334	0.120021
1.332	0.120475
1.33	0.120931
1.328	0.121388
1.326	0.121846
1.324	0.122306
1.322	0.122766
1.32	0.123228
1.318	0.123691
1.316	0.124155
1.314	0.124621
1.312	0.125087
1.31	0.125555
1.308	0.126024
1.306	0.126494
1.304	0.126965
1.302	0.127438
1.3	0.127911
1.298	0.128386
1.296	0.128863
1.294	0.12934
1.292	0.129819
1.29	0.130299
1.288	0.13078
1.286	0.131262
1.284	0.131746
1.282	0.13223
1.28	0.132716
1.278	0.133204
1.276	0.133692
1.274	0.134182
1.272	0.134673
1.27	0.135166
1.268	0.135659
1.266	0.136154
1.264	0.13665
1.262	0.137147
1.26	0.137646
1.258	0.138146
1.256	0.138647
1.254	0.13915
1.252	0.139653
1.25	0.140158
1.248	0.140665
1.246	0.141172
1.244	0.141681
1.242	0.142191
1.24	0.142703
1.238	0.143215
1.236	0.143729
1.234	0.144245
1.232	0.144761
1.23	0.145279
1.228	0.145799
1.226	0.146319
1.224	0.146841
1.222	0.147364
1.22	0.147889
1.218	0.148415
1.216	0.148942
1.214	0.14947
1.212	0.15
1.21	0.150531
1.208	0.151064
1.206	0.151598
1.204	0.152133
1.202	0.152669
1.2	0.153207
1.198	0.153746
1.196	0.154287
1.194	0.154828
1.192	0.155372
1.19	0.155916
1.188	0.156462
1.186	0.157009
1.184	0.157558
1.182	0.158108
1.18	0.158659
1.178	0.159211
1.176	0.159765
1.174	0.160321
1.172	0.160877
1.17	0.161435
1.168	0.161995
1.166	0.162555
1.164	0.163118
1.162	0.163681
1.16	0.164246
1.158	0.164812
1.156	0.16538
1.154	0.165949
1.152	0.166519
1.15	0.167091
1.148	0.167664
1.146	0.168238
1.144	0.168814
1.142	0.169391
1.14	0.16997
1.138	0.170549
1.136	0.171131
1.134	0.171713
1.132	0.172297
1.13	0.172883
1.128	0.17347
1.126	0.174058
1.124	0.174647
1.122	0.175238
1.12	0.175831
1.118	0.176424
1.116	0.177019
1.114	0.177616
1.112	0.178214
1.11	0.178813
1.108	0.179413
1.106	0.180015
1.104	0.180618
1.102	0.181223
1.1	0.181829
1.098	0.182437
1.096	0.183046
1.094	0.183656
1.092	0.184267
1.09	0.18488
1.088	0.185495
1.086	0.18611
1.084	0.186727
1.082	0.187346
1.08	0.187966
1.078	0.188587
1.076	0.189209
1.074	0.189833
1.072	0.190458
1.07	0.191085
1.068	0.191713
1.066	0.192342
1.064	0.192973
1.062	0.193605
1.06	0.194239
1.058	0.194874
1.056	0.19551
1.054	0.196147
1.052	0.196786
1.05	0.197426
1.048	0.198068
1.046	0.198711
1.044	0.199355
1.042	0.200001
1.04	0.200648
1.038	0.201296
1.036	0.201946
1.034	0.202597
1.032	0.203249
1.03	0.203903
1.028	0.204558
1.026	0.205214
1.024	0.205872
1.022	0.206531
1.02	0.207192
1.018	0.207853
1.016	0.208516
1.014	0.209181
1.012	0.209846
1.01	0.210513
1.008	0.211181
1.006	0.211851
1.004	0.212522
1.002	0.213194
1	0.213868
0.998	0.214542
0.996	0.215218
0.994	0.215896
0.992	0.216575
0.99	0.217255
0.988	0.217936
0.986	0.218618
0.984	0.219302
0.982	0.219987
0.98	0.220674
0.978	0.221361
0.976	0.22205
0.974	0.22274
0.972	0.223432
0.97	0.224124
0.968	0.224818
0.966	0.225513
0.964	0.22621
0.962	0.226908
0.96	0.227607
0.958	0.228307
0.956	0.229008
0.954	0.229711
0.952	0.230415
0.95	0.23112
0.948	0.231826
0.946	0.232533
0.944	0.233242
0.942	0.233952
0.94	0.234663
0.938	0.235375
0.936	0.236089
0.934	0.236804
0.932	0.23752
0.93	0.238237
0.928	0.238955
0.926	0.239674
0.924	0.240395
0.922	0.241117
0.92	0.24184
0.918	0.242564
0.916	0.243289
0.914	0.244015
0.912	0.244743
0.91	0.245472
0.908	0.246201
0.906	0.246932
0.904	0.247665
0.902	0.248398
0.9	0.249132
0.898	0.249867
0.896	0.250604
0.894	0.251342
0.892	0.25208
0.89	0.25282
0.888	0.253561
0.886	0.254303
0.884	0.255046
0.882	0.25579
0.88	0.256536
0.878	0.257282
0.876	0.258029
0.874	0.258777
0.872	0.259527
0.87	0.260277
0.868	0.261029
0.866	0.261781
0.864	0.262535
0.862	0.26329
0.86	0.264045
0.858	0.264802
0.856	0.265559
0.854	0.266318
0.852	0.267078
0.85	0.267838
0.848	0.2686
0.846	0.269362
0.844	0.270126
0.842	0.27089
0.84	0.271656
0.838	0.272422
0.836	0.27319
0.834	0.273958
0.832	0.274727
0.83	0.275497
0.828	0.276268
0.826	0.27704
0.824	0.277813
0.822	0.278587
0.82	0.279362
0.818	0.280137
0.816	0.280914
0.814	0.281691
0.812	0.282469
0.81	0.283248
0.808	0.284028
0.806	0.284809
0.804	0.285591
0.802	0.286373
0.8	0.287157
0.798	0.287941
0.796	0.288726
0.794	0.289511
0.792	0.290298
0.79	0.291085
0.788	0.291874
0.786	0.292663
0.784	0.293452
0.782	0.294243
0.78	0.295034
0.778	0.295826
0.776	0.296619
0.774	0.297412
0.772	0.298207
0.77	0.299002
0.768	0.299797
0.766	0.300594
0.764	0.301391
0.762	0.302189
0.76	0.302987
0.758	0.303786
0.756	0.304586
0.754	0.305387
0.752	0.306188
0.75	0.30699
0.748	0.307792
0.746	0.308595
0.744	0.309399
0.742	0.310203
0.74	0.311008
0.738	0.311814
0.736	0.31262
0.734	0.313426
0.732	0.314234
0.73	0.315042
0.728	0.31585
0.726	0.316659
0.724	0.317468
0.722	0.318278
0.72	0.319089
0.718	0.3199
0.716	0.320712
0.714	0.321524
0.712	0.322336
0.71	0.323149
0.708	0.323963
0.706	0.324777
0.704	0.325591
0.702	0.326406
0.7	0.327221
0.698	0.328037
0.696	0.328853
0.694	0.32967
0.692	0.330487
0.69	0.331304
0.688	0.332122
0.686	0.33294
0.684	0.333758
0.682	0.334577
0.68	0.335396
0.678	0.336215
0.676	0.337035
0.674	0.337855
0.672	0.338676
0.67	0.339496
0.668	0.340317
0.666	0.341138
0.664	0.341959
0.662	0.342781
0.66	0.343603
0.658	0.344425
0.656	0.345247
0.654	0.34607
0.652	0.346892
0.65	0.347715
0.648	0.348538
0.646	0.349361
0.644	0.350184
0.642	0.351008
0.64	0.351831
0.638	0.352655
0.636	0.353478
0.634	0.354302
0.632	0.355126
0.63	0.35595
0.628	0.356774
0.626	0.357598
0.624	0.358422
0.622	0.359246
0.62	0.36007
0.618	0.360893
0.616	0.361717
0.614	0.362541
0.612	0.363365
0.61	0.364189
0.608	0.365012
0.606	0.365836
0.604	0.366659
0.602	0.367483
0.6	0.368306
0.598	0.369129
0.596	0.369951
0.594	0.370774
0.592	0.371597
0.59	0.372419
0.588	0.373241
0.586	0.374063
0.584	0.374884
0.582	0.375705
0.58	0.376526
0.578	0.377347
0.576	0.378167
0.574	0.378987
0.572	0.379807
0.57	0.380626
0.568	0.381445
0.566	0.382264
0.564	0.383082
0.562	0.3839
0.56	0.384717
0.558	0.385534
0.556	0.386351
0.554	0.387167
0.552	0.387982
0.55	0.388797
0.548	0.389612
0.546	0.390426
0.544	0.391239
0.542	0.392052
0.54	0.392864
0.538	0.393676
0.536	0.394487
0.534	0.395297
0.532	0.396107
0.53	0.396916
0.528	0.397724
0.526	0.398532
0.524	0.399339
0.522	0.400145
0.52	0.400951
0.518	0.401755
0.516	0.402559
0.514	0.403362
0.512	0.404165
0.51	0.404966
0.508	0.405767
0.506	0.406566
0.504	0.407365
0.502	0.408163
0.5	0.40896
0.498	0.409756
0.496	0.410551
0.494	0.411345
0.492	0.412138
0.49	0.41293
0.488	0.413721
0.486	0.414511
0.484	0.4153
0.482	0.416088
0.48	0.416875
0.478	0.41766
0.476	0.418445
0.474	0.419228
0.472	0.42001
0.47	0.420791
0.468	0.421571
0.466	0.422349
0.464	0.423126
0.462	0.423902
0.46	0.424677
0.458	0.42545
0.456	0.426222
0.454	0.426993
0.452	0.427762
0.45	0.42853
0.448	0.429296
0.446	0.430061
0.444	0.430824
0.442	0.431586
0.44	0.432347
0.438	0.433106
0.436	0.433864
0.434	0.434619
0.432	0.435374
0.43	0.436127
0.428	0.436878
0.426	0.437627
0.424	0.438375
0.422	0.439121
0.42	0.439866
0.418	0.440609
0.416	0.44135
0.414	0.442089
0.412	0.442827
0.41	0.443562
0.408	0.444296
0.406	0.445028
0.404	0.445759
0.402	0.446487
0.4	0.447214
0.398	0.447938
0.396	0.448661
0.394	0.449381
0.392	0.4501
0.39	0.450817
0.388	0.451531
0.386	0.452244
0.384	0.452955
0.382	0.453663
0.38	0.45437
0.378	0.455074
0.376	0.455776
0.374	0.456476
0.372	0.457174
0.37	0.457869
0.368	0.458563
0.366	0.459254
0.364	0.459942
0.362	0.460629
0.36	0.461313
0.358	0.461995
0.356	0.462675
0.354	0.463352
0.352	0.464027
0.35	0.464699
0.348	0.465369
0.346	0.466037
0.344	0.466702
0.342	0.467364
0.34	0.468024
0.338	0.468682
0.336	0.469337
0.334	0.469989
0.332	0.470639
0.33	0.471286
0.328	0.47193
0.326	0.472572
0.324	0.473211
0.322	0.473848
0.32	0.474482
0.318	0.475113
0.316	0.475741
0.314	0.476366
0.312	0.476989
0.31	0.477609
0.308	0.478226
0.306	0.47884
0.304	0.479452
0.302	0.48006
0.3	0.480666
0.298	0.481268
0.296	0.481868
0.294	0.482464
0.292	0.483058
0.29	0.483649
0.288	0.484236
0.286	0.484821
0.284	0.485402
0.282	0.485981
0.28	0.486556
0.278	0.487128
0.276	0.487697
0.274	0.488263
0.272	0.488826
0.27	0.489385
0.268	0.489941
0.266	0.490494
0.264	0.491044
0.262	0.49159
0.26	0.492134
0.258	0.492673
0.256	0.49321
0.254	0.493743
0.252	0.494273
0.25	0.494799
0.248	0.495322
0.246	0.495842
0.244	0.496358
0.242	0.49687
0.24	0.49738
0.238	0.497885
0.236	0.498388
0.234	0.498886
0.232	0.499381
0.23	0.499873
0.228	0.500361
0.226	0.500845
0.224	0.501326
0.222	0.501803
0.22	0.502277
0.218	0.502746
0.216	0.503213
0.214	0.503675
0.212	0.504134
0.21	0.504589
0.208	0.50504
0.206	0.505488
0.204	0.505931
0.202	0.506371
0.2	0.506808
0.198	0.50724
0.196	0.507668
0.194	0.508093
0.192	0.508514
0.19	0.508931
0.188	0.509344
0.186	0.509753
0.184	0.510158
0.182	0.510559
0.18	0.510957
0.178	0.51135
0.176	0.51174
0.174	0.512125
0.172	0.512506
0.17	0.512884
0.168	0.513257
0.166	0.513626
0.164	0.513992
0.162	0.514353
0.16	0.51471
0.158	0.515063
0.156	0.515412
0.154	0.515756
0.152	0.516097
0.15	0.516434
0.148	0.516766
0.146	0.517094
0.144	0.517418
0.142	0.517738
0.14	0.518053
0.138	0.518365
0.136	0.518672
0.134	0.518975
0.132	0.519274
0.13	0.519568
0.128	0.519858
0.126	0.520144
0.124	0.520425
0.122	0.520703
0.12	0.520976
0.118	0.521244
0.116	0.521509
0.114	0.521769
0.112	0.522024
0.11	0.522276
0.108	0.522523
0.106	0.522765
0.104	0.523003
0.102	0.523237
0.1	0.523466
0.098	0.523691
0.096	0.523912
0.094	0.524128
0.092	0.52434
0.09	0.524547
0.088	0.52475
0.086	0.524948
0.084	0.525142
0.082	0.525331
0.08	0.525516
0.078	0.525697
0.076	0.525873
0.074	0.526044
0.072	0.526211
0.07	0.526374
0.068	0.526532
0.066	0.526685
0.064	0.526834
0.062	0.526979
0.06	0.527119
0.058	0.527254
0.056	0.527385
0.054	0.527511
0.052	0.527633
0.05	0.52775
0.048	0.527862
0.046	0.52797
0.044	0.528074
0.042	0.528173
0.04	0.528267
0.038	0.528357
0.036	0.528442
0.034	0.528523
0.032	0.528599
0.03	0.52867
0.028	0.528737
0.026	0.528799
0.024	0.528857
0.022	0.52891
0.02	0.528958
0.018	0.529002
0.016	0.529041
0.014	0.529075
0.012	0.529105
0.01	0.529131
0.008	0.529152
0.006	0.529168
0.004	0.529179
0.002	0.529186
0	0.529188
-0.002	0.529186
-0.004	0.529179
-0.006	0.529168
-0.008	0.529152
-0.01	0.529131
-0.012	0.529105
-0.014	0.529075
-0.016	0.529041
-0.018	0.529002
-0.02	0.528958
-0.022	0.52891
-0.024	0.528857
-0.026	0.528799
-0.028	0.528737
-0.03	0.52867
-0.032	0.528599
-0.034	0.528523
-0.036	0.528442
-0.038	0.528357
-0.04	0.528267
-0.042	0.528173
-0.044	0.528074
-0.046	0.52797
-0.048	0.527862
-0.05	0.52775
-0.052	0.527633
-0.054	0.527511
-0.056	0.527385
-0.058	0.527254
-0.06	0.527119
-0.062	0.526979
-0.064	0.526834
-0.066	0.526685
-0.068	0.526532
-0.07	0.526374
-0.072	0.526211
-0.074	0.526044
-0.076	0.525873
-0.078	0.525697
-0.08	0.525516
-0.082	0.525331
-0.084	0.525142
-0.086	0.524948
-0.088	0.52475
-0.09	0.524547
-0.092	0.52434
-0.094	0.524128
-0.096	0.523912
-0.098	0.523691
-0.1	0.523466
-0.102	0.523237
-0.104	0.523003
-0.106	0.522765
-0.108	0.522523
-0.11	0.522276
-0.112	0.522024
-0.114	0.521769
-0.116	0.521509
-0.118	0.521244
-0.12	0.520976
-0.122	0.520703
-0.124	0.520425
-0.126	0.520144
-0.128	0.519858
-0.13	0.519568
-0.132	0.519274
-0.134	0.518975
-0.136	0.518672
-0.138	0.518365
-0.14	0.518053
-0.142	0.517738
-0.144	0.517418
-0.146	0.517094
-0.148	0.516766
-0.15	0.516434
-0.152	0.516097
-0.154	0.515756
-0.156	0.515412
-0.158	0.515063
-0.16	0.51471
-0.162	0.514353
-0.164	0.513992
-0.166	0.513626
-0.168	0.513257
-0.17	0.512884
-0.172	0.512506
-0.174	0.512125
-0.176	0.51174
-0.178	0.51135
-0.18	0.510957
-0.182	0.510559
-0.184	0.510158
-0.186	0.509753
-0.188	0.509344
-0.19	0.508931
-0.192	0.508514
-0.194	0.508093
-0.196	0.507668
-0.198	0.50724
-0.2	0.506808
-0.202	0.506371
-0.204	0.505931
-0.206	0.505488
-0.208	0.50504
-0.21	0.504589
-0.212	0.504134
-0.214	0.503675
-0.216	0.503213
-0.218	0.502746
-0.22	0.502277
-0.222	0.501803
-0.224	0.501326
-0.226	0.500845
-0.228	0.500361
-0.23	0.499873
-0.232	0.499381
-0.234	0.498886
-0.236	0.498388
-0.238	0.497885
-0.24	0.49738
-0.242	0.49687
-0.244	0.496358
-0.246	0.495842
-0.248	0.495322
-0.25	0.494799
-0.252	0.494273
-0.254	0.493743
-0.256	0.49321
-0.258	0.492673
-0.26	0.492134
-0.262	0.49159
-0.264	0.491044
-0.266	0.490494
-0.268	0.489941
-0.27	0.489385
-0.272	0.488826
-0.274	0.488263
-0.276	0.487697
-0.278	0.487128
-0.28	0.486556
-0.282	0.485981
-0.284	0.485402
-0.286	0.484821
-0.288	0.484236
-0.29	0.483649
-0.292	0.483058
-0.294	0.482464
-0.296	0.481868
-0.298	0.481268
-0.3	0.480666
-0.302	0.48006
-0.304	0.479452
-0.306	0.47884
-0.308	0.478226
-0.31	0.477609
-0.312	0.476989
-0.314	0.476366
-0.316	0.475741
-0.318	0.475113
-0.32	0.474482
-0.322	0.473848
-0.324	0.473211
-0.326	0.472572
-0.328	0.47193
-0.33	0.471286
-0.332	0.470639
-0.334	0.469989
-0.336	0.469337
-0.338	0.468682
-0.34	0.468024
-0.342	0.467364
-0.344	0.466702
-0.346	0.466037
-0.348	0.465369
-0.35	0.464699
-0.352	0.464027
-0.354	0.463352
-0.356	0.462675
-0.358	0.461995
-0.36	0.461313
-0.362	0.460629
-0.364	0.459942
-0.366	0.459254
-0.368	0.458563
-0.37	0.457869
-0.372	0.457174
-0.374	0.456476
-0.376	0.455776
-0.378	0.455074
-0.38	0.45437
-0.382	0.453663
-0.384	0.452955
-0.386	0.452244
-0.388	0.451531
-0.39	0.450817
-0.392	0.4501
-0.394	0.449381
-0.396	0.448661
-0.398	0.447938
-0.4	0.447214
-0.402	0.446487
-0.404	0.445759
-0.406	0.445028
-0.408	0.444296
-0.41	0.443562
-0.412	0.442827
-0.414	0.442089
-0.416	0.44135
-0.418	0.440609
-0.42	0.439866
-0.422	0.439121
-0.424	0.438375
-0.426	0.437627
-0.428	0.436878
-0.43	0.436127
-0.432	0.435374
-0.434	0.434619
-0.436	0.433864
-0.438	0.433106
-0.44	0.432347
-0.442	0.431586
-0.444	0.430824
-0.446	0.430061
-0.448	0.429296
-0.45	0.42853
-0.452	0.427762
-0.454	0.426993
-0.456	0.426222
-0.458	0.42545
-0.46	0.424677
-0.462	0.423902
-0.464	0.423126
-0.466	0.422349
-0.468	0.421571
-0.47	0.420791
-0.472	0.42001
-0.474	0.419228
-0.476	0.418445
-0.478	0.41766
-0.48	0.416875
-0.482	0.416088
-0.484	0.4153
-0.486	0.414511
-0.488	0.413721
-0.49	0.41293
-0.492	0.412138
-0.494	0.411345
-0.496	0.410551
-0.498	0.409756
-0.5	0.40896
-0.502	0.408163
-0.504	0.407365
-0.506	0.406566
-0.508	0.405767
-0.51	0.404966
-0.512	0.404165
-0.514	0.403362
-0.516	0.402559
-0.518	0.401755
-0.52	0.400951
-0.522	0.400145
-0.524	0.399339
-0.526	0.398532
-0.528	0.397724
-0.53	0.396916
-0.532	0.396107
-0.534	0.395297
-0.536	0.394487
-0.538	0.393676
-0.54	0.392864
-0.542	0.392052
-0.544	0.391239
-0.546	0.390426
-0.548	0.389612
-0.55	0.388797
-0.552	0.387982
-0.554	0.387167
-0.556	0.386351
-0.558	0.385534
-0.56	0.384717
-0.562	0.3839
-0.564	0.383082
-0.566	0.382264
-0.568	0.381445
-0.57	0.380626
-0.572	0.379807
-0.574	0.378987
-0.576	0.378167
-0.578	0.377347
-0.58	0.376526
-0.582	0.375705
-0.584	0.374884
-0.586	0.374063
-0.588	0.373241
-0.59	0.372419
-0.592	0.371597
-0.594	0.370774
-0.596	0.369951
-0.598	0.369129
-0.6	0.368306
-0.602	0.367483
-0.604	0.366659
-0.606	0.365836
-0.608	0.365012
-0.61	0.364189
-0.612	0.363365
-0.614	0.362541
-0.616	0.361717
-0.618	0.360893
-0.62	0.36007
-0.622	0.359246
-0.624	0.358422
-0.626	0.357598
-0.628	0.356774
-0.63	0.35595
-0.632	0.355126
-0.634	0.354302
-0.636	0.353478
-0.638	0.352655
-0.64	0.351831
-0.642	0.351008
-0.644	0.350184
-0.646	0.349361
-0.648	0.348538
-0.65	0.347715
-0.652	0.346892
-0.654	0.34607
-0.656	0.345247
-0.658	0.344425
-0.66	0.343603
-0.662	0.342781
-0.664	0.341959
-0.666	0.341138
-0.668	0.340317
-0.67	0.339496
-0.672	0.338676
-0.674	0.337855
-0.676	0.337035
-0.678	0.336215
-0.68	0.335396
-0.682	0.334577
-0.684	0.333758
-0.686	0.33294
-0.688	0.332122
-0.69	0.331304
-0.692	0.330487
-0.694	0.32967
-0.696	0.328853
-0.698	0.328037
-0.7	0.327221
-0.702	0.326406
-0.704	0.325591
-0.706	0.324777
-0.708	0.323963
-0.71	0.323149
-0.712	0.322336
-0.714	0.321524
-0.716	0.320712
-0.718	0.3199
-0.72	0.319089
-0.722	0.318278
-0.724	0.317468
-0.726	0.316659
-0.728	0.31585
-0.73	0.315042
-0.732	0.314234
-0.734	0.313426
-0.736	0.31262
-0.738	0.311814
-0.74	0.311008
-0.742	0.310203
-0.744	0.309399
-0.746	0.308595
-0.748	0.307792
-0.75	0.30699
-0.752	0.306188
-0.754	0.305387
-0.756	0.304586
-0.758	0.303786
-0.76	0.302987
-0.762	0.302189
-0.764	0.301391
-0.766	0.300594
-0.768	0.299797
-0.77	0.299002
-0.772	0.298207
-0.774	0.297412
-0.776	0.296619
-0.778	0.295826
-0.78	0.295034
-0.782	0.294243
-0.784	0.293452
-0.786	0.292663
-0.788	0.291874
-0.79	0.291085
-0.792	0.290298
-0.794	0.289511
-0.796	0.288726
-0.798	0.287941
-0.8	0.287157
-0.802	0.286373
-0.804	0.285591
-0.806	0.284809
-0.808	0.284028
-0.81	0.283248
-0.812	0.282469
-0.814	0.281691
-0.816	0.280914
-0.818	0.280137
-0.82	0.279362
-0.822	0.278587
-0.824	0.277813
-0.826	0.27704
-0.828	0.276268
-0.83	0.275497
-0.832	0.274727
-0.834	0.273958
-0.836	0.27319
-0.838	0.272422
-0.84	0.271656
-0.842	0.27089
-0.844	0.270126
-0.846	0.269362
-0.848	0.2686
-0.85	0.267838
-0.852	0.267078
-0.854	0.266318
-0.856	0.265559
-0.858	0.264802
-0.86	0.264045
-0.862	0.26329
-0.864	0.262535
-0.866	0.261781
-0.868	0.261029
-0.87	0.260277
-0.872	0.259527
-0.874	0.258777
-0.876	0.258029
-0.878	0.257282
-0.88	0.256536
-0.882	0.25579
-0.884	0.255046
-0.886	0.254303
-0.888	0.253561
-0.89	0.25282
-0.892	0.25208
-0.894	0.251342
-0.896	0.250604
-0.898	0.249867
-0.9	0.249132
-0.902	0.248398
-0.904	0.247665
-0.906	0.246932
-0.908	0.246201
-0.91	0.245472
-0.912	0.244743
-0.914	0.244015
-0.916	0.243289
-0.918	0.242564
-0.92	0.24184
-0.922	0.241117
-0.924	0.240395
-0.926	0.239674
-0.928	0.238955
-0.93	0.238237
-0.932	0.23752
-0.934	0.236804
-0.936	0.236089
-0.938	0.235375
-0.94	0.234663
-0.942	0.233952
-0.944	0.233242
-0.946	0.232533
-0.948	0.231826
-0.95	0.23112
-0.952	0.230415
-0.954	0.229711
-0.956	0.229008
-0.958	0.228307
-0.96	0.227607
-0.962	0.226908
-0.964	0.22621
-0.966	0.225513
-0.968	0.224818
-0.97	0.224124
-0.972	0.223432
-0.974	0.22274
-0.976	0.22205
-0.978	0.221361
-0.98	0.220674
-0.982	0.219987
-0.984	0.219302
-0.986	0.218618
-0.988	0.217936
-0.99	0.217255
-0.992	0.216575
-0.994	0.215896
-0.996	0.215218
-0.998	0.214542
-1	0.213868
-1.002	0.213194
-1.004	0.212522
-1.006	0.211851
-1.008	0.211181
-1.01	0.210513
-1.012	0.209846
-1.014	0.209181
-1.016	0.208516
-1.018	0.207853
-1.02	0.207192
-1.022	0.206531
-1.024	0.205872
-1.026	0.205214
-1.028	0.204558
-1.03	0.203903
-1.032	0.203249
-1.034	0.202597
-1.036	0.201946
-1.038	0.201296
-1.04	0.200648
-1.042	0.200001
-1.044	0.199355
-1.046	0.198711
-1.048	0.198068
-1.05	0.197426
-1.052	0.196786
-1.054	0.196147
-1.056	0.19551
-1.058	0.194874
-1.06	0.194239
-1.062	0.193605
-1.064	0.192973
-1.066	0.192342
-1.068	0.191713
-1.07	0.191085
-1.072	0.190458
-1.074	0.189833
-1.076	0.189209
-1.078	0.188587
-1.08	0.187966
-1.082	0.187346
-1.084	0.186727
-1.086	0.18611
-1.088	0.185495
-1.09	0.18488
-1.092	0.184267
-1.094	0.183656
-1.096	0.183046
-1.098	0.182437
-1.1	0.181829
-1.102	0.181223
-1.104	0.180618
-1.106	0.180015
-1.108	0.179413
-1.11	0.178813
-1.112	0.178214
-1.114	0.177616
-1.116	0.177019
-1.118	0.176424
-1.12	0.175831
-1.122	0.175238
-1.124	0.174647
-1.126	0.174058
-1.128	0.17347
-1.13	0.172883
-1.132	0.172297
-1.134	0.171713
-1.136	0.171131
-1.138	0.170549
-1.14	0.16997
-1.142	0.169391
-1.144	0.168814
-1.146	0.168238
-1.148	0.167664
-1.15	0.167091
-1.152	0.166519
-1.154	0.165949
-1.156	0.16538
-1.158	0.164812
-1.16	0.164246
-1.162	0.163681
-1.164	0.163118
-1.166	0.162555
-1.168	0.161995
-1.17	0.161435
-1.172	0.160877
-1.174	0.160321
-1.176	0.159765
-1.178	0.159211
-1.18	0.158659
-1.182	0.158108
-1.184	0.157558
-1.186	0.157009
-1.188	0.156462
-1.19	0.155916
-1.192	0.155372
-1.194	0.154828
-1.196	0.154287
-1.198	0.153746
-1.2	0.153207
-1.202	0.152669
-1.204	0.152133
-1.206	0.151598
-1.208	0.151064
-1.21	0.150531
-1.212	0.15
-1.214	0.14947
-1.216	0.148942
-1.218	0.148415
-1.22	0.147889
-1.222	0.147364
-1.224	0.146841
-1.226	0.146319
-1.228	0.145799
-1.23	0.145279
-1.232	0.144761
-1.234	0.144245
-1.236	0.143729
-1.238	0.143215
-1.24	0.142703
-1.242	0.142191
-1.244	0.141681
-1.246	0.141172
-1.248	0.140665
-1.25	0.140158
-1.252	0.139653
-1.254	0.13915
-1.256	0.138647
-1.258	0.138146
-1.26	0.137646
-1.262	0.137147
-1.264	0.13665
-1.266	0.136154
-1.268	0.135659
-1.27	0.135166
-1.272	0.134673
-1.274	0.134182
-1.276	0.133692
-1.278	0.133204
-1.28	0.132716
-1.282	0.13223
-1.284	0.131746
-1.286	0.131262
-1.288	0.13078
-1.29	0.130299
-1.292	0.129819
-1.294	0.12934
-1.296	0.128863
-1.298	0.128386
-1.3	0.127911
-1.302	0.127438
-1.304	0.126965
-1.306	0.126494
-1.308	0.126024
-1.31	0.125555
-1.312	0.125087
-1.314	0.124621
-1.316	0.124155
-1.318	0.123691
-1.32	0.123228
-1.322	0.122766
-1.324	0.122306
-1.326	0.121846
-1.328	0.121388
-1.33	0.120931
-1.332	0.120475
-1.334	0.120021
-1.336	0.119567
-1.338	0.119115
-1.34	0.118664
-1.342	0.118214
-1.344	0.117765
-1.346	0.117317
-1.348	0.11687
-1.35	0.116425
-1.352	0.115981
-1.354	0.115538
-1.356	0.115096
-1.358	0.114655
-1.36	0.114215
-1.362	0.113776
-1.364	0.113339
-1.366	0.112903
-1.368	0.112467
-1.37	0.112033
-1.372	0.1116
-1.374	0.111168
-1.376	0.110738
-1.378	0.110308
-1.38	0.109879
-1.382	0.109452
-1.384	0.109026
-1.386	0.1086
-1.388	0.108176
-1.39	0.107753
-1.392	0.107331
-1.394	0.10691
-1.396	0.10649
-1.398	0.106072
-1.4	0.105654
-1.402	0.105237
-1.404	0.104822
-1.406	0.104407
-1.408	0.103994
-1.41	0.103582
-1.412	0.10317
-1.414	0.10276
-1.416	0.102351
-1.418	0.101943
-1.42	0.101536
-1.422	0.10113
-1.424	0.100725
-1.426	0.100321
-1.428	0.0999183
-1.43	0.0995165
-1.432	0.0991157
-1.434	0.0987159
-1.436	0.0983172
-1.438	0.0979195
-1.44	0.0975228
-1.442	0.0971272
-1.444	0.0967326
-1.446	0.096339
-1.448	0.0959464
-1.45	0.0955548
-1.452	0.0951642
-1.454	0.0947747
-1.456	0.0943862
-1.458	0.0939986
-1.46	0.0936121
-1.462	0.0932266
-1.464	0.092842
-1.466	0.0924585
-1.468	0.092076
-1.47	0.0916944
-1.472	0.0913139
-1.474	0.0909343
-1.476	0.0905558
-1.478	0.0901782
-1.48	0.0898016
-1.482	0.0894259
-1.484	0.0890513
-1.486	0.0886776
-1.488	0.088305
-1.49	0.0879332
-1.492	0.0875625
-1.494	0.0871927
-1.496	0.0868239
-1.498	0.0864561
-1.5	0.0860892
-1.502	0.0857233
-1.504	0.0853584
-1.506	0.0849944
-1.508	0.0846314
-1.51	0.0842693
-1.512	0.0839082
-1.514	0.0835481
-1.516	0.0831889
-1.518	0.0828307
-1.52	0.0824734
-1.522	0.082117
-1.524	0.0817616
-1.526	0.0814072
-1.528	0.0810536
-1.53	0.0807011
-1.532	0.0803495
-1.534	0.0799988
-1.536	0.079649
-1.538	0.0793002
-1.54	0.0789524
-1.542	0.0786054
-1.544	0.0782594
-1.546	0.0779144
-1.548	0.0775702
-1.55	0.077227
-1.552	0.0768847
-1.554	0.0765434
-1.556	0.076203
-1.558	0.0758635
-1.56	0.0755249
-1.562	0.0751873
-1.564	0.0748506
-1.566	0.0745148
-1.568	0.0741799
-1.57	0.0738459
-1.572	0.0735129
-1.574	0.0731808
-1.576	0.0728496
-1.578	0.0725193
-1.58	0.0721899
-1.582	0.0718615
-1.584	0.071534
-1.586	0.0712073
-1.588	0.0708816
-1.59	0.0705568
-1.592	0.070233
-1.594	0.06991
-1.596	0.0695879
-1.598	0.0692668
-1.6	0.0689465
-1.602	0.0686272
-1.604	0.0683088
-1.606	0.0679913
-1.608	0.0676747
-1.61	0.067359
-1.612	0.0670442
-1.614	0.0667303
-1.616	0.0664173
-1.618	0.0661052
-1.62	0.065794
-1.622	0.0654837
-1.624	0.0651743
-1.626	0.0648659
-1.628	0.0645583
-1.63	0.0642516
-1.632	0.0639459
-1.634	0.063641
-1.636	0.063337
-1.638	0.0630339
-1.64	0.0627318
-1.642	0.0624305
-1.644	0.0621301
-1.646	0.0618306
-1.648	0.0615321
-1.65	0.0612344
-1.652	0.0609376
-1.654	0.0606417
-1.656	0.0603467
-1.658	0.0600526
-1.66	0.0597594
-1.662	0.0594671
-1.664	0.0591757
-1.666	0.0588852
-1.668	0.0585956
-1.67	0.0583069
-1.672	0.058019
-1.674	0.0577321
-1.676	0.0574461
-1.678	0.0571609
-1.68	0.0568767
-1.682	0.0565933
-1.684	0.0563109
-1.686	0.0560293
-1.688	0.0557486
-1.69	0.0554688
-1.692	0.0551899
-1.694	0.0549119
-1.696	0.0546348
-1.698	0.0543586
-1.7	0.0540833
-1.702	0.0538088
-1.704	0.0535353
-1.706	0.0532626
-1.708	0.0529909
-1.71	0.05272
-1.712	0.05245
-1.714	0.0521809
-1.716	0.0519127
-1.718	0.0516454
-1.72	0.051379
-1.722	0.0511135
-1.724	0.0508488
-1.726	0.0505851
-1.728	0.0503222
-1.73	0.0500603
-1.732	0.0497992
-1.734	0.049539
-1.736	0.0492797
-1.738	0.0490213
-1.74	0.0487637
-1.742	0.0485071
-1.744	0.0482513
-1.746	0.0479965
-1.748	0.0477425
-1.75	0.0474894
-1.752	0.0472372
-1.754	0.0469859
-1.756	0.0467355
-1.758	0.0464859
-1.76	0.0462373
-1.762	0.0459895
-1.764	0.0457426
-1.766	0.0454966
-1.768	0.0452515
-1.77	0.0450072
-1.772	0.0447639
-1.774	0.0445214
-1.776	0.0442798
-1.778	0.0440391
-1.78	0.0437993
-1.782	0.0435604
-1.784	0.0433223
-1.786	0.0430852
-1.788	0.0428489
-1.79	0.0426135
-1.792	0.0423789
-1.794	0.0421453
-1.796	0.0419125
-1.798	0.0416806
-1.8	0.0414496
-1.802	0.0412195
-1.804	0.0409902
-1.806	0.0407618
-1.808	0.0405343
-1.81	0.0403077
-1.812	0.040082
-1.814	0.0398571
-1.816	0.0396331
-1.818	0.03941
-1.82	0.0391877
-1.822	0.0389663
-1.824	0.0387458
-1.826	0.0385262
-1.828	0.0383074
-1.83	0.0380895
-1.832	0.0378725
-1.834	0.0376564
-1.836	0.0374411
-1.838	0.0372267
-1.84	0.0370131
-1.842	0.0368004
-1.844	0.0365886
-1.846	0.0363777
-1.848	0.0361676
-1.85	0.0359584
-1.852	0.03575
-1.854	0.0355425
-1.856	0.0353359
-1.858	0.0351301
-1.86	0.0349252
-1.862	0.0347211
-1.864	0.0345179
-1.866	0.0343156
-1.868	0.0341141
-1.87	0.0339135
-1.872	0.0337137
-1.874	0.0335148
-1.876	0.0333167
-1.878	0.0331195
-1.88	0.0329231
-1.882	0.0327276
-1.884	0.0325329
-1.886	0.0323391
-1.888	0.0321461
-1.89	0.031954
-1.892	0.0317627
-1.894	0.0315722
-1.896	0.0313826
-1.898	0.0311938
-1.9	0.0310059
-1.902	0.0308188
-1.904	0.0306325
-1.906	0.0304471
-1.908	0.0302625
-1.91	0.0300788
-1.912	0.0298959
-1.914	0.0297138
-1.916	0.0295325
-1.918	0.0293521
-1.92	0.0291725
-1.922	0.0289937
-1.924	0.0288157
-1.926	0.0286386
-1.928	0.0284623
-1.93	0.0282868
-1.932	0.0281121
-1.934	0.0279382
-1.936	0.0277652
-1.938	0.027593
-1.94	0.0274215
-1.942	0.0272509
-1.944	0.0270811
-1.946	0.0269121
-1.948	0.0267439
-1.95	0.0265766
-1.952	0.02641
-1.954	0.0262442
-1.956	0.0260792
-1.958	0.025915
-1.96	0.0257517
-1.962	0.0255891
-1.964	0.0254273
-1.966	0.0252663
-1.968	0.025106
-1.97	0.0249466
-1.972	0.024788
-1.974	0.0246301
-1.976	0.024473
-1.978	0.0243167
-1.98	0.0241612
-1.982	0.0240065
-1.984	0.0238525
-1.986	0.0236993
-1.988	0.0235469
-1.99	0.0233953
-1.992	0.0232444
-1.994	0.0230943
-1.996	0.0229449
-1.998	0.0227963
-2	0.0226485
-2.002	0.0225014
-2.004	0.0223551
-2.006	0.0222096
-2.008	0.0220648
-2.01	0.0219207
-2.012	0.0217774
-2.014	0.0216348
-2.016	0.021493
-2.018	0.021352
-2.02	0.0212116
-2.022	0.021072
-2.024	0.0209332
-2.026	0.020795
-2.028	0.0206576
-2.03	0.020521
-2.032	0.020385
-2.034	0.0202498
-2.036	0.0201153
-2.038	0.0199816
-2.04	0.0198485
-2.042	0.0197162
-2.044	0.0195846
-2.046	0.0194537
-2.048	0.0193235
-2.05	0.019194
-2.052	0.0190652
-2.054	0.0189371
-2.056	0.0188097
-2.058	0.0186831
-2.06	0.0185571
-2.062	0.0184318
-2.064	0.0183072
-2.066	0.0181833
-2.068	0.0180601
-2.07	0.0179375
-2.072	0.0178157
-2.074	0.0176945
-2.076	0.017574
-2.078	0.0174542
-2.08	0.0173351
-2.082	0.0172166
-2.084	0.0170988
-2.086	0.0169817
-2.088	0.0168652
-2.09	0.0167494
-2.092	0.0166342
-2.094	0.0165197
-2.096	0.0164059
-2.098	0.0162927
-2.1	0.0161802
-2.102	0.0160683
-2.104	0.015957
-2.106	0.0158464
-2.108	0.0157365
-2.11	0.0156272
-2.112	0.0155185
-2.114	0.0154104
-2.116	0.015303
-2.118	0.0151962
-2.12	0.01509
-2.122	0.0149845
-2.124	0.0148795
-2.126	0.0147752
-2.128	0.0146715
-2.13	0.0145684
-2.132	0.014466
-2.134	0.0143641
-2.136	0.0142628
-2.138	0.0141622
-2.14	0.0140621
-2.142	0.0139627
-2.144	0.0138638
-2.146	0.0137655
-2.148	0.0136678
-2.15	0.0135707
-2.152	0.0134742
-2.154	0.0133783
-2.156	0.013283
-2.158	0.0131882
-2.16	0.013094
-2.162	0.0130004
-2.164	0.0129074
-2.166	0.0128149
-2.168	0.012723
-2.17	0.0126316
-2.172	0.0125408
-2.174	0.0124506
-2.176	0.0123609
-2.178	0.0122718
-2.18	0.0121832
-2.182	0.0120952
-2.184	0.0120077
-2.186	0.0119208
-2.188	0.0118344
-2.19	0.0117485
-2.192	0.0116632
-2.194	0.0115784
-2.196	0.0114942
-2.198	0.0114105
-2.2	0.0113272
-2.202	0.0112446
-2.204	0.0111624
-2.206	0.0110808
-2.208	0.0109996
-2.21	0.010919
-2.212	0.0108389
-2.214	0.0107593
-2.216	0.0106802
-2.218	0.0106017
-2.22	0.0105236
-2.222	0.010446
-2.224	0.0103689
-2.226	0.0102923
-2.228	0.0102162
-2.23	0.0101406
-2.232	0.0100654
-2.234	0.00999079
-2.236	0.00991662
-2.238	0.00984293
-2.24	0.00976972
-2.242	0.00969698
-2.244	0.00962471
-2.246	0.00955291
-2.248	0.00948158
-2.25	0.00941072
-2.252	0.00934031
-2.254	0.00927037
-2.256	0.00920088
-2.258	0.00913184
-2.26	0.00906326
-2.262	0.00899513
-2.264	0.00892745
-2.266	0.00886021
-2.268	0.00879341
-2.27	0.00872706
-2.272	0.00866114
-2.274	0.00859566
-2.276	0.00853061
-2.278	0.00846599
-2.28	0.00840181
-2.282	0.00833804
-2.284	0.00827471
-2.286	0.00821179
-2.288	0.0081493
-2.29	0.00808722
-2.292	0.00802556
-2.294	0.00796431
-2.296	0.00790347
-2.298	0.00784303
-2.3	0.00778301
-2.302	0.00772339
-2.304	0.00766417
-2.306	0.00760535
-2.308	0.00754692
-2.31	0.00748889
-2.312	0.00743126
-2.314	0.00737401
-2.316	0.00731715
-2.318	0.00726068
-2.32	0.00720459
-2.322	0.00714889
-2.324	0.00709356
-2.326	0.00703861
-2.328	0.00698404
-2.33	0.00692984
-2.332	0.00687601
-2.334	0.00682254
-2.336	0.00676945
-2.338	0.00671672
-2.34	0.00666435
-2.342	0.00661234
-2.344	0.00656069
-2.346	0.0065094
-2.348	0.00645846
-2.35	0.00640787
-2.352	0.00635764
-2.354	0.00630775
-2.356	0.0062582
-2.358	0.006209
-2.36	0.00616014
-2.362	0.00611163
-2.364	0.00606345
-2.366	0.0060156
-2.368	0.00596809
-2.37	0.00592091
-2.372	0.00587406
-2.374	0.00582754
-2.376	0.00578134
-2.378	0.00573547
-2.38	0.00568992
-2.382	0.00564469
-2.384	0.00559978
-2.386	0.00555518
-2.388	0.0055109
-2.39	0.00546693
-2.392	0.00542327
-2.394	0.00537992
-2.396	0.00533688
-2.398	0.00529414
-2.4	0.0052517
-2.402	0.00520957
-2.404	0.00516773
-2.406	0.0051262
-2.408	0.00508495
-2.41	0.00504401
-2.412	0.00500335
-2.414	0.00496298
-2.416	0.0049229
-2.418	0.00488311
-2.42	0.00484361
-2.422	0.00480438
-2.424	0.00476544
-2.426	0.00472678
-2.428	0.00468839
-2.43	0.00465028
-2.432	0.00461245
-2.434	0.00457488
-2.436	0.00453759
-2.438	0.00450057
-2.44	0.00446382
-2.442	0.00442733
-2.444	0.0043911
-2.446	0.00435514
-2.448	0.00431944
-2.45	0.004284
-2.452	0.00424881
-2.454	0.00421388
-2.456	0.00417921
-2.458	0.00414479
-2.46	0.00411062
-2.462	0.0040767
-2.464	0.00404302
-2.466	0.0040096
-2.468	0.00397641
-2.47	0.00394347
-2.472	0.00391078
-2.474	0.00387832
-2.476	0.0038461
-2.478	0.00381412
-2.48	0.00378237
-2.482	0.00375086
-2.484	0.00371958
-2.486	0.00368853
-2.488	0.00365771
-2.49	0.00362712
-2.492	0.00359675
-2.494	0.00356661
-2.496	0.00353669
-2.498	0.003507
-2.5	0.00347752
-2.502	0.00344827
-2.504	0.00341923
-2.506	0.00339041
-2.508	0.0033618
-2.51	0.00333341
-2.512	0.00330523
-2.514	0.00327726
-2.516	0.0032495
-2.518	0.00322195
-2.52	0.0031946
-2.522	0.00316746
-2.524	0.00314053
-2.526	0.00311379
-2.528	0.00308726
-2.53	0.00306093
-2.532	0.00303479
-2.534	0.00300886
-2.536	0.00298312
-2.538	0.00295757
-2.54	0.00293222
-2.542	0.00290706
-2.544	0.00288209
-2.546	0.00285731
-2.548	0.00283272
-2.55	0.00280831
-2.552	0.00278409
-2.554	0.00276006
-2.556	0.00273621
-2.558	0.00271254
-2.56	0.00268905
-2.562	0.00266574
-2.564	0.00264261
-2.566	0.00261966
-2.568	0.00259688
-2.57	0.00257428
-2.572	0.00255185
-2.574	0.00252959
-2.576	0.00250751
-2.578	0.0024856
-2.58	0.00246385
-2.582	0.00244228
-2.584	0.00242087
-2.586	0.00239962
-2.588	0.00237854
-2.59	0.00235763
-2.592	0.00233687
-2.594	0.00231628
-2.596	0.00229585
-2.598	0.00227557
-2.6	0.00225546
-2.602	0.0022355
-2.604	0.0022157
-2.606	0.00219605
-2.608	0.00217655
-2.61	0.00215721
-2.612	0.00213802
-2.614	0.00211898
-2.616	0.00210009
-2.618	0.00208135
-2.62	0.00206276
-2.622	0.00204431
-2.624	0.00202601
-2.626	0.00200785
-2.628	0.00198984
-2.63	0.00197197
-2.632	0.00195424
-2.634	0.00193665
-2.636	0.0019192
-2.638	0.00190189
-2.64	0.00188472
-2.642	0.00186768
-2.644	0.00185078
-2.646	0.00183401
-2.648	0.00181738
-2.65	0.00180088
-2.652	0.00178451
-2.654	0.00176828
-2.656	0.00175217
-2.658	0.0017362
-2.66	0.00172035
-2.662	0.00170463
-2.664	0.00168903
-2.666	0.00167357
-2.668	0.00165822
-2.67	0.001643
-2.672	0.00162791
-2.674	0.00161293
-2.676	0.00159808
-2.678	0.00158335
-2.68	0.00156874
-2.682	0.00155424
-2.684	0.00153987
-2.686	0.00152561
-2.688	0.00151147
-2.69	0.00149744
-2.692	0.00148353
-2.694	0.00146973
-2.696	0.00145605
-2.698	0.00144247
-2.7	0.00142901
-2.702	0.00141566
-2.704	0.00140242
-2.706	0.00138929
-2.708	0.00137627
-2.71	0.00136335
-2.712	0.00135054
-2.714	0.00133784
-2.716	0.00132525
-2.718	0.00131275
-2.72	0.00130036
-2.722	0.00128808
-2.724	0.00127589
-2.726	0.00126381
-2.728	0.00125183
-2.73	0.00123995
-2.732	0.00122817
-2.734	0.00121649
-2.736	0.0012049
-2.738	0.00119341
-2.74	0.00118202
-2.742	0.00117073
-2.744	0.00115953
-2.746	0.00114842
-2.748	0.00113741
-2.75	0.00112649
-2.752	0.00111566
-2.754	0.00110493
-2.756	0.00109428
-2.758	0.00108373
-2.76	0.00107327
-2.762	0.00106289
-2.764	0.00105261
-2.766	0.00104241
-2.768	0.0010323
-2.77	0.00102227
-2.772	0.00101233
-2.774	0.00100248
-2.776	0.000992713
-2.778	0.000983028
-2.78	0.000973426
-2.782	0.000963908
-2.784	0.000954471
-2.786	0.000945116
-2.788	0.000935842
-2.79	0.000926648
-2.792	0.000917534
-2.794	0.000908499
-2.796	0.000899543
-2.798	0.000890664
-2.8	0.000881863
-2.802	0.000873139
-2.804	0.000864491
-2.806	0.000855918
-2.808	0.000847421
-2.81	0.000838998
-2.812	0.000830649
-2.814	0.000822374
-2.816	0.000814171
-2.818	0.000806041
-2.82	0.000797982
-2.822	0.000789995
-2.824	0.000782078
-2.826	0.000774231
-2.828	0.000766454
-2.83	0.000758746
-2.832	0.000751107
-2.834	0.000743535
-2.836	0.000736031
-2.838	0.000728594
-2.84	0.000721224
-2.842	0.000713919
-2.844	0.00070668
-2.846	0.000699506
-2.848	0.000692396
-2.85	0.00068535
-2.852	0.000678368
-2.854	0.000671449
-2.856	0.000664592
-2.858	0.000657797
-2.86	0.000651064
-2.862	0.000644391
-2.864	0.000637779
-2.866	0.000631228
-2.868	0.000624736
-2.87	0.000618303
-2.872	0.000611929
-2.874	0.000605613
-2.876	0.000599354
-2.878	0.000593154
-2.88	0.00058701
-2.882	0.000580922
-2.884	0.00057489
-2.886	0.000568914
-2.888	0.000562993
-2.89	0.000557127
-2.892	0.000551315
-2.894	0.000545557
-2.896	0.000539852
-2.898	0.0005342
-2.9	0.000528601
-2.902	0.000523053
-2.904	0.000517558
-2.906	0.000512113
-2.908	0.00050672
-2.91	0.000501377
-2.912	0.000496084
-2.914	0.000490841
-2.916	0.000485647
-2.918	0.000480502
-2.92	0.000475405
-2.922	0.000470356
-2.924	0.000465355
-2.926	0.000460402
-2.928	0.000455495
-2.93	0.000450635
-2.932	0.000445821
-2.934	0.000441052
-2.936	0.000436329
-2.938	0.000431651
-2.94	0.000427018
-2.942	0.000422429
-2.944	0.000417884
-2.946	0.000413383
-2.948	0.000408924
-2.95	0.000404509
-2.952	0.000400136
-2.954	0.000395805
-2.956	0.000391516
-2.958	0.000387269
-2.96	0.000383062
-2.962	0.000378896
-2.964	0.000374771
-2.966	0.000370686
-2.968	0.00036664
-2.97	0.000362634
-2.972	0.000358667
-2.974	0.000354739
-2.976	0.000350849
-2.978	0.000346997
-2.98	0.000343183
-2.982	0.000339407
-2.984	0.000335668
-2.986	0.000331965
-2.988	0.000328299
-2.99	0.000324669
-2.992	0.000321075
-2.994	0.000317517
-2.996	0.000313994
-2.998	0.000310506
-3	0.000307052
-3.002	0.000303633
-3.004	0.000300248
-3.006	0.000296897
-3.008	0.000293579
-3.01	0.000290295
-3.012	0.000287043
-3.014	0.000283824
-3.016	0.000280638
-3.018	0.000277483
-3.02	0.000274361
-3.022	0.00027127
-3.024	0.00026821
-3.026	0.000265181
-3.028	0.000262182
-3.03	0.000259214
-3.032	0.000256277
-3.034	0.000253369
-3.036	0.000250491
-3.038	0.000247642
-3.04	0.000244822
-3.042	0.000242031
-3.044	0.000239269
-3.046	0.000236535
-3.048	0.000233829
-3.05	0.000231151
-3.052	0.000228501
-3.054	0.000225878
-3.056	0.000223282
-3.058	0.000220712
-3.06	0.00021817
-3.062	0.000215654
-3.064	0.000213163
-3.066	0.000210699
-3.068	0.000208261
-3.07	0.000205848
-3.072	0.00020346
-3.074	0.000201097
-3.076	0.000198759
-3.078	0.000196445
-3.08	0.000194156
-3.082	0.00019189
-3.084	0.000189649
-3.086	0.000187431
-3.088	0.000185236
-3.09	0.000183065
-3.092	0.000180917
-3.094	0.000178791
-3.096	0.000176688
-3.098	0.000174608
-3.1	0.000172549
-3.102	0.000170513
-3.104	0.000168498
-3.106	0.000166504
-3.108	0.000164533
-3.11	0.000162582
-3.112	0.000160652
-3.114	0.000158743
-3.116	0.000156854
-3.118	0.000154986
-3.12	0.000153137
-3.122	0.000151309
-3.124	0.000149501
-3.126	0.000147712
-3.128	0.000145942
-3.13	0.000144192
-3.132	0.000142461
-3.134	0.000140749
-3.136	0.000139055
-3.138	0.00013738
-3.14	0.000135723
-3.142	0.000134084
-3.144	0.000132463
-3.146	0.00013086
-3.148	0.000129275
-3.15	0.000127707
-3.152	0.000126156
-3.154	0.000124622
-3.156	0.000123106
-3.158	0.000121606
-3.16	0.000120123
-3.162	0.000118656
-3.164	0.000117205
-3.166	0.000115771
-3.168	0.000114352
-3.17	0.00011295
-3.172	0.000111563
-3.174	0.000110191
-3.176	0.000108835
-3.178	0.000107494
-3.18	0.000106169
-3.182	0.000104858
-3.184	0.000103561
-3.186	0.00010228
-3.188	0.000101013
-3.19	9.97599e-05
-3.192	9.85212e-05
-3.194	9.72966e-05
-3.196	9.60859e-05
-3.198	9.48889e-05
-3.2	9.37056e-05
-3.202	9.25357e-05
-3.204	9.13791e-05
-3.206	9.02358e-05
-3.208	8.91055e-05
-3.21	8.79882e-05
-3.212	8.68836e-05
-3.214	8.57918e-05
-3.216	8.47125e-05
-3.218	8.36456e-05
-3.22	8.2591e-05
-3.222	8.15485e-05
-3.224	8.05181e-05
-3.226	7.94996e-05
-3.228	7.84929e-05
-3.23	7.74979e-05
-3.232	7.65145e-05
-3.234	7.55424e-05
-3.236	7.45817e-05
-3.238	7.36322e-05
-3.24	7.26937e-05
-3.242	7.17662e-05
-3.244	7.08496e-05
-3.246	6.99437e-05
-3.248	6.90484e-05
-3.25	6.81637e-05
-3.252	6.72893e-05
-3.254	6.64253e-05
-3.256	6.55714e-05
-3.258	6.47276e-05
-3.26	6.38938e-05
-3.262	6.30698e-05
-3.264	6.22556e-05
-3.266	6.14511e-05
-3.268	6.06561e-05
-3.27	5.98706e-05
-3.272	5.90944e-05
-3.274	5.83275e-05
-3.276	5.75697e-05
-3.278	5.6821e-05
-3.28	5.60813e-05
-3.282	5.53504e-05
-3.284	5.46283e-05
-3.286	5.39148e-05
-3.288	5.321e-05
-3.29	5.25136e-05
-3.292	5.18256e-05
-3.294	5.1146e-05
-3.296	5.04745e-05
-3.298	4.98112e-05
-3.3	4.91559e-05
-3.302	4.85086e-05
-3.304	4.78691e-05
-3.306	4.72374e-05
-3.308	4.66134e-05
-3.31	4.5997e-05
-3.312	4.53882e-05
-3.314	4.47867e-05
-3.316	4.41927e-05
-3.318	4.36059e-05
-3.32	4.30263e-05
-3.322	4.24538e-05
-3.324	4.18884e-05
-3.326	4.13299e-05
-3.328	4.07783e-05
-3.33	4.02335e-05
-3.332	3.96955e-05
-3.334	3.91641e-05
-3.336	3.86393e-05
-3.338	3.8121e-05
-3.34	3.76091e-05
-3.342	3.71036e-05
-3.344	3.66044e-05
-3.346	3.61114e-05
-3.348	3.56246e-05
-3.35	3.51438e-05
-3.352	3.46691e-05
-3.354	3.42003e-05
-3.356	3.37374e-05
-3.358	3.32803e-05
-3.36	3.28289e-05
-3.362	3.23832e-05
-3.364	3.19431e-05
-3.366	3.15086e-05
-3.368	3.10796e-05
-3.37	3.06559e-05
-3.372	3.02377e-05
-3.374	2.98247e-05
-3.376	2.9417e-05
-3.378	2.90145e-05
-3.38	2.86171e-05
-3.382	2.82247e-05
-3.384	2.78373e-05
-3.386	2.74549e-05
-3.388	2.70774e-05
-3.39	2.67047e-05
-3.392	2.63368e-05
-3.394	2.59736e-05
-3.396	2.5615e-05
-3.398	2.52611e-05
-3.4	2.49117e-05
-3.402	2.45668e-05
-3.404	2.42263e-05
-3.406	2.38903e-05
-3.408	2.35586e-05
-3.41	2.32312e-05
-3.412	2.2908e-05
-3.414	2.2589e-05
-3.416	2.22742e-05
-3.418	2.19634e-05
-3.42	2.16567e-05
-3.422	2.1354e-05
-3.424	2.10552e-05
-3.426	2.07604e-05
-3.428	2.04693e-05
-3.43	2.01821e-05
-3.432	1.98987e-05
-3.434	1.9619e-05
-3.436	1.93429e-05
-3.438	1.90705e-05
-3.44	1.88017e-05
-3.442	1.85364e-05
-3.444	1.82746e-05
-3.446	1.80163e-05
-3.448	1.77613e-05
-3.45	1.75098e-05
-3.452	1.72616e-05
-3.454	1.70167e-05
-3.456	1.6775e-05
-3.458	1.65365e-05
-3.46	1.63012e-05
-3.462	1.60691e-05
-3.464	1.584e-05
-3.466	1.5614e-05
-3.468	1.5391e-05
-3.47	1.51711e-05
-3.472	1.4954e-05
-3.474	1.47399e-05
-3.476	1.45286e-05
-3.478	1.43202e-05
-3.48	1.41146e-05
-3.482	1.39117e-05
-3.484	1.37116e-05
-3.486	1.35142e-05
-3.488	1.33194e-05
-3.49	1.31273e-05
-3.492	1.29378e-05
-3.494	1.27509e-05
-3.496	1.25665e-05
-3.498	1.23846e-05
-3.5	1.22051e-05
-3.502	1.20281e-05
-3.504	1.18536e-05
-3.506	1.16814e-05
-3.508	1.15115e-05
-3.51	1.1344e-05
-3.512	1.11788e-05
-3.514	1.10158e-05
-3.516	1.08551e-05
-3.518	1.06966e-05
-3.52	1.05402e-05
-3.522	1.0386e-05
-3.524	1.0234e-05
-3.526	1.0084e-05
-3.528	9.93607e-06
-3.53	9.79021e-06
-3.532	9.64637e-06
-3.534	9.50451e-06
-3.536	9.36463e-06
-3.538	9.22668e-06
-3.54	9.09065e-06
-3.542	8.9565e-06
-3.544	8.82423e-06
-3.546	8.6938e-06
-3.548	8.56518e-06
-3.55	8.43836e-06
-3.552	8.31332e-06
-3.554	8.19002e-06
-3.556	8.06845e-06
-3.558	7.94858e-06
-3.56	7.83039e-06
-3.562	7.71386e-06
-3.564	7.59897e-06
-3.566	7.4857e-06
-3.568	7.37402e-06
-3.57	7.26391e-06
-3.572	7.15536e-06
-3.574	7.04835e-06
-3.576	6.94284e-06
-3.578	6.83883e-06
-3.58	6.7363e-06
-3.582	6.63521e-06
-3.584	6.53557e-06
-3.586	6.43733e-06
-3.588	6.3405e-06
-3.59	6.24504e-06
-3.592	6.15095e-06
-3.594	6.0582e-06
-3.596	5.96677e-06
-3.598	5.87665e-06
-3.6	5.78781e-06
-3.602	5.70025e-06
-3.604	5.61395e-06
-3.606	5.52888e-06
-3.608	5.44504e-06
-3.61	5.3624e-06
-3.612	5.28095e-06
-3.614	5.20067e-06
-3.616	5.12155e-06
-3.618	5.04357e-06
-3.62	4.96672e-06
-3.622	4.89098e-06
-3.624	4.81634e-06
-3.626	4.74278e-06
-3.628	4.67028e-06
-3.63	4.59884e-06
-3.632	4.52843e-06
-3.634	4.45905e-06
-3.636	4.39067e-06
-3.638	4.3233e-06
-3.64	4.2569e-06
-3.642	4.19148e-06
-3.644	4.12701e-06
-3.646	4.06348e-06
-3.648	4.00089e-06
-3.65	3.93921e-06
-3.652	3.87843e-06
-3.654	3.81855e-06
-3.656	3.75955e-06
-3.658	3.70141e-06
-3.66	3.64413e-06
-3.662	3.58769e-06
-3.664	3.53209e-06
-3.666	3.4773e-06
-3.668	3.42333e-06
-3.67	3.37015e-06
-3.672	3.31776e-06
-3.674	3.26615e-06
-3.676	3.2153e-06
-3.678	3.1652e-06
-3.68	3.11585e-06
-3.682	3.06724e-06
-3.684	3.01934e-06
-3.686	2.97216e-06
-3.688	2.92568e-06
-3.69	2.8799e-06
-3.692	2.8348e-06
-3.694	2.79037e-06
-3.696	2.74661e-06
-3.698	2.7035e-06
-3.7	2.66104e-06
-3.702	2.61921e-06
-3.704	2.57802e-06
-3.706	2.53744e-06
-3.708	2.49747e-06
-3.71	2.4581e-06
-3.712	2.41933e-06
-3.714	2.38114e-06
-3.716	2.34352e-06
-3.718	2.30648e-06
-3.72	2.26999e-06
-3.722	2.23406e-06
-3.724	2.19867e-06
-3.726	2.16381e-06
-3.728	2.12949e-06
-3.73	2.09568e-06
-3.732	2.06239e-06
-3.734	2.0296e-06
-3.736	1.99732e-06
-3.738	1.96552e-06
-3.74	1.93421e-06
-3.742	1.90338e-06
-3.744	1.87302e-06
-3.746	1.84312e-06
-3.748	1.81368e-06
-3.75	1.78469e-06
-3.752	1.75614e-06
-3.754	1.72803e-06
-3.756	1.70035e-06
-3.758	1.6731e-06
-3.76	1.64626e-06
-3.762	1.61984e-06
-3.764	1.59383e-06
-3.766	1.56821e-06
-3.768	1.54299e-06
-3.77	1.51816e-06
-3.772	1.49371e-06
-3.774	1.46964e-06
-3.776	1.44595e-06
-3.778	1.42262e-06
-3.78	1.39965e-06
-3.782	1.37703e-06
-3.784	1.35477e-06
-3.786	1.33285e-06
-3.788	1.31128e-06
-3.79	1.29004e-06
-3.792	1.26913e-06
-3.794	1.24854e-06
-3.796	1.22828e-06
-3.798	1.20833e-06
-3.8	1.18869e-06
-3.802	1.16936e-06
-3.804	1.15034e-06
-3.806	1.13161e-06
-3.808	1.11317e-06
-3.81	1.09502e-06
-3.812	1.07716e-06
-3.814	1.05958e-06
-3.816	1.04227e-06
-3.818	1.02524e-06
-3.82	1.00847e-06
-3.822	9.91967e-07
-3.824	9.75725e-07
-3.826	9.59738e-07
-3.828	9.44004e-07
-3.83	9.28518e-07
-3.832	9.13277e-07
-3.834	8.98276e-07
-3.836	8.83514e-07
-3.838	8.68984e-07
-3.84	8.54686e-07
-3.842	8.40614e-07
-3.844	8.26765e-07
-3.846	8.13136e-07
-3.848	7.99724e-07
-3.85	7.86525e-07
-3.852	7.73536e-07
-3.854	7.60754e-07
-3.856	7.48176e-07
-3.858	7.35798e-07
-3.86	7.23618e-07
-3.862	7.11633e-07
-3.864	6.99839e-07
-3.866	6.88234e-07
-3.868	6.76814e-07
-3.87	6.65578e-07
-3.872	6.54521e-07
-3.874	6.43642e-07
-3.876	6.32938e-07
-3.878	6.22405e-07
-3.88	6.12042e-07
-3.882	6.01845e-07
-3.884	5.91813e-07
-3.886	5.81942e-07
-3.888	5.72231e-07
-3.89	5.62676e-07
-3.892	5.53275e-07
-3.894	5.44026e-07
-3.896	5.34927e-07
-3.898	5.25975e-07
-3.9	5.17167e-07
-3.902	5.08502e-07
-3.904	4.99978e-07
-3.906	4.91592e-07
-3.908	4.83342e-07
-3.91	4.75226e-07
-3.912	4.67242e-07
-3.914	4.59388e-07
-3.916	4.51662e-07
-3.918	4.44061e-07
-3.92	4.36584e-07
-3.922	4.29229e-07
-3.924	4.21994e-07
-3.926	4.14878e-07
-3.928	4.07877e-07
-3.93	4.00991e-07
-3.932	3.94217e-07
-3.934	3.87555e-07
-3.936	3.81001e-07
-3.938	3.74555e-07
-3.94	3.68215e-07
-3.942	3.61979e-07
-3.944	3.55845e-07
-3.946	3.49812e-07
-3.948	3.43878e-07
-3.95	3.38041e-07
-3.952	3.32301e-07
-3.954	3.26655e-07
-3.956	3.21103e-07
-3.958	3.15642e-07
-3.96	3.10271e-07
-3.962	3.04988e-07
-3.964	2.99793e-07
-3.966	2.94684e-07
-3.968	2.8966e-07
-3.97	2.84718e-07
-3.972	2.79859e-07
-3.974	2.7508e-07
-3.976	2.7038e-07
-3.978	2.65758e-07
-3.98	2.61213e-07
-3.982	2.56744e-07
-3.984	2.52348e-07
-3.986	2.48026e-07
-3.988	2.43776e-07
-3.99	2.39597e-07
-3.992	2.35487e-07
-3.994	2.31445e-07
-3.996	2.27472e-07
-3.998	2.23564e-07
-4	2.19722e-07
-4.002	2.15944e-07
-4.004	2.12229e-07
-4.006	2.08576e-07
-4.008	2.04985e-07
-4.01	2.01453e-07
-4.012	1.97981e-07
-4.014	1.94567e-07
-4.016	1.9121e-07
-4.018	1.8791e-07
-4.02	1.84665e-07
-4.022	1.81475e-07
-4.024	1.78338e-07
-4.026	1.75254e-07
-4.028	1.72222e-07
-4.03	1.69241e-07
-4.032	1.6631e-07
-4.034	1.63429e-07
-4.036	1.60596e-07
-4.038	1.57812e-07
-4.04	1.55074e-07
-4.042	1.52382e-07
-4.044	1.49736e-07
-4.046	1.47135e-07
-4.048	1.44578e-07
-4.05	1.42064e-07
-4.052	1.39593e-07
-4.054	1.37163e-07
-4.056	1.34775e-07
-4.058	1.32427e-07
-4.06	1.3012e-07
-4.062	1.27851e-07
-4.064	1.25621e-07
-4.066	1.23429e-07
-4.068	1.21274e-07
-4.07	1.19156e-07
-4.072	1.17074e-07
-4.074	1.15028e-07
-4.076	1.13016e-07
-4.078	1.11039e-07
-4.08	1.09095e-07
-4.082	1.07185e-07
-4.084	1.05307e-07
-4.086	1.03462e-07
-4.088	1.01648e-07
-4.09	9.9865e-08
-4.092	9.81126e-08
-4.094	9.63902e-08
-4.096	9.46973e-08
-4.098	9.30335e-08
-4.1	9.13983e-08
-4.102	8.97911e-08
-4.104	8.82115e-08
-4.106	8.66591e-08
-4.108	8.51333e-08
-4.11	8.36338e-08
-4.112	8.21601e-08
-4.114	8.07118e-08
-4.116	7.92884e-08
-4.118	7.78896e-08
-4.12	7.65149e-08
-4.122	7.51639e-08
-4.124	7.38362e-08
-4.126	7.25315e-08
-4.128	7.12493e-08
-4.13	6.99892e-08
-4.132	6.87509e-08
-4.134	6.75341e-08
-4.136	6.63383e-08
-4.138	6.51633e-08
-4.14	6.40086e-08
-4.142	6.28739e-08
-4.144	6.17589e-08
-4.146	6.06632e-08
-4.148	5.95866e-08
-4.15	5.85286e-08
-4.152	5.74891e-08
-4.154	5.64676e-08
-4.156	5.54639e-08
-4.158	5.44776e-08
-4.16	5.35085e-08
-4.162	5.25563e-08
-4.164	5.16206e-08
-4.166	5.07013e-08
-4.168	4.9798e-08
-4.17	4.89105e-08
-4.172	4.80384e-08
-4.174	4.71816e-08
-4.176	4.63398e-08
-4.178	4.55126e-08
-4.18	4.47e-08
-4.182	4.39015e-08
-4.184	4.3117e-08
-4.186	4.23463e-08
-4.188	4.1589e-08
-4.19	4.0845e-08
-4.192	4.01141e-08
-4.194	3.9396e-08
-4.196	3.86904e-08
-4.198	3.79973e-08
-4.2	3.73163e-08
-4.202	3.66473e-08
-4.204	3.59901e-08
-4.206	3.53444e-08
-4.208	3.47101e-08
-4.21	3.40869e-08
-4.212	3.34747e-08
-4.214	3.28733e-08
-4.216	3.22824e-08
-4.218	3.1702e-08
-4.22	3.11319e-08
-4.222	3.05718e-08
-4.224	3.00215e-08
-4.226	2.9481e-08
-4.228	2.89501e-08
-4.23	2.84285e-08
-4.232	2.79161e-08
-4.234	2.74128e-08
-4.236	2.69184e-08
-4.238	2.64328e-08
-4.24	2.59557e-08
-4.242	2.54871e-08
-4.244	2.50268e-08
-4.246	2.45747e-08
-4.248	2.41306e-08
-4.25	2.36943e-08
-4.252	2.32659e-08
-4.254	2.2845e-08
-4.256	2.24316e-08
-4.258	2.20255e-08
-4.26	2.16266e-08
-4.262	2.12349e-08
-4.264	2.08501e-08
-4.266	2.04722e-08
-4.268	2.0101e-08
-4.27	1.97364e-08
-4.272	1.93783e-08
-4.274	1.90266e-08
-4.276	1.86811e-08
-4.278	1.83418e-08
-4.28	1.80086e-08
-4.282	1.76813e-08
-4.284	1.73599e-08
-4.286	1.70442e-08
-4.288	1.67341e-08
-4.29	1.64296e-08
-4.292	1.61306e-08
-4.294	1.58369e-08
-4.296	1.55484e-08
-4.298	1.52651e-08
-4.3	1.49869e-08
-4.302	1.47137e-08
-4.304	1.44453e-08
-4.306	1.41818e-08
-4.308	1.3923e-08
-4.31	1.36689e-08
-4.312	1.34193e-08
-4.314	1.31742e-08
-4.316	1.29335e-08
-4.318	1.26971e-08
-4.32	1.24649e-08
-4.322	1.2237e-08
-4.324	1.20131e-08
-4.326	1.17933e-08
-4.328	1.15774e-08
-4.33	1.13655e-08
-4.332	1.11573e-08
-4.334	1.09529e-08
-4.336	1.07521e-08
-4.338	1.0555e-08
-4.34	1.03615e-08
-4.342	1.01714e-08
-4.344	9.98478e-09
-4.346	9.80152e-09
-4.348	9.62157e-09
-4.35	9.44487e-09
-4.352	9.27136e-09
-4.354	9.10099e-09
-4.356	8.93371e-09
-4.358	8.76945e-09
-4.36	8.60816e-09
-4.362	8.44979e-09
-4.364	8.29429e-09
-4.366	8.14161e-09
-4.368	7.9917e-09
-4.37	7.8445e-09
-4.372	7.69998e-09
-4.374	7.55807e-09
-4.376	7.41874e-09
-4.378	7.28194e-09
-4.38	7.14762e-09
-4.382	7.01575e-09
-4.384	6.88627e-09
-4.386	6.75914e-09
-4.388	6.63433e-09
-4.39	6.51178e-09
-4.392	6.39147e-09
-4.394	6.27334e-09
-4.396	6.15737e-09
-4.398	6.0435e-09
-4.4	5.93171e-09
-4.402	5.82196e-09
-4.404	5.71421e-09
-4.406	5.60843e-09
-4.408	5.50457e-09
-4.41	5.40261e-09
-4.412	5.30251e-09
-4.414	5.20424e-09
-4.416	5.10776e-09
-4.418	5.01304e-09
-4.42	4.92006e-09
-4.422	4.82877e-09
-4.424	4.73916e-09
-4.426	4.65118e-09
-4.428	4.56481e-09
-4.43	4.48003e-09
-4.432	4.39679e-09
-4.434	4.31508e-09
-4.436	4.23487e-09
-4.438	4.15613e-09
-4.44	4.07883e-09
-4.442	4.00294e-09
-4.444	3.92845e-09
-4.446	3.85533e-09
-4.448	3.78355e-09
-4.45	3.71308e-09
-4.452	3.64391e-09
-4.454	3.57601e-09
-4.456	3.50936e-09
-4.458	3.44393e-09
-4.46	3.3797e-09
-4.462	3.31666e-09
-4.464	3.25478e-09
-4.466	3.19403e-09
-4.468	3.1344e-09
-4.47	3.07587e-09
-4.472	3.01842e-09
-4.474	2.96202e-09
-4.476	2.90667e-09
-4.478	2.85234e-09
-4.48	2.799e-09
-4.482	2.74665e-09
-4.484	2.69527e-09
-4.486	2.64483e-09
-4.488	2.59533e-09
-4.49	2.54674e-09
-4.492	2.49904e-09
-4.494	2.45223e-09
-4.496	2.40628e-09
-4.498	2.36119e-09
-4.5	2.31692e-09
-4.502	2.27348e-09
-4.504	2.23083e-09
-4.506	2.18898e-09
-4.508	2.1479e-09
-4.51	2.10758e-09
-4.512	2.06801e-09
-4.514	2.02917e-09
-4.516	1.99105e-09
-4.518	1.95364e-09
-4.52	1.91692e-09
-4.522	1.88088e-09
-4.524	1.84552e-09
-4.526	1.8108e-09
-4.528	1.77673e-09
-4.53	1.7433e-09
-4.532	1.71048e-09
-4.534	1.67827e-09
-4.536	1.64667e-09
-4.538	1.61564e-09
-4.54	1.5852e-09
-4.542	1.55532e-09
-4.544	1.526e-09
-4.546	1.49722e-09
-4.548	1.46898e-09
-4.55	1.44127e-09
-4.552	1.41407e-09
-4.554	1.38737e-09
-4.556	1.36118e-09
-4.558	1.33547e-09
-4.56	1.31024e-09
-4.562	1.28548e-09
-4.564	1.26118e-09
-4.566	1.23734e-09
-4.568	1.21394e-09
-4.57	1.19098e-09
-4.572	1.16844e-09
-4.574	1.14633e-09
-4.576	1.12463e-09
-4.578	1.10334e-09
-4.58	1.08244e-09
-4.582	1.06193e-09
-4.584	1.04181e-09
-4.586	1.02206e-09
-4.588	1.00269e-09
-4.59	9.83671e-10
-4.592	9.65012e-10
-4.594	9.46702e-10
-4.596	9.28735e-10
-4.598	9.11105e-10
-4.6	8.93805e-10
-4.602	8.76828e-10
-4.604	8.6017e-10
-4.606	8.43825e-10
-4.608	8.27785e-10
-4.61	8.12047e-10
-4.612	7.96604e-10
-4.614	7.8145e-10
-4.616	7.66582e-10
-4.618	7.51992e-10
-4.62	7.37676e-10
-4.622	7.23629e-10
-4.624	7.09846e-10
-4.626	6.96322e-10
-4.628	6.83052e-10
-4.63	6.70032e-10
-4.632	6.57257e-10
-4.634	6.44722e-10
-4.636	6.32422e-10
-4.638	6.20355e-10
-4.64	6.08514e-10
-4.642	5.96896e-10
-4.644	5.85498e-10
-4.646	5.74314e-10
-4.648	5.6334e-10
-4.65	5.52574e-10
-4.652	5.4201e-10
-4.654	5.31646e-10
-4.656	5.21477e-10
-4.658	5.11501e-10
-4.66	5.01712e-10
-4.662	4.92108e-10
-4.664	4.82686e-10
-4.666	4.73441e-10
-4.668	4.64371e-10
-4.67	4.55473e-10
-4.672	4.46742e-10
-4.674	4.38177e-10
-4.676	4.29774e-10
-4.678	4.21529e-10
-4.68	4.13441e-10
-4.682	4.05505e-10
-4.684	3.9772e-10
-4.686	3.90082e-10
-4.688	3.82589e-10
-4.69	3.75238e-10
-4.692	3.68026e-10
-4.694	3.60951e-10
-4.696	3.5401e-10
-4.698	3.472e-10
-4.7	3.4052e-10
-4.702	3.33966e-10
-4.704	3.27537e-10
-4.706	3.2123e-10
-4.708	3.15042e-10
-4.71	3.08972e-10
-4.712	3.03018e-10
-4.714	2.97176e-10
-4.716	2.91445e-10
-4.718	2.85824e-10
-4.72	2.80309e-10
-4.722	2.74899e-10
-4.724	2.69592e-10
-4.726	2.64386e-10
-4.728	2.59279e-10
-4.73	2.5427e-10
-4.732	2.49355e-10
-4.734	2.44535e-10
-4.736	2.39806e-10
-4.738	2.35167e-10
-4.74	2.30617e-10
-4.742	2.26153e-10
-4.744	2.21775e-10
-4.746	2.1748e-10
-4.748	2.13267e-10
-4.75	2.09134e-10
-4.752	2.05081e-10
-4.754	2.01104e-10
-4.756	1.97204e-10
-4.758	1.93378e-10
-4.76	1.89625e-10
-4.762	1.85945e-10
-4.764	1.82334e-10
-4.766	1.78792e-10
-4.768	1.75319e-10
-4.77	1.71911e-10
-4.772	1.68569e-10
-4.774	1.65291e-10
-4.776	1.62076e-10
-4.778	1.58922e-10
-4.78	1.55829e-10
-4.782	1.52795e-10
-4.784	1.49819e-10
-4.786	1.469e-10
-4.788	1.44037e-10
-4.79	1.41229e-10
-4.792	1.38475e-10
-4.794	1.35774e-10
-4.796	1.33125e-10
-4.798	1.30526e-10
-4.8	1.27978e-10
-4.802	1.25478e-10
-4.804	1.23027e-10
-4.806	1.20623e-10
-4.808	1.18265e-10
-4.81	1.15952e-10
-4.812	1.13684e-10
-4.814	1.11459e-10
-4.816	1.09277e-10
-4.818	1.07138e-10
-4.82	1.05039e-10
-4.822	1.02981e-10
-4.824	1.00963e-10
-4.826	9.89832e-11
-4.828	9.70419e-11
-4.83	9.5138e-11
-4.832	9.32709e-11
-4.834	9.14398e-11
-4.836	8.96441e-11
-4.838	8.78831e-11
-4.84	8.61561e-11
-4.842	8.44624e-11
-4.844	8.28015e-11
-4.846	8.11727e-11
-4.848	7.95754e-11
-4.85	7.8009e-11
-4.852	7.6473e-11
-4.854	7.49666e-11
-4.856	7.34894e-11
-4.858	7.20409e-11
-4.86	7.06204e-11
-4.862	6.92274e-11
-4.864	6.78614e-11
-4.866	6.6522e-11
-4.868	6.52085e-11
-4.87	6.39205e-11
-4.872	6.26575e-11
-4.874	6.1419e-11
-4.876	6.02046e-11
-4.878	5.90137e-11
-4.88	5.7846e-11
-4.882	5.6701e-11
-4.884	5.55783e-11
-4.886	5.44774e-11
-4.888	5.33979e-11
-4.89	5.23395e-11
-4.892	5.13016e-11
-4.894	5.0284e-11
-4.896	4.92862e-11
-4.898	4.83078e-11
-4.9	4.73485e-11
-4.902	4.64079e-11
-4.904	4.54857e-11
-4.906	4.45814e-11
-4.908	4.36948e-11
-4.91	4.28255e-11
-4.912	4.19732e-11
-4.914	4.11376e-11
-4.916	4.03182e-11
-4.918	3.95149e-11
-4.92	3.87273e-11
-4.922	3.79551e-11
-4.924	3.71981e-11
-4.926	3.64558e-11
-4.928	3.57281e-11
-4.93	3.50146e-11
-4.932	3.43151e-11
-4.934	3.36293e-11
-4.936	3.2957e-11
-4.938	3.22979e-11
-4.94	3.16517e-11
-4.942	3.10181e-11
-4.944	3.03971e-11
-4.946	2.97882e-11
-4.948	2.91913e-11
-4.95	2.86061e-11
-4.952	2.80324e-11
-4.954	2.747e-11
-4.956	2.69187e-11
-4.958	2.63782e-11
-4.96	2.58484e-11
-4.962	2.5329e-11
-4.964	2.48198e-11
-4.966	2.43207e-11
-4.968	2.38314e-11
-4.97	2.33518e-11
-4.972	2.28816e-11
-4.974	2.24207e-11
-4.976	2.19689e-11
-4.978	2.1526e-11
-4.98	2.10919e-11
-4.982	2.06664e-11
-4.984	2.02493e-11
-4.986	1.98404e-11
-4.988	1.94396e-11
-4.99	1.90468e-11
-4.992	1.86617e-11
-4.994	1.82843e-11
-4.996	1.79144e-11
-4.998	1.75517e-11
